日期,股票代码,开盘,收盘,最高,最低,成交量,成交额,振幅,涨跌幅,涨跌额,换手率
2021-05-10,001203,10.78,12.93,12.93,10.78,23562,30402156.0,23.94,43.99,3.95,1.08
2021-05-11,001203,14.22,14.22,14.22,14.22,4758,6765904.0,0.0,9.98,1.29,0.22
2021-05-12,001203,15.64,15.64,15.64,15.64,2317,3624069.0,0.0,9.99,1.42,0.11
2021-05-13,001203,17.2,17.2,17.2,17.2,10990,18903195.0,0.0,9.97,1.56,0.5
2021-05-14,001203,18.92,18.92,18.92,18.92,22127,41864170.0,0.0,10.0,1.72,1.01
2021-05-17,001203,20.81,20.81,20.81,20.81,13852,28825637.0,0.0,9.99,1.89,0.63
2021-05-18,001203,22.89,22.89,22.89,22.89,158077,361837744.0,0.0,10.0,2.08,7.22
2021-05-19,001203,25.18,25.18,25.18,25.18,73482,185028532.0,0.0,10.0,2.29,3.36
2021-05-20,001203,27.0,27.7,27.7,24.08,1427418,3757951232.0,14.38,10.01,2.52,65.2
2021-05-21,001203,26.0,26.51,29.44,25.01,1199789,3251918800.0,15.99,-4.3,-1.19,54.8
2021-05-24,001203,25.25,26.81,26.96,25.08,771948,2003792992.0,7.09,1.13,0.3,35.26
2021-05-25,001203,26.98,25.4,26.99,25.21,671859,1739004544.0,6.64,-5.26,-1.41,30.69
2021-05-26,001203,24.7,25.5,26.05,24.25,668930,1681687360.0,7.09,0.39,0.1,30.55
2021-05-27,001203,25.21,26.23,26.8,24.83,713742,1835088992.0,7.73,2.86,0.73,32.6
2021-05-28,001203,27.0,24.72,27.28,24.66,761368,1968658736.0,9.99,-5.76,-1.51,34.78
2021-05-31,001203,24.9,24.2,24.95,22.91,501863,1213754096.0,8.25,-2.1,-0.52,22.92
2021-06-01,001203,24.51,25.57,26.16,23.75,760946,1911273680.0,9.96,5.66,1.37,34.76
2021-06-02,001203,25.01,23.84,25.19,23.82,557799,1364424752.0,5.36,-6.77,-1.73,25.48
2021-06-03,001203,23.63,23.75,24.55,23.6,366875,882407840.0,3.98,-0.38,-0.09,16.76
2021-06-04,001203,23.02,22.06,23.18,22.05,461554,1036745120.0,4.76,-7.12,-1.69,21.08
2021-06-07,001203,21.99,21.3,22.28,21.24,306831,665421152.0,4.71,-3.45,-0.76,14.01
2021-06-08,001203,21.26,21.79,22.2,21.03,299577,646806080.0,5.49,2.3,0.49,13.68
2021-06-09,001203,21.93,22.16,22.68,21.65,357161,794437424.0,4.73,1.7,0.37,16.31
2021-06-10,001203,21.71,21.59,21.95,21.27,264009,569169856.0,3.07,-2.57,-0.57,12.06
2021-06-11,001203,21.95,22.35,22.74,21.73,395500,881531328.0,4.68,3.52,0.76,18.06
2021-06-15,001203,22.01,21.2,22.31,21.05,273908,588545152.0,5.64,-5.15,-1.15,12.51
2021-06-16,001203,21.0,19.68,21.0,19.6,285374,573936096.0,6.6,-7.17,-1.52,13.03
2021-06-17,001203,19.63,19.83,20.08,19.63,156553,310009504.0,2.29,0.76,0.15,7.15
2021-06-18,001203,19.7,20.1,20.58,19.28,222947,443569952.0,6.56,1.36,0.27,10.18
2021-06-21,001203,19.66,20.06,20.49,19.61,196589,396294032.0,4.38,-0.2,-0.04,8.98
2021-06-22,001203,19.91,20.5,20.63,19.9,256395,520493952.0,3.64,2.19,0.44,11.71
2021-06-23,001203,20.55,20.74,21.02,20.26,257683,533031392.0,3.71,1.17,0.24,11.77
2021-06-24,001203,20.7,21.47,21.51,20.05,351379,736272384.0,7.04,3.52,0.73,16.05
2021-06-25,001203,21.35,21.22,21.77,20.92,241481,514735440.0,3.96,-1.16,-0.25,11.03
2021-06-28,001203,20.8,20.55,21.05,20.41,198650,411700672.0,3.02,-3.16,-0.67,9.07
2021-06-29,001203,20.42,20.1,20.91,20.05,185101,376876624.0,4.18,-2.19,-0.45,8.45
2021-06-30,001203,20.19,20.15,20.44,20.02,131422,265469930.0,2.09,0.25,0.05,6.0
2021-07-01,001203,20.17,20.4,20.84,19.91,212176,433217184.0,4.62,1.24,0.25,9.69
2021-07-02,001203,20.08,19.08,20.1,19.02,243979,473968032.0,5.29,-6.47,-1.32,11.14
2021-07-05,001203,19.08,20.99,20.99,19.04,402667,827549136.0,10.22,10.01,1.91,18.39
2021-07-06,001203,20.81,20.59,21.26,20.33,297462,615418384.0,4.43,-1.91,-0.4,13.59
2021-07-07,001203,20.36,21.3,21.8,20.36,341859,731549984.0,6.99,3.45,0.71,15.61
2021-07-08,001203,21.21,21.12,21.35,20.73,234974,494813488.0,2.91,-0.85,-0.18,10.73
2021-07-09,001203,20.83,20.75,21.28,20.02,236554,488771312.0,5.97,-1.75,-0.37,10.8
2021-07-12,001203,21.08,20.62,21.35,20.48,233014,486009664.0,4.19,-0.63,-0.13,10.64
2021-07-13,001203,20.7,21.64,21.76,20.28,359883,762786688.0,7.18,4.95,1.02,16.44
2021-07-14,001203,21.47,20.89,21.88,20.63,307058,653786512.0,5.78,-3.47,-0.75,14.02
2021-07-15,001203,21.5,21.88,22.77,21.25,444271,982489840.0,7.28,4.74,0.99,20.29
2021-07-16,001203,22.12,22.84,23.32,21.8,436078,988019184.0,6.95,4.39,0.96,19.92
2021-07-19,001203,22.84,21.47,22.84,21.37,346159,756998688.0,6.44,-6.0,-1.37,15.81
2021-07-20,001203,20.77,20.52,20.77,20.22,232486,475435168.0,2.56,-4.42,-0.95,10.62
2021-07-21,001203,20.55,20.5,20.68,20.33,176586,362115456.0,1.71,-0.1,-0.02,8.07
2021-07-22,001203,20.38,20.51,20.73,19.91,193827,393913776.0,4.0,0.05,0.01,8.85
2021-07-23,001203,20.24,20.4,21.27,20.15,210771,437261456.0,5.46,-0.54,-0.11,9.63
2021-07-26,001203,20.4,19.43,20.4,19.28,210687,414860960.0,5.49,-4.75,-0.97,9.62
2021-07-27,001203,19.45,19.06,19.93,19.02,157833,307109728.0,4.68,-1.9,-0.37,7.21
2021-07-28,001203,18.96,17.35,18.96,17.17,204418,362093488.0,9.39,-8.97,-1.71,9.34
2021-07-29,001203,17.6,17.73,17.84,17.38,130135,229312148.0,2.65,2.19,0.38,5.94
2021-07-30,001203,17.4,17.31,17.63,17.18,151268,262195531.0,2.54,-2.37,-0.42,6.91
2021-08-02,001203,17.11,17.43,17.52,16.69,147444,252443059.0,4.79,0.69,0.12,6.73
2021-08-03,001203,17.56,17.5,17.96,17.44,144540,255368423.0,2.98,0.4,0.07,6.6
2021-08-04,001203,17.63,17.9,18.07,17.5,134647,239599455.0,3.26,2.29,0.4,6.15
2021-08-05,001203,17.59,17.2,17.73,17.14,152425,265074553.0,3.3,-3.91,-0.7,6.96
2021-08-06,001203,17.05,17.39,17.73,16.92,100725,175177542.0,4.71,1.1,0.19,4.6
2021-08-09,001203,17.43,17.76,17.95,17.4,126734,224180642.0,3.16,2.13,0.37,5.79
2021-08-10,001203,17.51,17.67,17.89,17.5,111858,197688446.0,2.2,-0.51,-0.09,5.11
2021-08-11,001203,17.78,18.24,18.5,17.7,177864,321255808.0,4.53,3.23,0.57,8.12
2021-08-12,001203,18.07,18.25,18.34,17.9,129682,235123984.0,2.41,0.05,0.01,5.92
2021-08-13,001203,18.15,18.44,18.65,18.0,136307,250660144.0,3.56,1.04,0.19,6.23
2021-08-16,001203,18.56,18.33,18.75,18.26,119203,219586529.0,2.66,-0.6,-0.11,5.44
2021-08-17,001203,18.26,18.7,19.34,18.11,222673,420273712.0,6.71,2.02,0.37,10.17
2021-08-18,001203,18.53,18.92,18.95,18.35,152778,284564048.0,3.21,1.18,0.22,6.98
2021-08-19,001203,18.57,18.57,18.69,18.21,131902,243137452.0,2.54,-1.85,-0.35,6.02
2021-08-20,001203,18.3,18.23,18.95,18.16,139068,256302583.0,4.25,-1.83,-0.34,6.35
2021-08-23,001203,18.0,18.11,18.47,17.91,132917,241926405.0,3.07,-0.66,-0.12,6.07
2021-08-24,001203,18.09,18.93,19.27,18.06,257753,485841072.0,6.68,4.53,0.82,11.77
2021-08-25,001203,19.04,18.62,19.11,18.51,140504,261841398.0,3.17,-1.64,-0.31,6.42
2021-08-26,001203,18.56,19.2,19.78,18.56,273190,524095632.0,6.55,3.11,0.58,12.48
2021-08-27,001203,19.0,19.28,19.54,18.86,202682,390186784.0,3.54,0.42,0.08,9.26
2021-08-30,001203,20.8,21.21,21.21,20.4,166354,349213952.0,4.2,10.01,1.93,7.6
2021-08-31,001203,21.2,21.31,22.65,21.0,575405,1258119504.0,7.78,0.47,0.1,26.28
2021-09-01,001203,21.1,19.92,22.3,19.58,442352,927872384.0,12.76,-6.52,-1.39,20.2
2021-09-02,001203,19.67,20.02,20.48,19.67,280316,563073856.0,4.07,0.5,0.1,12.8
2021-09-03,001203,19.95,19.74,20.77,19.54,269580,541492208.0,6.14,-1.4,-0.28,12.31
2021-09-06,001203,19.97,19.26,20.02,18.68,231054,442463872.0,6.79,-2.43,-0.48,10.55
2021-09-07,001203,19.2,19.84,19.95,19.2,205488,403783520.0,3.89,3.01,0.58,9.39
2021-09-08,001203,19.64,20.39,20.75,19.63,261694,532252848.0,5.65,2.77,0.55,11.95
2021-09-09,001203,20.08,20.47,20.8,20.07,215484,440033424.0,3.58,0.39,0.08,9.84
2021-09-10,001203,20.43,20.14,20.43,19.53,234976,468733888.0,4.4,-1.61,-0.33,10.73
2021-09-13,001203,20.14,19.88,20.35,19.66,156079,311825856.0,3.43,-1.29,-0.26,7.13
2021-09-14,001203,19.84,18.82,19.84,18.76,220019,420758704.0,5.43,-5.33,-1.06,10.05
2021-09-15,001203,18.55,18.88,19.46,18.3,150754,284864128.0,6.16,0.32,0.06,6.89
2021-09-16,001203,18.82,18.1,19.05,18.1,161436,299146608.0,5.03,-4.13,-0.78,7.37
2021-09-17,001203,17.91,17.96,18.3,17.63,110314,198120368.0,3.7,-0.77,-0.14,5.04
2021-09-22,001203,17.48,18.21,18.45,17.32,143940,255215756.0,6.29,1.39,0.25,6.57
2021-09-23,001203,18.3,18.22,18.84,18.03,117962,216479302.0,4.45,0.05,0.01,5.39
2021-09-24,001203,18.08,17.93,18.29,17.84,79869,143473094.0,2.47,-1.59,-0.29,3.65
2021-09-27,001203,18.01,17.19,18.1,17.15,94269,164057678.0,5.3,-4.13,-0.74,4.31
2021-09-28,001203,17.02,17.29,17.37,17.02,45807,78817947.0,2.04,0.58,0.1,2.09
2021-09-29,001203,17.22,16.99,17.35,16.99,58864,100646754.0,2.08,-1.74,-0.3,2.69
2021-09-30,001203,17.24,17.31,17.6,17.12,60765,102953990.0,2.83,1.88,0.32,2.78
2021-10-08,001203,17.33,17.55,17.55,17.3,54952,93415138.0,1.44,1.39,0.24,2.51
2021-10-11,001203,17.62,17.85,17.87,17.41,64571,111208503.0,2.62,1.71,0.3,2.95
2021-10-12,001203,17.62,17.35,17.73,17.2,59507,101251236.0,2.97,-2.8,-0.5,2.72
2021-10-13,001203,17.21,17.35,17.44,17.2,36448,61558898.0,1.38,0.0,0.0,1.66
2021-10-14,001203,17.68,17.81,17.88,17.54,77022,133765689.0,1.96,2.65,0.46,3.52
2021-10-15,001203,17.68,17.73,17.98,17.58,54889,94974522.0,2.25,-0.45,-0.08,2.51
2021-10-18,001203,17.78,17.92,17.98,17.62,63966,111720407.0,2.03,1.07,0.19,2.92
2021-10-19,001203,17.84,17.79,17.94,17.69,46599,81109981.0,1.4,-0.73,-0.13,2.13
2021-10-20,001203,17.66,17.45,17.66,17.31,59742,101878339.0,1.97,-1.91,-0.34,2.73
2021-10-21,001203,17.5,17.42,17.77,17.35,51021,87480535.0,2.41,-0.17,-0.03,2.33
2021-10-22,001203,17.31,17.11,17.32,17.03,54883,91983711.0,1.66,-1.78,-0.31,2.51
2021-10-25,001203,17.14,17.33,17.33,17.0,38674,65127991.0,1.93,1.29,0.22,1.77
2021-10-26,001203,17.35,17.27,17.48,17.25,47653,80843059.0,1.33,-0.35,-0.06,2.18
2021-10-27,001203,17.17,16.52,17.2,16.51,89704,146002449.0,4.0,-4.34,-0.75,4.1
2021-10-28,001203,16.4,15.52,16.41,15.45,99391,152463351.0,5.81,-6.05,-1.0,4.54
2021-10-29,001203,15.43,15.58,15.74,15.43,45564,69278059.0,2.0,0.39,0.06,2.08
2021-11-01,001203,15.53,15.7,15.82,15.44,45880,69938687.0,2.44,0.77,0.12,2.1
2021-11-02,001203,15.69,15.02,15.76,14.94,92834,138136477.0,5.22,-4.33,-0.68,4.24
2021-11-03,001203,15.16,15.22,15.25,14.87,57823,84852852.0,2.53,1.33,0.2,2.64
2021-11-04,001203,15.19,15.22,15.31,15.09,41380,61203600.0,1.45,0.0,0.0,1.89
2021-11-05,001203,15.18,14.91,15.27,14.91,55462,81309703.0,2.37,-2.04,-0.31,2.53
2021-11-08,001203,14.95,15.17,15.26,14.95,43713,64446078.0,2.08,1.74,0.26,2.0
2021-11-09,001203,15.14,15.23,15.26,15.12,31842,47138460.0,0.92,0.4,0.06,1.45
2021-11-10,001203,15.05,14.98,15.05,14.63,99793,143270596.0,2.76,-1.64,-0.25,4.56
2021-11-11,001203,15.01,15.4,15.45,15.0,97003,144707952.0,3.0,2.8,0.42,4.43
2021-11-12,001203,15.37,15.36,15.38,15.24,54567,81353518.0,0.91,-0.26,-0.04,2.49
2021-11-15,001203,15.3,15.46,15.48,15.15,63022,94161711.0,2.15,0.65,0.1,2.88
2021-11-16,001203,15.49,15.23,15.58,15.14,61651,92100519.0,2.85,-1.49,-0.23,2.82
2021-11-17,001203,15.13,15.29,15.36,15.13,36927,54924855.0,1.51,0.39,0.06,1.69
2021-11-18,001203,15.21,15.48,15.57,15.19,86185,129553346.0,2.49,1.24,0.19,3.94
2021-11-19,001203,15.42,15.49,15.54,15.23,60442,90554066.0,2.0,0.06,0.01,2.76
2021-11-22,001203,15.6,15.61,15.65,15.43,67515,102320333.0,1.42,0.77,0.12,3.08
2021-11-23,001203,15.82,16.65,17.1,15.74,240921,388007712.0,8.71,6.66,1.04,11.0
2021-11-24,001203,16.4,16.45,16.48,16.14,146914,234022692.0,2.04,-1.2,-0.2,6.71
2021-11-25,001203,16.35,16.23,16.6,16.22,80028,127360967.0,2.31,-1.34,-0.22,3.66
2021-11-26,001203,16.03,16.11,16.47,15.9,80116,126712273.0,3.51,-0.74,-0.12,3.66
2021-11-29,001203,15.82,16.3,16.35,15.6,80282,126070255.0,4.66,1.18,0.19,3.67
2021-11-30,001203,16.3,16.1,16.36,16.01,66350,104764401.0,2.15,-1.23,-0.2,3.03
2021-12-01,001203,16.13,16.29,16.38,16.02,58598,92956082.0,2.24,1.18,0.19,2.68
2021-12-02,001203,16.21,16.05,16.29,16.02,54250,85249560.0,1.66,-1.47,-0.24,2.48
2021-12-03,001203,16.15,16.04,16.2,15.93,42267,66217108.0,1.68,-0.06,-0.01,1.93
2021-12-06,001203,16.1,15.78,16.31,15.75,63471,99397180.0,3.49,-1.62,-0.26,2.9
2021-12-07,001203,16.14,16.63,17.28,15.88,209311,338274544.0,8.87,5.39,0.85,9.56
2021-12-08,001203,16.65,16.45,16.7,16.28,117351,187855935.0,2.53,-1.08,-0.18,5.36
2021-12-09,001203,16.3,16.31,16.49,16.28,79050,126131004.0,1.28,-0.85,-0.14,3.61
2021-12-10,001203,16.24,16.42,16.63,16.18,96664,155393719.0,2.76,0.67,0.11,4.42
2021-12-13,001203,16.55,16.45,16.58,16.26,73868,118298705.0,1.95,0.18,0.03,3.37
2021-12-14,001203,16.35,16.24,16.36,16.21,57079,90579640.0,0.91,-1.28,-0.21,2.61
2021-12-15,001203,16.28,16.2,16.34,16.16,48029,76047188.0,1.11,-0.25,-0.04,2.19
2021-12-16,001203,16.28,16.48,16.54,16.23,76628,122737447.0,1.91,1.73,0.28,3.5
2021-12-17,001203,16.57,16.36,16.64,16.28,65495,104938892.0,2.18,-0.73,-0.12,2.99
2021-12-20,001203,16.26,15.93,16.27,15.91,68194,106730905.0,2.2,-2.63,-0.43,3.11
2021-12-21,001203,15.93,16.08,16.14,15.93,36313,56778766.0,1.32,0.94,0.15,1.66
2021-12-22,001203,16.12,15.96,16.15,15.93,41267,64273167.0,1.37,-0.75,-0.12,1.88
2021-12-23,001203,15.86,15.77,15.97,15.76,52434,80861038.0,1.32,-1.19,-0.19,2.39
2021-12-24,001203,15.86,15.36,15.91,15.34,62938,95267820.0,3.61,-2.6,-0.41,2.87
2021-12-27,001203,15.25,15.35,15.51,15.05,33108,49571518.0,2.99,-0.07,-0.01,1.51
2021-12-28,001203,15.36,15.41,15.59,15.26,30254,45455924.0,2.15,0.39,0.06,1.38
2021-12-29,001203,15.46,15.45,15.51,15.3,29360,44127138.0,1.36,0.26,0.04,1.34
2021-12-30,001203,15.45,15.43,15.55,15.42,34305,51694196.0,0.84,-0.13,-0.02,1.57
2021-12-31,001203,15.44,15.48,15.52,15.38,31288,47165637.0,0.91,0.32,0.05,1.43
2022-01-04,001203,15.48,15.6,15.65,15.45,38083,57770195.0,1.29,0.78,0.12,1.74
2022-01-05,001203,15.66,15.42,15.7,15.41,42142,63614535.0,1.86,-1.15,-0.18,1.92
2022-01-06,001203,15.42,15.59,15.65,15.41,41732,63293988.0,1.56,1.1,0.17,1.91
2022-01-07,001203,15.57,15.64,15.78,15.56,52103,79578039.0,1.41,0.32,0.05,2.38
2022-01-10,001203,15.64,15.71,15.74,15.48,36429,55487900.0,1.66,0.45,0.07,1.66
2022-01-11,001203,15.74,15.86,16.07,15.71,80973,125461289.0,2.29,0.95,0.15,3.7
2022-01-12,001203,15.94,16.0,16.04,15.8,56306,87455335.0,1.51,0.88,0.14,2.57
2022-01-13,001203,16.07,15.87,16.14,15.84,53367,83031993.0,1.88,-0.81,-0.13,2.44
2022-01-14,001203,15.75,15.55,15.87,15.5,54500,83096965.0,2.33,-2.02,-0.32,2.49
2022-01-17,001203,15.54,15.62,15.66,15.42,29616,44955460.0,1.54,0.45,0.07,1.35
2022-01-18,001203,15.66,15.57,15.7,15.48,34048,51676007.0,1.41,-0.32,-0.05,1.56
2022-01-19,001203,15.82,15.97,16.24,15.73,99206,154182716.0,3.28,2.57,0.4,4.53
2022-01-20,001203,15.83,16.22,16.42,15.81,136718,215683806.0,3.82,1.57,0.25,6.24
2022-01-21,001203,16.17,16.04,16.2,15.86,68068,105977167.0,2.1,-1.11,-0.18,3.11
2022-01-24,001203,16.07,15.73,16.15,15.69,46719,72350131.0,2.87,-1.93,-0.31,2.13
2022-01-25,001203,15.61,14.83,15.65,14.83,79730,117537890.0,5.21,-5.72,-0.9,3.64
2022-01-26,001203,14.81,14.9,15.01,14.74,32396,46914449.0,1.82,0.47,0.07,1.48
2022-01-27,001203,14.81,14.53,15.03,14.45,44479,63566252.0,3.89,-2.48,-0.37,2.03
2022-01-28,001203,14.73,14.9,14.96,14.31,48918,69777681.0,4.47,2.55,0.37,2.23
2022-02-07,001203,15.09,15.21,15.36,14.98,45239,66952948.0,2.55,2.08,0.31,2.07
2022-02-08,001203,15.7,16.33,16.41,15.7,217208,342170016.0,4.67,7.36,1.12,9.92
2022-02-09,001203,16.1,16.03,16.41,16.0,115081,180654633.0,2.51,-1.84,-0.3,5.26
2022-02-10,001203,15.95,16.01,16.25,15.93,68128,106647083.0,2.0,-0.12,-0.02,3.11
2022-02-11,001203,16.2,16.08,16.22,15.93,78497,123177610.0,1.81,0.44,0.07,3.59
2022-02-14,001203,15.68,15.66,15.89,15.44,66625,101673105.0,2.8,-2.61,-0.42,3.04
2022-02-15,001203,15.57,15.54,15.77,15.4,50376,76455789.0,2.36,-0.77,-0.12,2.3
2022-02-16,001203,15.6,15.68,15.75,15.42,36825,56203702.0,2.12,0.9,0.14,1.68
2022-02-17,001203,15.68,15.59,15.73,15.52,41163,62660630.0,1.34,-0.57,-0.09,1.88
2022-02-18,001203,15.52,15.72,15.84,15.48,46221,70694224.0,2.31,0.83,0.13,2.11
2022-02-21,001203,15.66,15.95,15.99,15.61,65402,101095910.0,2.42,1.46,0.23,2.99
2022-02-22,001203,16.0,15.61,16.0,15.54,70378,107761075.0,2.88,-2.13,-0.34,3.21
2022-02-23,001203,15.75,15.95,15.97,15.61,67069,103475258.0,2.31,2.18,0.34,3.06
2022-02-24,001203,16.02,15.51,16.02,15.28,77360,117601678.0,4.64,-2.76,-0.44,3.53
2022-02-25,001203,15.54,15.78,16.23,15.53,84396,130898271.0,4.51,1.74,0.27,3.85
2022-02-28,001203,15.92,16.05,16.06,15.68,65643,101844537.0,2.41,1.71,0.27,3.0
2022-03-01,001203,16.05,16.09,16.19,15.92,55915,87455131.0,1.68,0.25,0.04,2.55
2022-03-02,001203,16.06,16.28,16.29,16.0,100870,159458373.0,1.8,1.18,0.19,4.61
2022-03-03,001203,16.36,16.61,16.88,16.36,235598,382755312.0,3.19,2.03,0.33,10.76
2022-03-04,001203,16.4,15.94,16.4,15.92,154710,243286239.0,2.89,-4.03,-0.67,7.07
2022-03-07,001203,16.19,15.78,16.29,15.6,93867,145455658.0,4.33,-1.0,-0.16,4.29
2022-03-08,001203,15.56,15.01,15.9,14.73,114531,169581440.0,7.41,-4.88,-0.77,5.23
2022-03-09,001203,14.9,14.6,15.13,14.0,85257,121371034.0,7.53,-2.73,-0.41,3.89
2022-03-10,001203,14.81,14.62,14.95,14.53,62163,88923475.0,2.88,0.14,0.02,2.84
2022-03-11,001203,14.47,14.63,14.72,14.09,60436,84379772.0,4.31,0.07,0.01,2.76
2022-03-14,001203,14.43,14.1,14.55,14.07,51893,72082515.0,3.28,-3.62,-0.53,2.37
2022-03-15,001203,14.01,13.02,14.05,13.01,86737,113332508.0,7.38,-7.66,-1.08,3.96
2022-03-16,001203,13.23,13.32,13.37,12.71,59761,75947563.0,5.07,2.3,0.3,2.73
2022-03-17,001203,13.44,13.46,13.7,13.39,57671,75798574.0,2.33,1.05,0.14,2.63
2022-03-18,001203,13.49,13.61,13.69,13.38,41221,54273806.0,2.3,1.11,0.15,1.88
2022-03-21,001203,13.63,13.56,13.68,13.44,43453,57282404.0,1.76,-0.37,-0.05,1.98
2022-03-22,001203,13.46,13.57,13.68,13.41,36475,47965029.0,1.99,0.07,0.01,1.67
2022-03-23,001203,13.53,13.52,13.55,13.45,33995,44495605.0,0.74,-0.37,-0.05,1.55
2022-03-24,001203,13.51,13.29,13.51,13.27,35799,46335786.0,1.78,-1.7,-0.23,1.64
2022-03-25,001203,13.44,13.27,13.53,13.26,38243,49787741.0,2.03,-0.15,-0.02,1.75
2022-03-28,001203,13.22,13.6,13.77,12.95,69843,91119473.0,6.18,2.49,0.33,3.19
2022-03-29,001203,13.53,13.34,13.6,13.3,35414,46133823.0,2.21,-1.91,-0.26,1.62
2022-03-30,001203,13.37,13.5,13.5,13.27,32387,42094364.0,1.72,1.2,0.16,1.48
2022-03-31,001203,13.66,13.52,13.71,13.51,43099,56869646.0,1.48,0.15,0.02,1.97
2022-04-01,001203,13.42,13.56,13.6,13.31,33807,44178119.0,2.14,0.3,0.04,1.54
2022-04-06,001203,13.5,14.14,14.15,13.48,89620,120804404.0,4.94,4.28,0.58,4.09
2022-04-07,001203,14.12,13.74,14.17,13.74,71162,96207701.0,3.04,-2.83,-0.4,3.25
2022-04-08,001203,13.72,13.98,14.03,13.53,67015,89909043.0,3.64,1.75,0.24,3.06
2022-04-11,001203,13.79,13.47,13.79,13.45,51189,67645308.0,2.43,-3.65,-0.51,2.34
2022-04-12,001203,13.45,13.6,13.66,13.2,41674,54345589.0,3.41,0.97,0.13,1.9
2022-04-13,001203,13.5,13.73,14.07,13.36,58359,77977610.0,5.22,0.96,0.13,2.67
2022-04-14,001203,13.69,13.83,13.94,13.62,46491,62230117.0,2.33,0.73,0.1,2.12
2022-04-15,001203,13.81,14.51,15.17,13.77,257487,370484928.0,10.12,4.92,0.68,11.76
2022-04-18,001203,14.15,14.32,14.7,14.06,173285,242216701.0,4.41,-1.31,-0.19,7.91
2022-04-19,001203,14.03,14.38,14.62,13.9,116925,162174417.0,5.03,0.42,0.06,5.34
2022-04-20,001203,14.17,13.63,14.34,13.57,107200,144881778.0,5.35,-5.22,-0.75,4.9
2022-04-21,001203,13.62,12.89,13.71,12.86,89197,113956349.0,6.24,-5.43,-0.74,4.07
2022-04-22,001203,12.72,12.46,12.86,12.43,63304,76909157.0,3.34,-3.34,-0.43,2.89
2022-04-25,001203,12.41,11.59,12.41,11.56,73675,85535377.0,6.82,-6.98,-0.87,3.37
2022-04-26,001203,11.6,11.11,11.7,11.0,60823,66752835.0,6.04,-4.14,-0.48,2.78
2022-04-27,001203,10.89,11.51,11.58,10.65,57737,62446784.0,8.37,3.6,0.4,2.64
2022-04-28,001203,11.51,11.23,11.51,11.1,51533,56174520.0,3.56,-2.43,-0.28,2.35
2022-04-29,001203,11.29,11.64,11.7,11.23,47642,53013700.0,4.19,3.65,0.41,2.18
2022-05-05,001203,11.6,11.8,11.9,11.55,41983,47832238.0,3.01,1.37,0.16,1.92
2022-05-06,001203,11.55,11.4,11.7,11.35,48719,54161332.0,2.97,-3.39,-0.4,2.23
2022-05-09,001203,11.45,11.51,11.67,11.35,34524,38512728.0,2.81,0.96,0.11,1.58
2022-05-10,001203,11.51,11.8,11.8,11.31,46269,51824124.0,4.26,2.52,0.29,0.84
2022-05-11,001203,11.79,11.75,12.06,11.71,63509,73211738.0,2.97,-0.42,-0.05,1.15
2022-05-12,001203,11.64,11.83,11.86,11.54,48956,55255098.0,2.72,0.68,0.08,0.89
2022-05-13,001203,11.88,11.75,11.89,11.69,35388,40160092.0,1.69,-0.68,-0.08,0.64
2022-05-16,001203,11.79,11.78,11.9,11.68,29301,33356810.0,1.87,0.26,0.03,0.53
2022-05-17,001203,11.75,11.74,11.82,11.65,22337,25334500.0,1.44,-0.34,-0.04,0.41
2022-05-18,001203,11.71,11.73,11.8,11.7,26607,30197886.0,0.85,-0.09,-0.01,0.48
2022-05-19,001203,11.55,11.74,11.75,11.45,27883,31301223.0,2.56,0.09,0.01,0.51
2022-05-20,001203,11.77,11.92,11.95,11.65,63642,72810886.0,2.56,1.53,0.18,1.16
2022-05-23,001203,12.45,13.07,13.07,12.45,276963,347359072.0,5.2,9.65,1.15,5.04
2022-05-24,001203,12.9,12.19,12.95,12.19,239684,293470976.0,5.81,-6.73,-0.88,4.36
2022-05-25,001203,12.21,12.51,12.57,12.21,96474,115955810.0,2.95,2.63,0.32,1.75
2022-05-26,001203,12.54,12.7,12.77,12.25,89159,108272718.0,4.16,1.52,0.19,1.62
2022-05-27,001203,12.7,12.53,12.75,12.36,79320,96477883.0,3.07,-1.34,-0.17,1.44
2022-05-30,001203,12.59,12.47,12.59,12.4,45112,54413531.0,1.52,-0.48,-0.06,0.82
2022-05-31,001203,12.52,12.58,12.7,12.34,74284,90157237.0,2.89,0.88,0.11,1.35
2022-06-01,001203,12.56,12.63,12.85,12.44,75802,92800063.0,3.26,0.4,0.05,1.38
2022-06-02,001203,12.64,13.25,13.6,12.58,213012,273055360.0,8.08,4.91,0.62,3.87
2022-06-06,001203,13.1,13.25,13.35,12.98,172001,219096963.0,2.79,0.0,0.0,3.13
2022-06-07,001203,13.13,13.22,13.67,13.0,189666,245391732.0,5.06,-0.23,-0.03,3.45
2022-06-08,001203,13.18,12.9,13.28,12.71,167987,211112338.0,4.31,-2.42,-0.32,3.05
2022-06-09,001203,13.04,12.69,13.04,12.57,109829,136278307.0,3.64,-1.63,-0.21,2.0
2022-06-10,001203,12.7,12.91,13.0,12.61,119829,148452036.0,3.07,1.73,0.22,2.18
2022-06-13,001203,12.78,12.64,12.85,12.51,110195,135108428.0,2.63,-2.09,-0.27,2.0
2022-06-14,001203,12.54,12.49,12.56,12.1,111763,133421462.0,3.64,-1.19,-0.15,2.03
2022-06-15,001203,12.54,12.39,12.59,12.38,89432,108141948.0,1.68,-0.8,-0.1,1.63
2022-06-16,001203,12.52,12.32,12.53,12.28,86926,104267057.0,2.02,-0.56,-0.07,1.58
2022-06-17,001203,12.19,12.26,12.4,12.14,73312,86866711.0,2.11,-0.49,-0.06,1.33
2022-06-20,001203,12.1,12.0,12.27,11.99,109758,127840730.0,2.28,-2.12,-0.26,2.0
2022-06-21,001203,12.0,11.85,12.08,11.78,112890,130060971.0,2.5,-1.25,-0.15,2.05
2022-06-22,001203,11.95,11.66,11.96,11.65,78969,89906170.0,2.62,-1.6,-0.19,1.44
2022-06-23,001203,11.66,11.75,11.77,11.63,70860,80081572.0,1.2,0.77,0.09,1.29
2022-06-24,001203,11.78,11.83,11.86,11.72,63035,71896027.0,1.19,0.68,0.08,1.15
2022-06-27,001203,11.93,11.86,11.97,11.77,79696,91277580.0,1.69,0.25,0.03,1.45
2022-06-28,001203,11.82,11.91,11.94,11.76,84154,96217068.0,1.52,0.42,0.05,1.53
2022-06-29,001203,11.91,11.66,12.0,11.66,102454,116765729.0,2.85,-2.1,-0.25,1.86
2022-06-30,001203,11.64,11.7,11.75,11.63,45660,51623304.0,1.03,0.34,0.04,1.05
2022-07-01,001203,11.71,11.74,11.77,11.64,47900,54198506.0,1.11,0.34,0.04,1.1
2022-07-04,001203,11.72,11.89,11.9,11.6,71325,81208767.0,2.56,1.28,0.15,1.64
2022-07-05,001203,11.95,11.95,12.19,11.93,163089,190003930.0,2.19,0.5,0.06,3.74
2022-07-06,001203,11.9,11.74,12.03,11.67,89191,102133223.0,3.01,-1.76,-0.21,2.05
2022-07-07,001203,11.79,11.97,12.12,11.7,125289,145255246.0,3.58,1.96,0.23,2.87
2022-07-08,001203,12.01,11.83,12.02,11.83,75921,87245153.0,1.59,-1.17,-0.14,1.74
2022-07-11,001203,11.8,11.47,11.81,11.44,91106,101682216.0,3.13,-3.04,-0.36,2.09
2022-07-12,001203,11.43,11.4,11.56,11.37,55181,61022657.92,1.66,-0.61,-0.07,1.27
2022-07-13,001203,11.4,11.46,11.5,11.34,41667,46039114.96,1.4,0.53,0.06,0.96
2022-07-14,001203,11.46,11.38,11.48,11.36,46468,51169490.6,1.05,-0.7,-0.08,1.07
2022-07-15,001203,11.3,11.04,11.3,11.04,76121,81840597.6,2.28,-2.99,-0.34,1.75
2022-07-18,001203,11.01,11.44,11.57,11.01,71110,77725392.18,5.07,3.62,0.4,1.63
2022-07-19,001203,11.5,11.46,11.53,11.3,48565,53687705.18,2.01,0.17,0.02,1.11
2022-07-20,001203,11.47,11.59,11.88,11.45,93643,105488224.0,3.75,1.13,0.13,2.15
2022-07-21,001203,11.6,11.58,11.7,11.54,61868,69414741.86,1.38,-0.09,-0.01,1.42
2022-07-22,001203,11.55,11.63,11.66,11.52,66188,74131763.52,1.21,0.43,0.05,1.52
2022-07-25,001203,11.85,11.6,11.9,11.55,73818,83297018.21,3.01,-0.26,-0.03,1.69
2022-07-26,001203,11.6,11.66,11.67,11.53,51654,57946158.92,1.21,0.52,0.06,1.18
2022-07-27,001203,11.63,11.59,11.67,11.53,48280,53991493.96,1.2,-0.6,-0.07,1.11
2022-07-28,001203,11.68,11.79,11.83,11.62,121097,137048720.48,1.81,1.73,0.2,2.78
2022-07-29,001203,11.75,11.59,11.79,11.57,72654,81732359.75,1.87,-1.7,-0.2,1.67
2022-08-01,001203,11.59,11.67,11.67,11.49,52476,58805522.3,1.55,0.69,0.08,1.2
2022-08-02,001203,11.6,11.12,11.6,11.02,90679,97738121.92,4.97,-4.71,-0.55,2.08
2022-08-03,001203,11.11,11.03,11.29,11.02,57409,61774800.51,2.43,-0.81,-0.09,1.32
2022-08-04,001203,11.08,11.08,11.15,10.93,46705,49700303.11,1.99,0.45,0.05,1.07
2022-08-05,001203,11.06,11.3,11.3,11.05,53946,58154450.93,2.26,1.99,0.22,1.24
2022-08-08,001203,11.3,11.58,11.6,11.25,61147,67913943.73,3.1,2.48,0.28,1.4
2022-08-09,001203,11.54,11.62,11.65,11.49,52273,58473563.38,1.38,0.35,0.04,1.2
2022-08-10,001203,11.62,11.66,11.77,11.57,63027,71119886.19,1.72,0.34,0.04,1.45
2022-08-11,001203,11.75,11.72,11.75,11.65,69195,78314133.18,0.86,0.51,0.06,1.59
2022-08-12,001203,11.7,11.74,11.78,11.68,56383,63957382.05,0.85,0.17,0.02,1.29
2022-08-15,001203,11.89,11.74,11.9,11.59,127987,144856969.75,2.64,0.0,0.0,2.93
2022-08-16,001203,11.76,11.69,11.78,11.65,107193,121075065.1,1.11,-0.43,-0.05,2.46
2022-08-17,001203,11.51,11.48,11.62,11.36,104528,115551752.55,2.22,-1.8,-0.21,2.4
2022-08-18,001203,11.49,11.46,11.51,11.39,61748,68272761.0,1.05,-0.17,-0.02,1.42
2022-08-19,001203,11.51,11.34,11.52,11.34,60096,66163686.04,1.57,-1.05,-0.12,1.38
2022-08-22,001203,11.33,11.55,11.59,11.23,81705,90673081.36,3.17,1.85,0.21,1.87
2022-08-23,001203,11.5,11.54,11.58,11.5,46096,51346126.68,0.69,-0.09,-0.01,1.06
2022-08-24,001203,11.56,11.28,11.59,11.25,62260,68288955.9,2.95,-2.25,-0.26,1.43
2022-08-25,001203,11.29,11.16,11.3,11.03,76649,82365093.37,2.39,-1.06,-0.12,1.76
2022-08-26,001203,11.19,11.05,11.22,11.03,58174,62399958.0,1.7,-0.99,-0.11,1.33
2022-08-29,001203,10.93,11.09,11.1,10.86,53492,56649252.63,2.17,0.36,0.04,1.23
2022-08-30,001203,11.07,11.05,11.12,10.96,36373,38675908.88,1.44,-0.36,-0.04,0.83
2022-08-31,001203,11.03,10.88,11.03,10.84,48942,51447389.36,1.72,-1.54,-0.17,1.12
2022-09-01,001203,10.91,11.02,11.14,10.84,54673,57982665.0,2.76,1.29,0.14,1.25
2022-09-02,001203,10.97,11.14,11.14,10.95,40621,43300191.0,1.72,1.09,0.12,0.93
2022-09-05,001203,11.1,11.17,11.18,11.06,27988,30039072.75,1.08,0.27,0.03,0.64
2022-09-06,001203,11.17,11.31,11.44,11.16,42014,45734592.76,2.51,1.25,0.14,0.96
2022-09-07,001203,11.3,11.37,11.42,11.2,45594,49891891.92,1.95,0.53,0.06,1.05
2022-09-08,001203,11.37,11.45,11.49,11.34,58022,64017161.92,1.32,0.7,0.08,1.33
2022-09-09,001203,11.44,11.49,11.57,11.41,69394,76885249.06,1.4,0.35,0.04,1.59
2022-09-13,001203,11.51,11.38,11.59,11.36,48288,53357084.0,2.0,-0.96,-0.11,1.11
2022-09-14,001203,11.29,11.33,11.43,11.22,40871,44610184.0,1.85,-0.44,-0.05,0.94
2022-09-15,001203,11.42,11.25,11.48,11.15,46713,50930695.0,2.91,-0.71,-0.08,1.07
2022-09-16,001203,11.26,11.01,11.31,11.01,78699,84321742.94,2.67,-2.13,-0.24,1.8
2022-09-19,001203,11.12,10.75,11.12,10.75,52202,54574583.6,3.36,-2.36,-0.26,1.2
2022-09-20,001203,10.8,10.96,11.13,10.77,40791,43053863.85,3.35,1.95,0.21,0.94
2022-09-21,001203,10.91,11.12,11.14,10.78,47519,50267199.71,3.28,1.46,0.16,1.09
2022-09-22,001203,11.06,11.07,11.16,10.99,26237,28095953.44,1.53,-0.45,-0.05,0.6
2022-09-23,001203,11.07,10.86,11.12,10.74,45864,48126311.19,3.43,-1.9,-0.21,1.05
2022-09-26,001203,10.81,10.38,10.82,10.38,70401,71204148.78,4.05,-4.42,-0.48,1.61
2022-09-27,001203,10.33,10.44,10.45,10.22,35157,34929518.0,2.22,0.58,0.06,0.81
2022-09-28,001203,10.4,10.09,10.44,10.08,45694,44782902.6,3.45,-3.35,-0.35,1.05
2022-09-29,001203,10.14,10.05,10.21,10.03,27477,26722489.92,1.78,-0.4,-0.04,0.63
2022-09-30,001203,10.07,10.2,10.25,10.07,35123,34347734.59,1.79,1.49,0.15,0.81
2022-10-10,001203,10.22,10.17,10.35,10.16,32954,32398735.52,1.86,-0.29,-0.03,0.76
2022-10-11,001203,10.18,10.28,10.32,10.15,25271,24883900.12,1.67,1.08,0.11,0.58
2022-10-12,001203,10.28,10.36,10.36,10.11,31976,31595894.0,2.43,0.78,0.08,0.73
2022-10-13,001203,10.33,10.34,10.38,10.28,22871,22725376.16,0.97,-0.19,-0.02,0.52
2022-10-14,001203,10.36,10.46,10.5,10.36,33317,33502954.08,1.35,1.16,0.12,0.76
2022-10-17,001203,10.42,10.49,10.53,10.38,26800,26980542.78,1.43,0.29,0.03,0.61
2022-10-18,001203,10.51,10.42,10.54,10.41,21744,21824444.0,1.24,-0.67,-0.07,0.5
2022-10-19,001203,10.43,11.42,11.42,10.37,98223,104133894.58,10.08,9.6,1.0,2.25
2022-10-20,001203,12.52,12.52,12.52,12.52,68639,83190019.56,0.0,9.63,1.1,1.57
2022-10-21,001203,12.62,12.37,13.4,12.33,830408,1035831040.46,8.55,-1.2,-0.15,19.04
2022-10-24,001203,12.3,12.56,12.9,12.28,480439,586661312.23,5.01,1.54,0.19,11.02
2022-10-25,001203,12.3,11.81,12.34,11.68,411039,474912947.37,5.25,-5.97,-0.75,9.42
2022-10-26,001203,11.87,12.0,12.39,11.87,349517,409707661.6,4.4,1.61,0.19,8.01
2022-10-27,001203,12.12,12.25,12.56,11.91,347226,411133546.68,5.42,2.08,0.25,7.96
2022-10-28,001203,12.05,11.9,12.19,11.75,222728,257002656.5,3.59,-2.86,-0.35,5.11
2022-10-31,001203,11.85,12.21,12.66,11.79,326157,388177516.03,7.31,2.61,0.31,7.48
2022-11-01,001203,12.23,12.42,12.49,12.1,259431,309541942.14,3.19,1.72,0.21,5.95
2022-11-02,001203,12.35,12.48,12.7,12.27,261467,314514712.79,3.46,0.48,0.06,6.0
2022-11-03,001203,12.4,13.12,13.53,12.36,499616,631795939.54,9.38,5.13,0.64,11.46
2022-11-04,001203,13.11,14.39,14.39,13.11,418478,555490139.36,9.76,9.68,1.27,9.6
2022-11-07,001203,15.79,15.79,15.79,15.79,116151,178755850.35,0.0,9.73,1.4,2.66
2022-11-08,001203,16.62,16.43,17.06,15.75,1125537,1797513471.55,8.3,4.05,0.64,25.81
2022-11-09,001203,16.23,17.49,17.98,16.05,897270,1480796861.8,11.75,6.45,1.06,20.57
2022-11-10,001203,17.0,16.3,17.21,16.0,767881,1240071443.49,6.92,-6.8,-1.19,17.61
2022-11-11,001203,16.7,15.1,16.74,15.08,747540,1143082679.5,10.18,-7.36,-1.2,17.14
2022-11-14,001203,15.1,14.63,15.28,14.49,457791,663243384.3,5.23,-3.11,-0.47,10.5
2022-11-15,001203,14.42,14.74,14.94,14.42,313550,448535448.13,3.55,0.75,0.11,7.19
2022-11-16,001203,14.75,15.5,15.8,14.65,471289,699472721.78,7.8,5.16,0.76,10.81
2022-11-17,001203,15.15,15.23,16.08,15.11,365079,552118757.87,6.26,-1.74,-0.27,8.37
2022-11-18,001203,15.23,15.27,15.7,15.06,299269,449601272.88,4.2,0.26,0.04,6.86
2022-11-21,001203,15.4,15.65,15.7,15.2,262638,396534083.73,3.27,2.49,0.38,6.02
2022-11-22,001203,15.53,15.35,15.67,15.22,251765,378245145.31,2.88,-1.92,-0.3,5.77
2022-11-23,001203,15.35,16.29,16.83,15.21,387772,598419011.15,10.55,6.12,0.94,8.89
2022-11-24,001203,17.21,16.21,17.57,16.06,564519,935891567.09,9.27,-0.49,-0.08,12.94
2022-11-25,001203,16.3,15.73,16.5,15.56,352539,548523915.9,5.8,-2.96,-0.48,8.08
2022-11-28,001203,15.4,15.22,15.59,15.2,194639,291149218.24,2.48,-3.24,-0.51,4.46
2022-11-29,001203,15.15,15.18,15.36,15.06,197182,292035230.84,1.97,-0.26,-0.04,4.52
2022-11-30,001203,15.12,15.23,15.79,14.86,285916,424500449.8,6.13,0.33,0.05,6.56
2022-12-01,001203,15.24,15.45,15.58,15.22,195636,294017257.8,2.36,1.44,0.22,4.49
2022-12-02,001203,15.41,15.51,15.66,15.36,142536,215116923.45,1.94,0.39,0.06,3.27
2022-12-05,001203,15.44,15.58,15.85,15.35,185241,281670249.0,3.22,0.45,0.07,4.25
2022-12-06,001203,15.51,15.81,16.16,15.45,172047,264168131.0,4.56,1.48,0.23,3.94
2022-12-07,001203,15.71,15.93,16.05,15.71,163549,253709454.0,2.15,0.76,0.12,3.75
2022-12-08,001203,16.22,15.99,16.44,15.95,203785,319298723.89,3.08,0.38,0.06,4.67
2022-12-09,001203,15.87,16.09,16.27,15.72,253240,396484938.09,3.44,0.63,0.1,5.81
2022-12-12,001203,15.8,15.87,16.11,15.75,164847,255678246.94,2.24,-1.37,-0.22,3.78
2022-12-13,001203,15.88,16.31,16.59,15.82,192407,305119167.54,4.85,2.77,0.44,4.41
2022-12-14,001203,16.19,16.11,16.45,16.05,123089,194093797.22,2.45,-1.23,-0.2,2.82
2022-12-15,001203,16.13,15.77,16.24,15.75,148649,230403618.16,3.04,-2.11,-0.34,3.41
2022-12-16,001203,15.58,15.09,15.74,14.87,240760,353457601.06,5.52,-4.31,-0.68,5.52
2022-12-19,001203,14.95,15.12,15.39,14.91,161328,238514106.56,3.18,0.2,0.03,3.7
2022-12-20,001203,15.02,15.0,15.19,14.93,83870,122987687.45,1.72,-0.79,-0.12,1.92
2022-12-21,001203,15.0,14.67,15.09,14.41,155975,222381629.57,4.53,-2.2,-0.33,3.58
2022-12-22,001203,14.81,14.53,14.91,14.46,89367,127925726.0,3.07,-0.95,-0.14,2.05
2022-12-23,001203,14.83,13.83,14.83,13.68,156067,212147110.0,7.91,-4.82,-0.7,3.58
2022-12-26,001203,13.76,13.83,13.95,13.5,146449,195604144.94,3.25,0.0,0.0,3.36
2022-12-27,001203,13.94,13.95,14.13,13.73,79851,107928775.06,2.89,0.87,0.12,1.83
2022-12-28,001203,13.87,13.63,13.95,13.58,87855,116905186.06,2.65,-2.29,-0.32,2.01
2022-12-29,001203,13.64,13.44,13.81,13.43,82406,108800344.0,2.79,-1.39,-0.19,1.89
2022-12-30,001203,13.49,13.33,13.59,13.1,75576,98072988.73,3.65,-0.82,-0.11,1.73
2023-01-03,001203,13.41,13.6,13.65,13.26,93422,121886326.48,2.93,2.03,0.27,2.14
2023-01-04,001203,13.5,13.47,13.78,13.47,80039,105502142.91,2.28,-0.96,-0.13,1.84
2023-01-05,001203,13.42,13.63,13.78,13.37,98210,129790659.67,3.04,1.19,0.16,2.25
2023-01-06,001203,13.65,13.55,13.72,13.51,88436,116737511.0,1.54,-0.59,-0.08,2.03
2023-01-09,001203,13.6,13.56,13.71,13.51,93345,123195081.62,1.48,0.07,0.01,2.14
2023-01-10,001203,13.52,13.34,13.59,13.28,88961,115261366.68,2.29,-1.62,-0.22,2.04
2023-01-11,001203,13.28,13.2,13.37,13.08,79872,102200138.4,2.17,-1.05,-0.14,1.83
2023-01-12,001203,13.18,13.15,13.3,13.11,55483,70957398.19,1.44,-0.38,-0.05,1.27
2023-01-13,001203,13.12,13.11,13.29,13.08,66770,85260972.68,1.6,-0.3,-0.04,1.53
2023-01-16,001203,12.91,13.16,13.23,12.8,73376,93250525.0,3.28,0.38,0.05,1.68
2023-01-17,001203,13.22,13.09,13.3,13.07,52090,66472762.12,1.75,-0.53,-0.07,1.19
2023-01-18,001203,13.15,13.13,13.23,13.08,56844,72558310.5,1.15,0.31,0.04,1.3
2023-01-19,001203,13.1,13.31,13.45,13.08,104639,135108288.0,2.82,1.37,0.18,2.4
2023-01-20,001203,13.42,13.6,13.72,13.31,107438,141124742.84,3.08,2.18,0.29,2.46
2023-01-30,001203,13.72,13.63,13.84,13.62,113063,150511285.99,1.62,0.22,0.03,2.59
2023-01-31,001203,13.59,13.69,13.7,13.52,67657,89693500.6,1.32,0.44,0.06,1.55
2023-02-01,001203,13.75,14.29,14.36,13.67,169214,232571897.49,5.04,4.38,0.6,3.88
2023-02-02,001203,14.15,14.09,14.2,14.04,99696,136709696.4,1.12,-1.4,-0.2,2.29
2023-02-03,001203,14.1,13.95,14.1,13.72,91427,123326816.91,2.7,-0.99,-0.14,2.1
2023-02-06,001203,13.87,13.8,13.88,13.68,59266,79291228.0,1.43,-1.08,-0.15,1.36
2023-02-07,001203,13.88,13.86,13.89,13.74,52981,71062679.7,1.09,0.43,0.06,1.21
2023-02-08,001203,13.87,13.9,14.09,13.76,80493,108816500.16,2.38,0.29,0.04,1.85
2023-02-09,001203,13.87,13.88,13.91,13.72,65175,87524283.0,1.37,-0.14,-0.02,1.49
2023-02-10,001203,13.88,13.71,13.89,13.61,73166,97574396.68,2.02,-1.22,-0.17,1.68
2023-02-13,001203,13.78,13.8,13.84,13.66,65435,87376904.15,1.31,0.66,0.09,1.5
2023-02-14,001203,13.85,13.91,14.15,13.78,85733,116159783.12,2.68,0.8,0.11,1.97
2023-02-15,001203,13.91,13.74,13.97,13.7,63631,85326236.36,1.94,-1.22,-0.17,1.46
2023-02-16,001203,13.76,13.33,13.81,13.22,92239,121348873.0,4.29,-2.98,-0.41,2.11
2023-02-17,001203,13.44,13.39,13.56,13.35,56504,73765738.11,1.58,0.45,0.06,1.3
2023-02-20,001203,13.4,13.8,13.81,13.35,92346,122308125.0,3.44,3.06,0.41,2.12
2023-02-21,001203,13.86,14.01,14.18,13.86,135630,184928240.2,2.32,1.52,0.21,3.11
2023-02-22,001203,13.91,14.16,14.27,13.83,136132,187181719.37,3.14,1.07,0.15,3.12
2023-02-23,001203,14.15,14.04,14.21,13.91,76780,104792412.67,2.12,-0.85,-0.12,1.76
2023-02-24,001203,14.16,14.06,14.38,13.88,88067,120788751.92,3.56,0.14,0.02,2.02
2023-02-27,001203,14.05,13.74,14.14,13.7,74846,100709389.0,3.13,-2.28,-0.32,1.72
2023-02-28,001203,13.76,13.78,13.8,13.61,48628,64803361.12,1.38,0.29,0.04,1.11
2023-03-01,001203,13.78,13.8,13.82,13.66,49301,65826441.94,1.16,0.15,0.02,1.13
2023-03-02,001203,13.78,13.71,13.83,13.7,52426,69980526.0,0.94,-0.65,-0.09,1.2
2023-03-03,001203,13.71,13.62,13.73,13.48,57503,75892477.92,1.82,-0.66,-0.09,1.32
2023-03-06,001203,13.63,13.57,13.68,13.45,56338,73969656.09,1.69,-0.37,-0.05,1.29
2023-03-07,001203,13.42,13.12,13.52,13.11,87499,113011081.47,3.02,-3.32,-0.45,2.01
2023-03-08,001203,13.44,13.38,13.64,13.28,92111,120005256.92,2.74,1.98,0.26,2.11
2023-03-09,001203,13.4,13.63,13.78,13.37,90786,119773613.69,3.06,1.87,0.25,2.08
2023-03-10,001203,13.6,13.34,13.66,13.31,64011,83326575.12,2.57,-2.13,-0.29,1.47
2023-03-13,001203,13.25,13.15,13.36,13.08,52050,66491620.44,2.1,-1.42,-0.19,1.19
2023-03-14,001203,13.23,13.09,13.32,12.93,55640,70766100.0,2.97,-0.46,-0.06,1.28
2023-03-15,001203,13.13,13.93,14.15,13.09,219037,292045852.97,8.1,6.42,0.84,5.02
2023-03-16,001203,13.93,13.38,13.95,13.32,133259,176030167.08,4.52,-3.95,-0.55,3.06
2023-03-17,001203,13.31,13.3,13.45,13.21,98973,127910356.47,1.79,-0.6,-0.08,2.27
2023-03-20,001203,13.3,13.12,13.38,13.06,75685,96485339.65,2.41,-1.35,-0.18,1.74
2023-03-21,001203,13.13,13.1,13.19,12.95,71572,90485615.0,1.83,-0.15,-0.02,1.64
2023-03-22,001203,13.12,12.92,13.13,12.86,80489,101164485.85,2.06,-1.37,-0.18,1.85
2023-03-23,001203,12.92,12.74,12.95,12.73,65371,80980683.0,1.7,-1.39,-0.18,1.5
2023-03-24,001203,12.72,12.75,12.86,12.64,61016,75406165.92,1.73,0.08,0.01,1.4
2023-03-27,001203,12.72,12.59,12.79,12.53,56815,69301123.0,2.04,-1.25,-0.16,1.3
2023-03-28,001203,12.6,12.57,12.79,12.54,56930,69616420.12,1.99,-0.16,-0.02,1.31
2023-03-29,001203,12.57,12.53,12.62,12.44,51123,61913997.0,1.43,-0.32,-0.04,1.17
2023-03-30,001203,12.4,12.27,12.41,11.97,94505,110897322.98,3.51,-2.08,-0.26,2.17
2023-03-31,001203,12.26,12.38,12.4,12.18,45992,55001762.0,1.79,0.9,0.11,1.05
2023-04-03,001203,12.9,12.61,12.95,12.58,88216,108451712.35,2.99,1.86,0.23,2.02
2023-04-04,001203,12.6,12.61,12.72,12.51,52206,63724510.74,1.67,0.0,0.0,1.2
2023-04-06,001203,12.51,12.77,12.87,12.51,59859,73918570.0,2.85,1.27,0.16,1.37
2023-04-07,001203,12.73,12.9,12.97,12.68,73627,91507173.23,2.27,1.02,0.13,1.69
2023-04-10,001203,12.9,12.94,13.1,12.84,70465,88462718.74,2.02,0.31,0.04,1.62
2023-04-11,001203,12.94,13.14,13.18,12.81,81063,102506748.46,2.86,1.55,0.2,1.86
2023-04-12,001203,12.97,13.43,13.48,12.93,178306,229790735.06,4.19,2.21,0.29,4.09
2023-04-13,001203,13.38,13.45,13.79,13.31,129717,170564438.61,3.57,0.15,0.02,2.98
2023-04-14,001203,13.42,13.4,13.55,13.34,87086,113654817.0,1.56,-0.37,-0.05,2.0
2023-04-17,001203,13.46,13.47,13.66,13.31,123725,162264382.0,2.61,0.52,0.07,2.84
2023-04-18,001203,13.46,13.22,13.48,13.2,77852,100612433.63,2.08,-1.86,-0.25,1.79
2023-04-19,001203,13.35,13.13,13.35,13.08,46587,59644698.0,2.04,-0.68,-0.09,1.07
2023-04-20,001203,13.12,12.97,13.14,12.89,53661,67484684.2,1.9,-1.22,-0.16,1.23
2023-04-21,001203,12.96,12.72,13.33,12.67,69073,86494744.02,5.09,-1.93,-0.25,1.58
2023-04-24,001203,12.67,12.49,12.8,12.45,48449,59044718.61,2.75,-1.81,-0.23,1.11
2023-04-25,001203,12.5,12.19,12.6,12.05,75385,89432466.05,4.4,-2.4,-0.3,1.73
2023-04-26,001203,12.2,12.38,12.76,12.07,78365,94648461.04,5.66,1.56,0.19,1.8
2023-04-27,001203,12.38,12.22,12.49,12.2,38174,45428596.3,2.34,-1.29,-0.16,0.88
2023-04-28,001203,12.18,12.28,12.38,12.18,40605,48154486.21,1.64,0.49,0.06,0.93
2023-05-04,001203,12.25,12.19,12.34,12.17,46910,55629526.0,1.38,-0.73,-0.09,1.08
2023-05-05,001203,12.24,11.79,12.26,11.78,58571,67395933.37,3.94,-3.28,-0.4,1.34
2023-05-08,001203,11.79,12.43,12.48,11.79,76503,89819207.29,5.85,5.43,0.64,1.75
2023-05-09,001203,12.43,12.02,12.53,12.0,78752,92875200.16,4.26,-3.3,-0.41,1.81
2023-05-10,001203,11.95,12.02,12.14,11.94,38283,44508813.68,1.66,0.0,0.0,0.88
2023-05-11,001203,12.02,12.17,12.38,12.0,37135,43716602.98,3.16,1.25,0.15,0.85
2023-05-12,001203,12.17,12.05,12.19,11.96,29735,34637593.95,1.89,-0.99,-0.12,0.68
2023-05-15,001203,12.0,12.21,12.23,11.98,42208,49391572.16,2.07,1.33,0.16,0.97
2023-05-16,001203,12.24,12.02,12.29,12.0,41051,46745743.3,2.38,-1.56,-0.19,0.94
2023-05-17,001203,12.0,12.21,12.25,11.95,29886,34030852.0,2.5,1.58,0.19,0.69
2023-05-18,001203,12.18,12.27,12.35,12.09,35934,41288072.0,2.13,0.49,0.06,0.82
2023-05-19,001203,12.23,12.21,12.28,12.11,28360,32538552.0,1.39,-0.49,-0.06,0.65
2023-05-22,001203,12.21,12.34,12.42,12.15,32302,37516211.76,2.21,1.06,0.13,0.74
2023-05-23,001203,12.34,12.25,12.38,12.24,19621,22744663.0,1.13,-0.73,-0.09,0.45
2023-05-24,001203,12.26,12.2,12.29,12.12,25209,29010638.88,1.39,-0.41,-0.05,0.58
2023-05-25,001203,12.1,12.26,12.28,12.07,24948,28735211.0,1.72,0.49,0.06,0.57
2023-05-26,001203,12.26,12.25,12.3,12.14,21894,25213230.24,1.31,-0.08,-0.01,0.5
2023-05-29,001203,12.28,12.27,12.39,12.24,20824,24147129.19,1.22,0.16,0.02,0.48
2023-05-30,001203,12.27,12.24,12.39,12.16,26098,30098455.18,1.87,-0.24,-0.03,0.6
2023-05-31,001203,12.34,12.11,12.34,12.06,23362,26730531.6,2.29,-1.06,-0.13,0.54
2023-06-01,001203,12.12,12.4,12.45,12.08,53199,61876313.54,3.06,2.39,0.29,1.22
2023-06-02,001203,12.41,12.58,12.65,12.37,52325,61948219.0,2.26,1.45,0.18,1.2
2023-06-05,001203,12.57,12.46,12.62,12.43,26907,31776187.8,1.51,-0.95,-0.12,0.62
2023-06-06,001203,12.46,12.16,12.46,12.15,29419,34034058.7,2.49,-2.41,-0.3,0.67
2023-06-07,001203,12.16,12.15,12.3,12.09,26388,30262359.0,1.73,-0.08,-0.01,0.61
2023-06-08,001203,12.22,12.13,12.22,12.1,19952,22848662.0,0.99,-0.16,-0.02,0.46
2023-06-09,001203,12.15,12.14,12.23,12.12,23495,26935666.87,0.91,0.08,0.01,0.54
2023-06-12,001203,12.14,12.27,12.3,12.06,31166,35881116.19,1.98,1.07,0.13,0.71
2023-06-13,001203,12.25,12.14,12.3,12.11,30906,35500747.51,1.55,-1.06,-0.13,0.71
2023-06-14,001203,12.14,11.84,12.18,11.83,68549,76960243.0,2.88,-2.47,-0.3,1.57
2023-06-15,001203,11.83,11.86,11.94,11.71,39218,43531498.84,1.94,0.17,0.02,0.9
2023-06-16,001203,11.85,12.02,12.08,11.83,38662,43693161.33,2.11,1.35,0.16,0.89
2023-06-19,001203,12.05,11.88,12.06,11.87,26373,29603893.14,1.58,-1.16,-0.14,0.6
2023-06-20,001203,11.89,11.8,11.93,11.8,17709,19758701.36,1.09,-0.67,-0.08,0.41
2023-06-21,001203,11.78,11.65,11.86,11.65,28586,31527966.0,1.78,-1.27,-0.15,0.66
2023-06-26,001203,11.61,11.59,11.78,11.55,21998,24047917.6,1.97,-0.52,-0.06,0.5
2023-06-27,001203,11.57,11.75,11.8,11.57,28659,31604769.0,1.98,1.38,0.16,0.66
2023-06-28,001203,11.75,11.75,11.76,11.53,22551,24681928.0,1.96,0.0,0.0,0.52
2023-06-29,001203,11.67,11.7,11.76,11.62,21021,23151213.0,1.19,-0.43,-0.05,0.48
2023-06-30,001203,11.69,11.81,11.85,11.66,28047,31124852.0,1.62,0.94,0.11,0.65
2023-07-03,001203,11.78,11.88,11.92,11.78,19967,22310535.0,1.19,0.59,0.07,0.46
2023-07-04,001203,11.9,11.82,11.95,11.8,24594,27387416.0,1.26,-0.51,-0.06,0.57
2023-07-05,001203,11.82,11.91,11.96,11.78,35574,39841300.0,1.52,0.76,0.09,0.82
2023-07-06,001203,11.92,11.82,11.95,11.8,19192,21384650.5,1.26,-0.76,-0.09,0.44
2023-07-07,001203,11.8,11.82,11.92,11.72,21947,24387142.5,1.69,0.0,0.0,0.51
2023-07-10,001203,11.85,11.89,11.98,11.84,23458,26304529.52,1.18,0.59,0.07,0.54
2023-07-11,001203,11.91,11.96,11.97,11.85,22338,25086418.0,1.01,0.59,0.07,0.52
2023-07-12,001203,11.99,11.88,11.99,11.85,19000,21336694.76,1.17,-0.67,-0.08,0.44
2023-07-13,001203,11.9,11.89,12.0,11.86,30396,34103008.94,1.18,0.08,0.01,0.7
2023-07-14,001203,11.92,11.81,11.94,11.78,36904,41125607.0,1.35,-0.67,-0.08,0.85
2023-07-17,001203,11.82,11.61,11.82,11.59,40151,43939977.0,1.95,-1.69,-0.2,0.93
2023-07-18,001203,11.6,11.6,11.68,11.56,28119,30668465.76,1.03,-0.09,-0.01,0.65
2023-07-19,001203,11.57,11.55,11.68,11.54,31062,33790620.0,1.21,-0.43,-0.05,0.72
2023-07-20,001203,11.57,11.41,11.61,11.4,42723,46158008.08,1.82,-1.21,-0.14,0.99
2023-07-21,001203,11.42,11.46,11.54,11.37,25920,27882246.95,1.49,0.44,0.05,0.6
2023-07-24,001203,11.46,11.38,11.5,11.37,18232,19555661.0,1.13,-0.7,-0.08,0.42
2023-07-25,001203,11.42,11.65,11.66,11.42,42445,46206673.0,2.11,2.37,0.27,0.98
2023-07-26,001203,11.63,11.77,11.77,11.6,36539,40166934.01,1.46,1.03,0.12,0.84
2023-07-27,001203,11.79,11.78,11.9,11.77,36586,40723231.0,1.1,0.08,0.01,0.84
2023-07-28,001203,11.73,11.97,12.03,11.68,51439,57621968.0,2.97,1.61,0.19,1.19
2023-07-31,001203,12.02,11.96,12.07,11.93,32454,36614544.74,1.17,-0.08,-0.01,0.75
2023-08-01,001203,12.0,12.17,12.19,11.97,73937,84468584.5,1.84,1.76,0.21,1.71
2023-08-02,001203,12.13,12.17,12.19,12.07,38675,44257410.0,0.99,0.0,0.0,0.89
2023-08-03,001203,12.15,12.13,12.21,12.05,29124,33225502.0,1.31,-0.33,-0.04,0.67
2023-08-04,001203,12.17,12.14,12.27,12.09,31783,36440686.35,1.48,0.08,0.01,0.73
2023-08-07,001203,12.15,12.07,12.15,12.01,33284,37805952.16,1.15,-0.58,-0.07,0.77
2023-08-08,001203,12.1,12.1,12.12,11.95,28005,31784697.0,1.41,0.25,0.03,0.65
2023-08-09,001203,12.07,12.02,12.08,11.97,18651,21117699.0,0.91,-0.66,-0.08,0.43
2023-08-10,001203,11.99,12.05,12.08,11.99,17765,20141564.98,0.75,0.25,0.03,0.41
2023-08-11,001203,12.09,11.82,12.09,11.8,38785,43436466.0,2.41,-1.91,-0.23,0.9
2023-08-14,001203,12.3,12.38,12.92,12.1,302065,358623683.37,6.94,4.74,0.56,6.97
2023-08-15,001203,12.39,11.9,12.58,11.84,177650,201463384.58,5.98,-3.88,-0.48,4.1
2023-08-16,001203,12.03,12.23,12.55,11.96,180104,208831183.92,4.96,2.77,0.33,4.16
2023-08-17,001203,12.06,11.88,12.11,11.65,123342,137496409.55,3.76,-2.86,-0.35,2.85
2023-08-18,001203,11.9,11.92,12.39,11.9,122628,139972003.09,4.12,0.34,0.04,2.83
2023-08-21,001203,11.92,11.58,12.04,11.57,111216,122772862.0,3.94,-2.85,-0.34,2.57
2023-08-22,001203,11.56,11.55,11.67,11.33,85573,92029161.0,2.94,-0.26,-0.03,1.97
2023-08-23,001203,11.54,11.36,11.6,11.35,51578,55471772.0,2.16,-1.65,-0.19,1.19
2023-08-24,001203,11.34,11.29,11.44,11.27,40299,42866403.0,1.5,-0.62,-0.07,0.93
2023-08-25,001203,11.3,11.07,11.32,11.05,46880,49065387.0,2.39,-1.95,-0.22,1.08
2023-08-28,001203,11.54,11.2,11.54,11.17,67474,71871477.0,3.34,1.17,0.13,1.56
2023-08-29,001203,11.19,11.46,11.51,11.12,60764,64899637.54,3.48,2.32,0.26,1.4
2023-08-30,001203,11.45,11.43,11.55,11.38,36969,39786600.88,1.48,-0.26,-0.03,0.85
2023-08-31,001203,11.45,11.45,11.56,11.36,39974,42922226.92,1.75,0.17,0.02,0.92
2023-09-01,001203,11.45,11.66,11.66,11.42,51885,56312032.22,2.1,1.83,0.21,1.2
2023-09-04,001203,11.6,11.87,11.99,11.6,167360,186933871.6,3.34,1.8,0.21,3.86
2023-09-05,001203,11.86,11.85,11.87,11.72,60901,67631693.0,1.26,-0.17,-0.02,1.41
2023-09-06,001203,11.8,11.85,11.87,11.73,46176,51324768.0,1.18,0.0,0.0,1.07
2023-09-07,001203,11.85,11.67,11.87,11.66,51105,56392437.0,1.77,-1.52,-0.18,1.18
2023-09-08,001203,11.67,11.54,11.68,11.45,38701,41984598.0,1.97,-1.11,-0.13,0.89
2023-09-11,001203,11.54,11.53,11.57,11.4,61995,66869482.0,1.47,-0.09,-0.01,1.43
2023-09-12,001203,11.51,11.52,11.63,11.48,34883,37853266.0,1.3,-0.09,-0.01,0.81
2023-09-13,001203,11.48,11.56,11.68,11.46,49804,54068717.82,1.91,0.35,0.04,1.15
2023-09-14,001203,11.53,11.6,11.64,11.5,35909,39085793.0,1.21,0.35,0.04,0.83
2023-09-15,001203,11.64,11.77,11.89,11.62,83949,92909220.0,2.33,1.47,0.17,1.94
2023-09-18,001203,11.77,11.74,11.77,11.58,53483,58648101.0,1.61,-0.25,-0.03,1.23
2023-09-19,001203,11.73,11.74,11.82,11.69,31893,35216635.0,1.11,0.0,0.0,0.74
2023-09-20,001203,11.71,11.68,11.78,11.66,23293,25652199.0,1.02,-0.51,-0.06,0.54
2023-09-21,001203,11.67,11.5,11.7,11.44,50114,54308565.48,2.23,-1.54,-0.18,1.16
2023-09-22,001203,11.44,11.54,11.56,11.38,42535,45861090.0,1.57,0.35,0.04,0.98
2023-09-25,001203,11.53,11.41,11.59,11.37,46162,49538376.0,1.91,-1.13,-0.13,1.07
2023-09-26,001203,11.42,11.36,11.44,11.32,34242,36539357.58,1.05,-0.44,-0.05,0.79
2023-09-27,001203,11.32,11.32,11.43,11.3,29022,30910816.0,1.14,-0.35,-0.04,0.67
2023-09-28,001203,11.32,11.47,11.51,11.32,37898,40671078.05,1.68,1.33,0.15,0.87
2023-10-09,001203,11.51,11.51,11.6,11.43,40896,44259629.0,1.48,0.35,0.04,0.94
2023-10-10,001203,11.55,11.53,11.66,11.52,34045,37087309.58,1.22,0.17,0.02,0.79
2023-10-11,001203,11.54,11.46,11.61,11.46,29833,32336255.92,1.3,-0.61,-0.07,0.69
2023-10-12,001203,11.5,11.77,11.81,11.5,70929,78170845.96,2.71,2.71,0.31,1.64
2023-10-13,001203,11.8,11.74,11.8,11.64,53736,59305671.52,1.36,-0.25,-0.03,1.24
2023-10-16,001203,11.72,11.76,11.81,11.68,64567,71348442.79,1.11,0.17,0.02,1.49
2023-10-17,001203,11.77,11.77,11.82,11.71,48508,53662746.94,0.94,0.09,0.01,1.12
2023-10-18,001203,11.77,11.58,11.79,11.56,45888,50239399.0,1.95,-1.61,-0.19,1.06
2023-10-19,001203,11.55,11.36,11.61,11.35,39518,42412457.4,2.25,-1.9,-0.22,0.91
2023-10-20,001203,11.46,11.4,11.61,11.36,91155,98450022.0,2.2,0.35,0.04,2.11
2023-10-23,001203,11.43,11.48,11.67,11.29,83216,89916190.7,3.33,0.7,0.08,1.92
2023-10-24,001203,11.55,11.17,11.56,11.11,98187,103852146.43,3.92,-2.7,-0.31,2.27
2023-10-25,001203,11.24,11.41,11.49,11.23,79334,84889070.66,2.33,2.15,0.24,1.83
2023-10-26,001203,11.41,11.38,11.42,11.2,48912,51888331.72,1.93,-0.26,-0.03,1.13
2023-10-27,001203,11.36,11.68,11.84,11.3,95685,105023992.57,4.75,2.64,0.3,2.21
2023-10-30,001203,11.68,11.66,11.72,11.54,59519,65073916.1,1.54,-0.17,-0.02,1.37
2023-10-31,001203,11.66,11.64,11.68,11.54,37169,40538938.56,1.2,-0.17,-0.02,0.86
2023-11-01,001203,11.63,11.67,11.7,11.6,36558,40034549.95,0.86,0.26,0.03,0.84
2023-11-02,001203,11.68,11.52,11.73,11.5,31377,34092771.0,1.97,-1.29,-0.15,0.72
2023-11-03,001203,11.52,11.58,11.65,11.51,38598,42041008.0,1.22,0.52,0.06,0.89
2023-11-06,001203,11.58,11.65,11.68,11.57,50828,55517077.61,0.95,0.6,0.07,1.17
2023-11-07,001203,11.63,11.59,11.65,11.53,38780,42238175.0,1.03,-0.52,-0.06,0.9
2023-11-08,001203,11.59,11.44,11.59,11.38,63573,68380398.98,1.81,-1.29,-0.15,1.47
2023-11-09,001203,11.44,11.39,11.49,11.39,43261,46372326.1,0.87,-0.44,-0.05,1.0
2023-11-10,001203,11.4,11.42,11.45,11.31,48529,51865953.0,1.23,0.26,0.03,1.12
2023-11-13,001203,11.45,11.68,11.72,11.41,94474,102845514.74,2.71,2.28,0.26,2.18
2023-11-14,001203,11.66,11.58,11.68,11.54,50907,55501566.3,1.2,-0.86,-0.1,1.18
2023-11-15,001203,11.8,11.76,11.85,11.63,90517,99921521.73,1.9,1.55,0.18,2.09
2023-11-16,001203,11.71,11.59,11.73,11.55,61181,66752510.21,1.53,-1.45,-0.17,1.41
2023-11-17,001203,11.55,11.69,11.72,11.52,49096,53696610.0,1.73,0.86,0.1,1.13
2023-11-20,001203,11.72,11.66,11.73,11.59,55774,61120261.0,1.2,-0.26,-0.03,1.29
2023-11-21,001203,11.68,11.68,11.8,11.64,62705,69153623.22,1.37,0.17,0.02,1.45
2023-11-22,001203,11.66,11.55,11.7,11.55,47341,51683807.76,1.28,-1.11,-0.13,1.09
2023-11-23,001203,11.51,11.58,11.6,11.48,38876,42162446.05,1.04,0.26,0.03,0.9
2023-11-24,001203,11.58,11.5,11.61,11.44,40841,44103735.76,1.47,-0.69,-0.08,0.94
2023-11-27,001203,11.5,11.39,11.52,11.32,51225,54689057.32,1.74,-0.96,-0.11,1.18
2023-11-28,001203,11.38,11.41,11.43,11.3,39975,42601842.78,1.14,0.18,0.02,0.92
2023-11-29,001203,11.41,11.33,11.44,11.32,25715,27440929.0,1.05,-0.7,-0.08,0.59
2023-11-30,001203,11.3,11.19,11.32,11.13,44810,47091302.0,1.68,-1.24,-0.14,1.03
2023-12-01,001203,11.21,11.16,11.22,11.1,37702,39397753.44,1.07,-0.27,-0.03,0.87
2023-12-04,001203,11.19,11.18,11.28,11.1,48461,50795128.0,1.61,0.18,0.02,1.12
2023-12-05,001203,11.18,10.95,11.18,10.95,50872,52726242.0,2.06,-2.06,-0.23,1.17
2023-12-06,001203,10.93,11.18,11.26,10.91,57219,59787747.0,3.2,2.1,0.23,1.32
2023-12-07,001203,11.15,11.09,11.19,11.01,46334,48025224.0,1.61,-0.81,-0.09,1.07
2023-12-08,001203,11.2,11.07,11.23,11.06,36468,37936002.14,1.53,-0.18,-0.02,0.84
2023-12-11,001203,11.04,11.05,11.1,10.93,55237,56921609.09,1.54,-0.18,-0.02,1.28
2023-12-12,001203,11.04,11.01,11.04,10.97,31916,32890575.0,0.63,-0.36,-0.04,0.74
2023-12-13,001203,10.97,10.91,11.0,10.88,48829,49901530.8,1.09,-0.91,-0.1,1.13
2023-12-14,001203,10.95,10.86,10.98,10.86,30202,30859466.0,1.1,-0.46,-0.05,0.7
2023-12-15,001203,10.94,10.84,10.98,10.83,33576,34245020.64,1.38,-0.18,-0.02,0.78
2023-12-18,001203,10.8,10.7,10.84,10.65,40752,40734657.31,1.75,-1.29,-0.14,0.94
2023-12-19,001203,10.68,10.67,10.72,10.61,30246,30128209.9,1.03,-0.28,-0.03,0.7
2023-12-20,001203,10.64,10.58,10.72,10.58,22926,22801232.48,1.31,-0.84,-0.09,0.53
2023-12-21,001203,10.51,10.69,10.72,10.48,30646,30328240.11,2.27,1.04,0.11,0.71
2023-12-22,001203,10.7,10.78,10.85,10.62,39908,40079693.56,2.15,0.84,0.09,0.92
2023-12-25,001203,10.81,10.61,10.81,10.58,32682,32537935.0,2.13,-1.58,-0.17,0.75
2023-12-26,001203,10.6,10.54,10.65,10.49,20724,20417546.0,1.51,-0.66,-0.07,0.48
2023-12-27,001203,10.54,10.59,10.65,10.51,25555,25251969.0,1.33,0.47,0.05,0.59
2023-12-28,001203,10.63,10.82,10.9,10.58,45829,46269614.03,3.02,2.17,0.23,1.06
2023-12-29,001203,10.83,10.87,10.92,10.8,32131,32663797.91,1.11,0.46,0.05,0.74
2024-01-02,001203,10.87,10.99,11.05,10.82,41112,42296463.5,2.12,1.1,0.12,0.95
2024-01-03,001203,11.0,11.04,11.08,10.97,34077,35177930.0,1.0,0.45,0.05,0.79
2024-01-04,001203,11.03,11.01,11.09,10.94,28757,29606945.0,1.36,-0.27,-0.03,0.66
2024-01-05,001203,10.99,10.94,11.1,10.89,37805,38962907.0,1.91,-0.64,-0.07,0.87
2024-01-08,001203,10.88,10.88,11.03,10.83,57137,58512918.12,1.83,-0.55,-0.06,1.32
2024-01-09,001203,10.81,11.02,11.08,10.76,51155,52427587.4,2.94,1.29,0.14,1.18
2024-01-10,001203,10.93,10.97,11.06,10.83,45627,46847435.75,2.09,-0.45,-0.05,1.05
2024-01-11,001203,10.95,11.13,11.2,10.92,80192,83261774.46,2.55,1.46,0.16,1.85
2024-01-12,001203,11.06,11.02,11.19,11.02,55871,58058178.0,1.53,-0.99,-0.11,1.29
2024-01-15,001203,10.95,10.94,11.05,10.9,31503,32343659.0,1.36,-0.73,-0.08,0.73
2024-01-16,001203,10.92,10.81,10.97,10.69,45098,45570446.0,2.56,-1.19,-0.13,1.04
2024-01-17,001203,10.84,10.67,10.86,10.63,41539,41721450.9,2.13,-1.3,-0.14,0.96
2024-01-18,001203,10.61,10.37,10.63,10.1,82991,79881837.72,4.97,-2.81,-0.3,1.92
2024-01-19,001203,10.35,10.4,10.45,10.25,38323,37127249.8,1.93,0.29,0.03,0.89
2024-01-22,001203,10.38,9.93,10.4,9.83,59259,56016276.1,5.48,-4.52,-0.47,1.37
2024-01-23,001203,9.93,9.98,10.01,9.67,47167,43176520.0,3.42,0.5,0.05,1.09
2024-01-24,001203,10.06,10.16,10.2,9.84,43605,40809925.3,3.61,1.8,0.18,1.01
2024-01-25,001203,10.19,10.46,10.48,10.16,47413,45842695.75,3.15,2.95,0.3,1.09
2024-01-26,001203,10.5,10.48,10.57,10.4,53661,52508561.64,1.63,0.19,0.02,1.24
2024-01-29,001203,10.55,10.33,10.59,10.27,55182,53552949.36,3.05,-1.43,-0.15,1.27
2024-01-30,001203,10.22,10.07,10.38,10.05,39850,38032471.0,3.19,-2.52,-0.26,0.92
2024-01-31,001203,10.1,9.86,10.14,9.75,53893,49642480.3,3.87,-2.09,-0.21,1.24
2024-02-01,001203,9.83,9.65,9.91,9.53,62557,56445024.0,3.85,-2.13,-0.21,1.44
2024-02-02,001203,9.69,9.29,9.78,9.08,65610,57306431.6,7.25,-3.73,-0.36,1.52
2024-02-05,001203,9.3,8.88,9.35,8.58,94428,77832033.82,8.29,-4.41,-0.41,2.18
2024-02-06,001203,8.71,9.67,9.7,8.7,110913,95380317.96,11.26,8.9,0.79,2.56
2024-02-07,001203,9.6,10.19,10.33,9.53,161008,150831366.82,8.27,5.38,0.52,3.72
2024-02-08,001203,10.28,10.17,10.57,10.07,166633,159397483.8,4.91,-0.2,-0.02,3.85
2024-02-19,001203,10.25,10.15,10.28,10.05,92290,87335559.12,2.26,-0.2,-0.02,2.13
2024-02-20,001203,10.12,10.09,10.15,10.0,47753,44657532.9,1.48,-0.59,-0.06,1.1
2024-02-21,001203,10.07,10.07,10.22,9.95,101967,96415201.6,2.68,-0.2,-0.02,2.35
2024-02-22,001203,10.01,10.15,10.15,10.0,58194,54657198.0,1.49,0.79,0.08,1.34
2024-02-23,001203,10.15,10.13,10.16,10.02,61048,57299140.5,1.38,-0.2,-0.02,1.41
2024-02-26,001203,10.12,10.09,10.18,10.05,78232,73622009.18,1.28,-0.39,-0.04,1.81
2024-02-27,001203,10.05,10.17,10.17,9.98,62195,58411029.1,1.88,0.79,0.08,1.44
2024-02-28,001203,10.19,10.02,10.46,10.01,108706,103779717.8,4.42,-1.47,-0.15,2.51
2024-02-29,001203,9.97,10.25,10.25,9.93,78445,74067586.0,3.19,2.3,0.23,1.81
2024-03-01,001203,10.23,10.24,10.32,10.16,47363,45099827.72,1.56,-0.1,-0.01,1.09
2024-03-04,001203,10.23,10.03,10.32,9.97,59531,55734836.0,3.42,-2.05,-0.21,1.37
2024-03-05,001203,10.0,9.96,10.06,9.93,49017,45504326.0,1.3,-0.7,-0.07,1.13
2024-03-06,001203,9.96,10.06,10.14,9.93,49667,46363805.36,2.11,1.0,0.1,1.15
2024-03-07,001203,10.11,10.1,10.32,10.06,72689,69091521.12,2.58,0.4,0.04,1.68
2024-03-08,001203,10.1,10.07,10.14,9.99,39879,37323500.46,1.49,-0.3,-0.03,0.92
2024-03-11,001203,10.07,10.28,10.29,10.05,57341,54301789.8,2.38,2.09,0.21,1.32
2024-03-12,001203,10.3,10.15,10.3,10.07,67057,63406340.92,2.24,-1.26,-0.13,1.55
2024-03-13,001203,10.15,10.12,10.17,10.0,61466,57659105.05,1.67,-0.3,-0.03,1.42
2024-03-14,001203,10.13,10.09,10.24,10.04,55938,52907732.04,1.98,-0.3,-0.03,1.29
2024-03-15,001203,10.05,10.3,10.31,10.04,80881,76866322.96,2.68,2.08,0.21,1.87
2024-03-18,001203,10.29,10.32,10.36,10.14,69624,66411523.99,2.14,0.19,0.02,1.61
2024-03-19,001203,10.38,10.38,10.62,10.31,120307,117660085.18,3.0,0.58,0.06,2.78
2024-03-20,001203,10.38,10.51,10.55,10.36,102265,99912286.61,1.83,1.25,0.13,2.36
2024-03-21,001203,10.55,10.42,10.59,10.37,81628,79505359.0,2.09,-0.86,-0.09,1.89
2024-03-22,001203,10.42,10.32,10.47,10.24,70421,67958927.0,2.21,-0.96,-0.1,1.63
2024-03-25,001203,10.2,10.35,10.52,10.15,85440,82872162.8,3.59,0.29,0.03,1.97
2024-03-26,001203,10.35,10.23,10.4,10.1,69698,66304796.58,2.9,-1.16,-0.12,1.61
2024-03-27,001203,10.37,9.99,10.38,9.99,48867,46231822.0,3.81,-2.35,-0.24,1.13
2024-03-28,001203,9.91,10.11,10.17,9.91,48070,45167856.25,2.6,1.2,0.12,1.11
2024-03-29,001203,10.1,10.32,10.34,10.1,52715,50301728.35,2.37,2.08,0.21,1.22
2024-04-01,001203,10.34,10.57,10.61,10.34,83157,81791430.42,2.62,2.42,0.25,1.92
2024-04-02,001203,10.57,10.67,10.72,10.54,87789,87324429.96,1.7,0.95,0.1,2.03
2024-04-03,001203,10.59,10.87,10.94,10.59,121249,122407342.98,3.28,1.87,0.2,2.8
2024-04-08,001203,10.87,10.87,11.08,10.75,172691,176403173.91,3.04,0.0,0.0,3.98
2024-04-09,001203,10.67,10.97,11.08,10.65,126260,128974318.0,3.96,0.92,0.1,2.91
2024-04-10,001203,10.97,10.91,11.08,10.84,94089,96359396.9,2.19,-0.55,-0.06,2.17
2024-04-11,001203,10.85,11.07,11.19,10.8,132577,137147377.18,3.57,1.47,0.16,3.06
2024-04-12,001203,11.01,11.04,11.12,10.85,120779,124165667.08,2.44,-0.27,-0.03,2.79
2024-04-15,001203,11.0,10.9,11.04,10.64,110974,112923172.02,3.62,-1.27,-0.14,2.56
2024-04-16,001203,10.85,10.66,11.02,10.63,124623,126065671.3,3.58,-2.2,-0.24,2.87
2024-04-17,001203,10.68,10.99,10.99,10.64,119388,120725542.72,3.28,3.1,0.33,2.75
2024-04-18,001203,10.99,10.96,11.12,10.9,102686,105569082.0,2.0,-0.27,-0.03,2.37
2024-04-19,001203,10.84,11.04,11.2,10.84,109540,113409841.7,3.28,0.73,0.08,2.53
2024-04-22,001203,10.96,11.15,11.29,10.94,181052,189578366.07,3.17,1.0,0.11,4.18
2024-04-23,001203,10.99,10.91,11.06,10.83,127116,130055195.97,2.06,-2.15,-0.24,2.93
2024-04-24,001203,10.88,10.97,10.99,10.64,133509,134866795.3,3.21,0.55,0.06,3.08
2024-04-25,001203,10.9,11.05,11.15,10.89,97095,100421969.85,2.37,0.73,0.08,2.24
2024-04-26,001203,11.0,11.19,11.22,10.97,94656,98598986.13,2.26,1.27,0.14,2.18
2024-04-29,001203,11.14,11.49,11.63,11.05,150997,160888230.73,5.18,2.68,0.3,3.48
2024-04-30,001203,11.39,11.55,11.76,11.36,135108,147312080.71,3.48,0.52,0.06,3.12
2024-05-06,001203,11.66,11.63,11.68,11.39,120937,131070129.02,2.51,0.69,0.08,2.79
2024-05-07,001203,11.58,11.6,11.71,11.56,66840,73021106.26,1.29,-0.26,-0.03,1.54
2024-05-08,001203,11.57,11.54,11.68,11.5,60883,66327567.78,1.55,-0.52,-0.06,1.4
2024-05-09,001203,11.53,12.15,12.33,11.52,174589,197035425.87,7.02,5.29,0.61,4.03
2024-05-10,001203,12.18,12.17,12.29,12.03,105781,121292527.9,2.14,0.16,0.02,1.44
2024-05-13,001203,12.08,11.89,12.1,11.85,82205,92192007.27,2.05,-2.3,-0.28,1.12
2024-05-14,001203,11.89,11.8,11.92,11.75,71310,79214934.77,1.43,-0.76,-0.09,0.97
2024-05-15,001203,11.75,11.7,11.87,11.68,48826,54050773.0,1.61,-0.85,-0.1,0.66
2024-05-16,001203,11.69,11.63,11.88,11.6,62455,68936442.9,2.39,-0.6,-0.07,0.85
2024-05-17,001203,11.61,11.74,11.75,11.54,56316,61537179.98,1.81,0.95,0.11,0.77
2024-05-20,001203,11.79,11.93,12.0,11.73,107023,119756985.61,2.3,1.62,0.19,1.46
2024-05-21,001203,11.96,11.75,12.01,11.71,71638,79771237.84,2.51,-1.51,-0.18,0.97
2024-05-22,001203,11.78,11.74,11.9,11.71,51720,57336114.36,1.62,-0.09,-0.01,0.7
2024-05-23,001203,11.63,11.3,11.63,11.27,99968,106888058.39,3.07,-3.75,-0.44,1.36
2024-05-24,001203,11.32,11.32,11.51,11.29,63834,68251059.94,1.95,0.18,0.02,0.87
2024-05-27,001203,11.32,11.38,11.41,11.22,45028,47776268.73,1.68,0.53,0.06,0.61
2024-05-28,001203,11.37,11.34,11.5,11.31,51164,54735882.42,1.67,-0.35,-0.04,0.7
2024-05-29,001203,11.27,11.52,11.64,11.26,60215,65133575.5,3.35,1.59,0.18,0.82
2024-05-30,001203,11.47,11.43,11.64,11.38,51387,55527367.79,2.26,-0.78,-0.09,0.7
2024-05-31,001203,11.45,11.32,11.48,11.29,42191,44964811.0,1.66,-0.96,-0.11,0.57
2024-06-03,001203,11.27,10.99,11.3,10.92,71492,74235754.82,3.36,-2.92,-0.33,0.97
2024-06-04,001203,11.08,11.2,11.23,10.95,53405,55530830.2,2.55,1.91,0.21,0.73
2024-06-05,001203,11.18,10.97,11.18,10.96,45184,46692916.7,1.96,-2.05,-0.23,0.61
2024-06-06,001203,11.05,10.9,11.09,10.84,57337,58841764.0,2.28,-0.64,-0.07,0.78
2024-06-07,001203,10.96,11.02,11.06,10.88,57016,58619327.0,1.65,1.1,0.12,0.78
2024-06-11,001203,11.01,11.0,11.06,10.8,48130,49349711.03,2.36,-0.18,-0.02,0.65
2024-06-12,001203,10.95,11.08,11.14,10.95,40987,42453335.0,1.73,0.73,0.08,0.56
2024-06-13,001203,11.08,10.83,11.1,10.79,41149,41940371.0,2.8,-2.26,-0.25,0.56
2024-06-14,001203,10.81,10.83,10.88,10.7,53765,54270596.9,1.66,0.0,0.0,0.73
2024-06-17,001203,10.78,10.89,11.15,10.67,73689,75569688.98,4.43,0.55,0.06,1.0
2024-06-18,001203,10.98,10.88,11.03,10.85,33399,34147908.88,1.65,-0.09,-0.01,0.45
2024-06-19,001203,10.81,10.72,10.91,10.72,46668,47044512.51,1.75,-1.47,-0.16,0.63
2024-06-20,001203,10.73,10.54,10.87,10.54,46653,46461894.72,3.08,-1.68,-0.18,0.63
2024-06-21,001203,10.54,10.67,10.72,10.52,38577,38390586.19,1.9,1.23,0.13,0.52
2024-06-24,001203,10.6,10.28,10.63,10.23,50352,48804709.92,3.75,-3.66,-0.39,0.68
2024-06-25,001203,10.24,10.32,10.48,10.22,40082,38734656.58,2.53,0.39,0.04,0.55
2024-06-26,001203,10.39,10.59,10.59,10.24,40476,39310305.92,3.39,2.62,0.27,0.55
2024-06-27,001203,10.53,10.28,10.58,10.26,38656,37386268.28,3.02,-2.93,-0.31,0.53
2024-06-28,001203,10.27,10.31,10.48,10.23,33817,32714837.82,2.43,0.29,0.03,0.46
2024-07-01,001203,10.32,10.42,10.48,10.26,34571,33444563.8,2.13,1.07,0.11,0.28
2024-07-02,001203,10.44,10.34,10.48,10.32,30198,29231216.0,1.54,-0.77,-0.08,0.25
2024-07-03,001203,10.31,10.2,10.39,10.16,36032,34397093.0,2.22,-1.35,-0.14,0.29
2024-07-04,001203,10.1,10.04,10.27,10.0,30918,29102278.04,2.65,-1.57,-0.16,0.25
2024-07-05,001203,10.06,10.16,10.2,9.97,32522,30521074.47,2.29,1.2,0.12,0.27
2024-07-08,001203,10.18,9.97,10.19,9.92,38199,35584095.93,2.66,-1.87,-0.19,0.31
2024-07-09,001203,9.91,10.06,10.1,9.85,38038,35395997.35,2.51,0.9,0.09,0.31
2024-07-10,001203,10.03,9.97,10.15,9.94,27431,25615905.0,2.09,-0.89,-0.09,0.22
2024-07-11,001203,10.06,10.25,10.3,10.06,35051,33349740.12,2.41,2.81,0.28,0.29
2024-07-12,001203,10.3,10.11,10.32,10.08,28100,26589251.8,2.34,-1.37,-0.14,0.23
2024-07-15,001203,10.07,9.92,10.09,9.9,34667,32162083.16,1.88,-1.88,-0.19,0.28
2024-07-16,001203,10.02,9.79,10.02,9.76,28213,25710730.86,2.62,-1.31,-0.13,0.23
2024-07-17,001203,9.87,9.62,9.87,9.58,47468,42428920.0,2.96,-1.74,-0.17,0.39
2024-07-18,001203,9.56,9.61,9.64,9.46,33297,29469800.34,1.87,-0.1,-0.01,0.27
2024-07-19,001203,9.59,9.51,9.6,9.43,45998,40520706.42,1.77,-1.04,-0.1,0.37
2024-07-22,001203,9.49,9.43,9.57,9.36,49507,43242408.0,2.21,-0.84,-0.08,0.4
2024-07-23,001203,9.38,9.19,9.45,9.19,44922,38545960.52,2.76,-2.55,-0.24,0.37
2024-07-24,001203,9.15,9.12,9.23,9.03,39218,33035137.66,2.18,-0.76,-0.07,0.32
2024-07-25,001203,9.1,9.05,9.18,8.98,50456,42174960.72,2.19,-0.77,-0.07,0.41
2024-07-26,001203,9.07,9.18,9.25,9.06,36701,31084195.72,2.1,1.44,0.13,0.3
2024-07-29,001203,9.19,8.98,9.19,8.95,51777,43149456.76,2.61,-2.18,-0.2,0.42
2024-07-30,001203,8.97,9.01,9.01,8.9,34668,28642774.68,1.22,0.33,0.03,0.28
2024-07-31,001203,9.02,9.22,9.22,8.93,79348,66870823.58,3.22,2.33,0.21,0.65
2024-08-01,001203,9.22,9.09,9.32,9.06,74699,63124852.0,2.82,-1.41,-0.13,0.61
2024-08-02,001203,9.01,9.01,9.1,8.98,49453,41202537.0,1.32,-0.88,-0.08,0.4
2024-08-05,001203,8.96,8.87,9.1,8.84,63302,52343701.08,2.89,-1.55,-0.14,0.52
2024-08-06,001203,8.91,8.97,9.03,8.9,51803,42783584.68,1.47,1.13,0.1,0.42
2024-08-07,001203,8.95,8.97,9.01,8.88,31926,26343535.0,1.45,0.0,0.0,0.26
2024-08-08,001203,8.96,9.01,9.03,8.85,40591,33524411.4,2.01,0.45,0.04,0.33
2024-08-09,001203,9.02,9.02,9.12,9.0,44215,36973886.93,1.33,0.11,0.01,0.36
2024-08-12,001203,9.03,8.98,9.06,8.92,41758,34608782.04,1.55,-0.44,-0.04,0.34
2024-08-13,001203,8.96,8.99,9.02,8.89,36334,30001823.0,1.45,0.11,0.01,0.3
2024-08-14,001203,8.98,8.76,9.01,8.75,57975,47089674.0,2.89,-2.56,-0.23,0.47
2024-08-15,001203,8.74,8.72,8.86,8.68,62084,49990813.44,2.05,-0.46,-0.04,0.51
2024-08-16,001203,8.75,8.62,8.77,8.58,56616,44937903.89,2.18,-1.15,-0.1,0.46
2024-08-19,001203,8.64,8.73,8.79,8.61,57181,45865938.0,2.09,1.28,0.11,0.47
2024-08-20,001203,8.73,8.56,8.78,8.53,48536,38418495.72,2.86,-1.95,-0.17,0.4
2024-08-21,001203,8.57,8.58,8.6,8.51,28954,22739631.31,1.05,0.23,0.02,0.24
2024-08-22,001203,8.56,8.43,8.6,8.41,48816,37967536.08,2.21,-1.75,-0.15,0.4
2024-08-23,001203,8.4,8.48,8.56,8.39,39863,30953298.64,2.02,0.59,0.05,0.32
2024-08-26,001203,8.5,8.38,8.54,8.29,78692,60443736.08,2.95,-1.18,-0.1,0.64
2024-08-27,001203,8.35,8.25,8.37,8.21,46242,34987002.14,1.91,-1.55,-0.13,0.38
2024-08-28,001203,8.24,8.29,8.33,8.16,46070,34846928.92,2.06,0.48,0.04,0.38
2024-08-29,001203,8.25,8.42,8.45,8.2,41325,31661692.53,3.02,1.57,0.13,0.34
2024-08-30,001203,8.42,8.5,8.61,8.28,71150,55370324.36,3.92,0.95,0.08,0.58
2024-09-02,001203,8.5,8.4,8.51,8.35,61843,47709413.0,1.88,-1.18,-0.1,0.5
2024-09-03,001203,8.4,8.43,8.5,8.36,44796,34612979.0,1.67,0.36,0.03,0.37
2024-09-04,001203,8.4,8.35,8.47,8.33,43338,33326550.91,1.66,-0.95,-0.08,0.35
2024-09-05,001203,8.36,8.3,8.44,8.22,51107,38923346.78,2.63,-0.6,-0.05,0.42
2024-09-06,001203,8.31,8.14,8.31,8.11,67684,50653479.0,2.41,-1.93,-0.16,0.55
2024-09-09,001203,8.13,8.05,8.15,8.01,58400,42987205.0,1.72,-1.11,-0.09,0.48
2024-09-10,001203,8.06,8.05,8.11,7.91,57905,42334128.0,2.48,0.0,0.0,0.47
2024-09-11,001203,8.02,8.11,8.14,8.0,42784,31607003.4,1.74,0.75,0.06,0.35
2024-09-12,001203,8.11,8.09,8.24,8.08,44627,33240059.0,1.97,-0.25,-0.02,0.36
2024-09-13,001203,8.09,8.0,8.13,7.98,40472,29678246.56,1.85,-1.11,-0.09,0.33
2024-09-18,001203,7.99,7.94,8.02,7.81,61859,44458954.89,2.63,-0.75,-0.06,0.5
2024-09-19,001203,7.96,8.15,8.23,7.95,66755,49447232.0,3.53,2.64,0.21,0.54
2024-09-20,001203,8.18,8.1,8.18,8.02,47601,35097041.28,1.96,-0.61,-0.05,0.39
2024-09-23,001203,8.07,8.08,8.15,8.02,40731,30124299.0,1.6,-0.25,-0.02,0.33
2024-09-24,001203,8.12,8.46,8.46,8.12,103476,78935365.02,4.21,4.7,0.38,0.84
2024-09-25,001203,8.57,8.53,8.72,8.52,114526,90912820.15,2.36,0.83,0.07,0.93
2024-09-26,001203,8.52,8.78,8.78,8.48,113681,90667278.0,3.52,2.93,0.25,0.93
2024-09-27,001203,8.86,9.13,9.22,8.85,120928,100670811.56,4.21,3.99,0.35,0.99
2024-09-30,001203,9.69,9.97,9.97,9.43,255468,232734776.67,5.91,9.2,0.84,2.1
2024-10-08,001203,10.9,10.26,10.9,9.97,271581,262490448.09,9.33,2.91,0.29,2.23
2024-10-09,001203,10.16,9.44,10.18,9.38,197464,178262967.99,7.8,-7.99,-0.82,1.62
2024-10-10,001203,9.5,9.49,9.75,9.36,124921,110778228.85,4.13,0.53,0.05,1.03
2024-10-11,001203,9.52,9.23,9.56,9.14,98393,84770113.22,4.43,-2.74,-0.26,0.81
2024-10-14,001203,9.25,9.41,9.44,9.13,74969,64498546.5,3.36,1.95,0.18,0.62
2024-10-15,001203,9.37,9.13,9.38,9.11,72564,62086794.0,2.87,-2.98,-0.28,0.6
2024-10-16,001203,9.06,9.19,9.28,9.01,61444,51953681.01,2.96,0.66,0.06,0.51
2024-10-17,001203,9.2,9.03,9.27,9.03,60694,51312343.15,2.61,-1.74,-0.16,0.5
2024-10-18,001203,9.01,9.16,9.3,8.96,96055,80843355.72,3.77,1.44,0.13,0.79
2024-10-21,001203,9.2,9.16,9.25,9.05,114304,96600722.32,2.18,0.0,0.0,0.94
2024-10-22,001203,9.17,9.33,9.33,9.1,87831,74863885.2,2.51,1.86,0.17,0.72
2024-10-23,001203,9.32,9.36,9.44,9.29,78588,68085523.0,1.61,0.32,0.03,0.65
2024-10-24,001203,9.28,9.27,9.37,9.21,58479,50085694.0,1.71,-0.96,-0.09,0.48
2024-10-25,001203,9.26,9.46,9.47,9.25,91881,79689512.0,2.37,2.05,0.19,0.76
2024-10-28,001203,9.48,9.65,9.66,9.47,136337,121052801.62,2.01,2.01,0.19,1.12
2024-10-29,001203,9.63,9.3,9.65,9.28,144876,125029791.17,3.83,-3.63,-0.35,1.19
2024-10-30,001203,9.28,9.27,9.4,9.19,86515,73319718.1,2.26,-0.32,-0.03,0.71
2024-10-31,001203,9.26,9.27,9.33,9.2,61733,52324477.26,1.4,0.0,0.0,0.51
2024-11-01,001203,9.25,9.45,9.5,9.25,165139,141955269.79,2.7,1.94,0.18,1.36
2024-11-04,001203,9.49,9.45,9.51,9.3,99770,85790498.04,2.22,0.0,0.0,0.82
2024-11-05,001203,9.43,9.58,9.59,9.41,136540,119268447.3,1.9,1.38,0.13,1.12
2024-11-06,001203,9.56,9.57,9.71,9.52,129529,114008210.0,1.98,-0.1,-0.01,1.06
2024-11-07,001203,9.52,9.71,9.72,9.46,131946,116660891.48,2.72,1.46,0.14,1.08
2024-11-08,001203,9.82,9.64,9.89,9.59,135175,120223458.92,3.09,-0.72,-0.07,1.11
2024-11-11,001203,9.58,9.99,10.07,9.53,192958,172334787.7,5.6,3.63,0.35,1.59
2024-11-12,001203,10.09,10.73,10.91,10.06,613431,605616828.34,8.51,7.41,0.74,5.04
2024-11-13,001203,10.39,11.16,11.3,10.26,661988,674794073.48,9.69,4.01,0.43,5.44
2024-11-14,001203,11.5,10.63,11.71,10.6,414050,420799157.54,9.95,-4.75,-0.53,3.4
2024-11-15,001203,10.46,10.22,10.76,10.2,294941,284753028.16,5.27,-3.86,-0.41,2.42
2024-11-18,001203,10.4,9.86,10.49,9.75,272104,252502754.05,7.24,-3.52,-0.36,2.24
2024-11-19,001203,9.96,10.77,10.77,9.75,278696,262452573.12,10.34,9.23,0.91,2.29
2024-11-20,001203,10.88,10.86,11.06,10.72,392147,395737675.54,3.16,0.84,0.09,3.22
2024-11-21,001203,10.91,10.85,11.33,10.79,256760,260056000.5,4.97,-0.09,-0.01,2.11
2024-11-22,001203,10.75,10.32,11.0,10.29,291362,285843612.6,6.54,-4.88,-0.53,2.39
2024-11-25,001203,10.45,10.45,10.6,10.21,195678,188202712.0,3.78,1.26,0.13,1.61
2024-11-26,001203,10.5,10.26,10.74,10.22,166765,160591985.12,4.98,-1.82,-0.19,1.37
2024-11-27,001203,10.2,10.27,10.27,9.95,156213,145633063.56,3.12,0.1,0.01,1.28
2024-11-28,001203,10.21,10.24,10.47,10.16,134457,127728331.54,3.02,-0.29,-0.03,1.11
2024-11-29,001203,10.26,10.44,10.6,10.13,178104,171035415.19,4.59,1.95,0.2,1.46
2024-12-02,001203,10.45,10.58,10.63,10.42,144025,140117524.73,2.01,1.34,0.14,1.18
2024-12-03,001203,10.53,10.46,10.63,10.37,121884,117653591.0,2.46,-1.13,-0.12,1.0
2024-12-04,001203,10.43,10.27,10.48,10.2,110269,104880411.48,2.68,-1.82,-0.19,0.91
2024-12-05,001203,10.21,10.28,10.32,10.17,84144,79510560.0,1.46,0.1,0.01,0.69
2024-12-06,001203,10.25,10.34,10.37,10.16,101009,95941599.92,2.04,0.58,0.06,0.83
2024-12-09,001203,10.34,10.32,10.46,10.22,92371,88152363.95,2.32,-0.19,-0.02,0.76
2024-12-10,001203,10.98,10.62,10.98,10.58,296127,293731187.95,3.88,2.91,0.3,2.43
2024-12-11,001203,10.61,10.63,10.73,10.55,120890,119098528.2,1.69,0.09,0.01,0.99
2024-12-12,001203,10.66,10.67,10.69,10.54,105625,103854689.75,1.41,0.38,0.04,0.87
2024-12-13,001203,10.63,10.38,10.63,10.36,135652,131123856.02,2.53,-2.72,-0.29,1.12
2024-12-16,001203,10.38,10.26,10.46,10.21,81322,77196010.46,2.41,-1.16,-0.12,0.67
2024-12-17,001203,10.2,10.03,10.27,9.99,100841,93905822.86,2.73,-2.24,-0.23,0.83
2024-12-18,001203,10.05,10.05,10.14,10.02,58699,54456857.7,1.2,0.2,0.02,0.48
2024-12-19,001203,9.96,10.04,10.05,9.89,65046,59547999.55,1.59,-0.1,-0.01,0.53
2024-12-20,001203,9.97,10.01,10.06,9.97,54183,49969082.44,0.9,-0.3,-0.03,0.45
2024-12-23,001203,10.02,9.79,10.04,9.78,71050,64558467.73,2.6,-2.2,-0.22,0.58
2024-12-24,001203,9.78,9.89,9.91,9.78,60010,54329399.54,1.33,1.02,0.1,0.49
2024-12-25,001203,9.9,9.73,9.9,9.65,56607,50564164.0,2.53,-1.62,-0.16,0.47
2024-12-26,001203,9.73,9.73,9.82,9.68,44255,39626644.2,1.44,0.0,0.0,0.36
2024-12-27,001203,9.71,9.8,9.86,9.71,41424,37273290.0,1.54,0.72,0.07,0.34
2024-12-30,001203,9.77,9.7,9.8,9.66,51911,46266534.91,1.43,-1.02,-0.1,0.43
2024-12-31,001203,9.7,9.46,9.74,9.44,64594,56523929.32,3.09,-2.47,-0.24,0.49
2025-01-02,001203,9.46,9.27,9.53,9.18,77511,66395167.76,3.7,-2.01,-0.19,0.59
2025-01-03,001203,9.28,9.13,9.46,9.12,74392,63170288.1,3.67,-1.51,-0.14,0.57
2025-01-06,001203,9.12,9.23,9.35,9.05,66327,55820038.0,3.29,1.1,0.1,0.5
2025-01-07,001203,9.23,9.25,9.27,9.08,47611,39973718.0,2.06,0.22,0.02,0.36
2025-01-08,001203,9.22,9.05,9.24,8.92,77817,64155623.0,3.46,-2.16,-0.2,0.59
2025-01-09,001203,9.02,9.02,9.09,8.98,47171,38910778.0,1.22,-0.33,-0.03,0.36
2025-01-10,001203,9.06,8.94,9.11,8.94,46106,37835643.0,1.88,-0.89,-0.08,0.35
2025-01-13,001203,8.87,9.04,9.06,8.82,61205,50088201.0,2.68,1.12,0.1,0.47
2025-01-14,001203,9.08,9.17,9.19,9.04,87199,72539618.95,1.66,1.44,0.13,0.66
2025-01-15,001203,9.14,9.09,9.18,9.05,66857,55526752.93,1.42,-0.87,-0.08,0.51
2025-01-16,001203,9.18,9.15,9.23,9.06,64319,53746745.04,1.87,0.66,0.06,0.49
2025-01-17,001203,9.12,9.19,9.22,9.09,47805,39973289.0,1.42,0.44,0.04,0.36
2025-01-20,001203,9.23,9.2,9.26,9.18,41356,34787963.0,0.87,0.11,0.01,0.31
2025-01-21,001203,9.23,9.12,9.25,9.06,39133,32518752.0,2.07,-0.87,-0.08,0.3
2025-01-22,001203,9.08,9.07,9.08,8.98,36613,30147616.0,1.1,-0.55,-0.05,0.28
2025-01-23,001203,9.17,9.12,9.23,9.09,90507,75784696.0,1.54,0.55,0.05,0.69
2025-01-24,001203,9.12,9.19,9.22,9.08,53925,45049653.76,1.54,0.77,0.07,0.41
2025-01-27,001203,9.21,9.28,9.37,9.2,59343,50508207.0,1.85,0.98,0.09,0.45
2025-02-05,001203,9.34,9.2,9.34,9.16,53488,45086450.0,1.94,-0.86,-0.08,0.41
2025-02-06,001203,9.18,9.31,9.31,9.15,45593,38475111.72,1.74,1.2,0.11,0.35
2025-02-07,001203,9.33,9.51,9.51,9.28,73016,62996750.72,2.47,2.15,0.2,0.56
2025-02-10,001203,9.51,9.48,9.56,9.43,61467,53329346.05,1.37,-0.32,-0.03,0.47
2025-02-11,001203,9.48,9.42,9.52,9.35,47791,41110299.6,1.79,-0.63,-0.06,0.36
2025-02-12,001203,9.41,9.48,9.55,9.35,51755,44723129.24,2.12,0.64,0.06,0.39
2025-02-13,001203,9.47,9.43,9.59,9.4,57224,49765134.25,2.0,-0.53,-0.05,0.44
2025-02-14,001203,9.42,9.41,9.48,9.36,39876,34394787.91,1.27,-0.21,-0.02,0.3
2025-02-17,001203,9.4,9.35,9.4,9.29,55287,47214552.41,1.17,-0.64,-0.06,0.42
2025-02-18,001203,9.37,9.27,9.41,9.23,51884,44260905.0,1.93,-0.86,-0.08,0.39
2025-02-19,001203,9.27,9.35,9.37,9.24,39678,33764657.0,1.4,0.86,0.08,0.3
2025-02-20,001203,9.35,9.33,9.39,9.29,45991,39297508.0,1.07,-0.21,-0.02,0.35
2025-02-21,001203,9.36,9.37,9.45,9.31,53753,46046143.64,1.5,0.43,0.04,0.41
2025-02-24,001203,9.35,9.43,9.48,9.33,77999,67179190.37,1.6,0.64,0.06,0.59
2025-02-25,001203,9.38,9.44,9.48,9.32,50620,43641464.61,1.7,0.11,0.01,0.39
2025-02-26,001203,9.45,9.62,9.67,9.44,92139,81045714.41,2.44,1.91,0.18,0.7
2025-02-27,001203,9.64,9.56,9.64,9.47,64279,56231382.31,1.77,-0.62,-0.06,0.49
2025-02-28,001203,9.52,9.38,9.58,9.36,55165,47798391.24,2.3,-1.88,-0.18,0.42
2025-03-03,001203,9.43,9.62,9.75,9.42,119554,105568059.53,3.52,2.56,0.24,0.91
2025-03-04,001203,9.65,9.55,9.65,9.5,70573,61711248.18,1.56,-0.73,-0.07,0.54
2025-03-05,001203,9.55,9.46,9.57,9.35,71827,61955283.81,2.3,-0.94,-0.09,0.55
2025-03-06,001203,9.49,9.47,9.54,9.4,73985,63954604.0,1.48,0.11,0.01,0.56
2025-03-07,001203,9.43,9.57,9.66,9.4,103749,91104535.0,2.75,1.06,0.1,0.79
2025-03-10,001203,9.65,9.58,9.66,9.53,52282,45895391.75,1.36,0.1,0.01,0.4
2025-03-11,001203,9.55,9.78,9.81,9.45,121587,107929927.09,3.76,2.09,0.2,0.92
2025-03-12,001203,9.77,9.73,9.78,9.68,68207,60863866.52,1.02,-0.51,-0.05,0.52
2025-03-13,001203,9.74,9.74,9.76,9.61,64591,57326986.0,1.54,0.1,0.01,0.49
2025-03-14,001203,9.75,9.83,9.85,9.72,93104,83697823.24,1.33,0.92,0.09,0.71
2025-03-17,001203,9.8,9.74,9.82,9.72,66027,59089825.09,1.02,-0.92,-0.09,0.5
2025-03-18,001203,9.74,9.75,9.85,9.71,61925,55548263.09,1.44,0.1,0.01,0.47
2025-03-19,001203,9.76,9.68,9.76,9.66,55369,49211115.0,1.03,-0.72,-0.07,0.42
2025-03-20,001203,9.68,9.69,9.74,9.64,47585,42317710.0,1.03,0.1,0.01,0.36
2025-03-21,001203,9.65,9.6,9.76,9.57,59607,52846603.0,1.96,-0.93,-0.09,0.45
2025-03-24,001203,9.6,9.7,9.74,9.55,86920,76920924.26,1.98,1.04,0.1,0.66
2025-03-25,001203,9.68,9.78,9.79,9.65,84813,75909998.0,1.44,0.82,0.08,0.65
2025-03-26,001203,9.77,9.8,9.88,9.72,63145,56956237.28,1.64,0.2,0.02,0.48
2025-03-27,001203,9.75,9.68,9.8,9.64,50493,44924755.0,1.63,-1.22,-0.12,0.38
2025-03-28,001203,9.65,9.48,9.69,9.46,66564,58137792.94,2.38,-2.07,-0.2,0.51
2025-03-31,001203,9.44,9.38,9.49,9.31,56054,48214559.91,1.9,-1.05,-0.1,0.43
2025-04-01,001203,9.42,9.59,9.63,9.41,53588,46884696.56,2.35,2.24,0.21,0.41
2025-04-02,001203,9.57,9.58,9.64,9.54,40200,35355614.72,1.04,-0.1,-0.01,0.31
2025-04-03,001203,9.52,9.56,9.61,9.49,33939,29681903.0,1.25,-0.21,-0.02,0.26
2025-04-07,001203,9.13,8.68,9.26,8.68,116581,93949491.23,6.07,-9.21,-0.88,0.89
2025-04-08,001203,8.68,8.71,8.76,8.53,105132,82592361.56,2.65,0.35,0.03,0.8
2025-04-09,001203,8.61,8.74,8.76,8.35,80723,62759293.0,4.71,0.34,0.03,0.61
2025-04-10,001203,8.89,8.92,8.99,8.83,61625,50085253.66,1.83,2.06,0.18,0.47
2025-04-11,001203,8.86,8.89,8.97,8.84,38053,30883354.26,1.46,-0.34,-0.03,0.29
2025-04-14,001203,8.98,8.93,9.0,8.9,55509,45210335.0,1.12,0.45,0.04,0.42
2025-04-15,001203,8.95,8.9,8.97,8.86,29631,23980559.0,1.23,-0.34,-0.03,0.23
2025-04-16,001203,8.87,8.84,8.91,8.72,43207,34605271.81,2.13,-0.67,-0.06,0.33
2025-04-17,001203,8.81,8.88,8.97,8.8,37677,30541939.0,1.92,0.45,0.04,0.29
2025-04-18,001203,8.88,8.88,8.93,8.85,24294,19627695.1,0.9,0.0,0.0,0.18
2025-04-21,001203,8.83,8.92,9.05,8.82,88793,72519772.0,2.59,0.45,0.04,0.68
2025-04-22,001203,8.95,8.93,8.98,8.83,61869,50027806.0,1.68,0.11,0.01,0.47
2025-04-23,001203,8.94,9.02,9.05,8.93,51100,41802030.0,1.34,1.01,0.09,0.39
2025-04-24,001203,9.02,9.17,9.2,8.97,91875,76491946.0,2.55,1.66,0.15,0.7
2025-04-25,001203,9.17,9.21,9.28,9.11,63381,53289374.22,1.85,0.44,0.04,0.48
