日期,股票代码,开盘,收盘,最高,最低,成交量,成交额,振幅,涨跌幅,涨跌额,换手率
2011-03-02,002557,40.0,38.22,40.0,38.0,120931,465385706.61,5.0,-4.45,-1.78,30.23
2011-03-03,002557,38.28,37.65,38.47,37.5,46620,176382283.74,2.54,-1.49,-0.57,11.65
2011-03-04,002557,37.75,37.79,37.94,37.5,19576,73902876.34,1.17,0.37,0.14,4.89
2011-03-07,002557,37.79,37.98,37.98,37.6,23002,86764970.16,1.01,0.5,0.19,5.75
2011-03-08,002557,37.9,37.71,37.9,37.63,15231,57426006.06,0.71,-0.71,-0.27,3.81
2011-03-09,002557,37.69,37.72,37.86,37.62,14612,55114081.44,0.64,0.03,0.01,3.65
2011-03-10,002557,37.7,37.6,37.86,37.5,13424,50552139.35,0.95,-0.32,-0.12,3.36
2011-03-11,002557,37.68,37.52,37.73,37.51,13367,50229575.6,0.59,-0.21,-0.08,3.34
2011-03-14,002557,37.5,37.63,37.75,37.5,9063,34054925.74,0.67,0.29,0.11,2.27
2011-03-15,002557,37.56,37.22,37.6,37.01,19142,71149525.41,1.57,-1.09,-0.41,4.79
2011-03-16,002557,37.18,37.23,37.35,37.06,8783,32656979.53,0.78,0.03,0.01,2.2
2011-03-17,002557,37.18,36.92,37.18,36.81,12681,46815507.77,0.99,-0.83,-0.31,3.17
2011-03-18,002557,36.92,37.01,37.11,36.92,5068,18750033.44,0.51,0.24,0.09,1.27
2011-03-21,002557,37.0,36.87,37.01,36.83,7082,26124073.12,0.49,-0.38,-0.14,1.77
2011-03-22,002557,36.87,37.52,37.85,36.86,19937,74613927.46,2.69,1.76,0.65,4.98
2011-03-23,002557,37.45,37.22,37.54,36.88,8839,32845465.15,1.76,-0.8,-0.3,2.21
2011-03-24,002557,37.19,36.98,37.35,36.89,8054,29841800.82,1.24,-0.64,-0.24,2.01
2011-03-25,002557,36.97,37.14,37.17,36.97,5689,21078614.32,0.54,0.43,0.16,1.42
2011-03-28,002557,37.14,37.0,37.25,36.85,9422,34829618.71,1.08,-0.38,-0.14,2.36
2011-03-29,002557,36.91,36.7,36.99,36.58,9919,36388721.73,1.11,-0.81,-0.3,2.48
2011-03-30,002557,36.7,36.6,36.72,36.5,6311,23092565.3,0.6,-0.27,-0.1,1.58
2011-03-31,002557,36.55,36.25,36.74,36.21,5826,21201575.68,1.45,-0.96,-0.35,1.46
2011-04-01,002557,36.37,36.42,36.46,36.22,3228,11724435.78,0.66,0.47,0.17,0.81
2011-04-07,002557,36.42,36.58,36.75,36.31,4856,17738353.42,1.21,0.44,0.16,1.21
2011-04-08,002557,36.58,36.56,36.74,36.41,3894,14232106.56,0.9,-0.05,-0.02,0.97
2011-04-11,002557,36.6,36.5,36.69,36.46,4027,14710010.79,0.63,-0.16,-0.06,1.01
2011-04-12,002557,36.48,36.59,36.68,36.42,4335,15827774.26,0.71,0.25,0.09,1.08
2011-04-13,002557,36.5,36.75,36.75,36.48,3967,14523716.34,0.74,0.44,0.16,0.99
2011-04-14,002557,36.76,36.72,36.85,36.62,4269,15668164.32,0.63,-0.08,-0.03,1.07
2011-04-15,002557,36.5,36.03,36.56,35.99,9768,35338262.8,1.55,-1.88,-0.69,2.44
2011-04-18,002557,36.09,35.87,36.13,35.8,5872,21078908.59,0.92,-0.44,-0.16,1.47
2011-04-19,002557,35.73,35.58,35.73,35.46,5767,20494987.89,0.75,-0.81,-0.29,1.44
2011-04-20,002557,35.5,35.66,35.7,35.49,3321,11822686.07,0.59,0.22,0.08,0.83
2011-04-21,002557,35.66,35.55,35.69,35.49,3872,13768483.53,0.56,-0.31,-0.11,0.97
2011-04-22,002557,35.53,35.5,35.53,35.31,5175,18332196.74,0.62,-0.14,-0.05,1.29
2011-04-25,002557,35.45,35.02,35.51,35.01,4567,16044215.14,1.41,-1.35,-0.48,1.14
2011-04-26,002557,35.02,34.52,35.09,34.0,7881,27164765.37,3.11,-1.43,-0.5,1.97
2011-04-27,002557,34.23,34.37,34.51,34.21,3869,13272692.89,0.87,-0.43,-0.15,0.97
2011-04-28,002557,34.5,34.0,34.5,33.64,4973,16903705.44,2.5,-1.08,-0.37,1.24
2011-04-29,002557,33.98,34.04,34.09,33.62,3355,11373930.87,1.38,0.12,0.04,0.84
2011-05-03,002557,34.1,34.09,34.14,33.75,2062,6998612.2,1.15,0.15,0.05,0.52
2011-05-04,002557,34.0,34.1,34.2,33.85,2949,10029167.53,1.03,0.03,0.01,0.74
2011-05-05,002557,33.98,34.51,34.68,33.95,4894,16859282.85,2.14,1.2,0.41,1.22
2011-05-06,002557,34.44,34.35,34.53,34.22,2247,7724927.76,0.9,-0.46,-0.16,0.56
2011-05-09,002557,34.4,34.45,34.78,34.4,2198,7604800.53,1.11,0.29,0.1,0.55
2011-05-10,002557,34.48,34.13,34.58,34.09,2287,7825574.88,1.42,-0.93,-0.32,0.57
2011-05-11,002557,34.0,34.1,34.22,34.0,1234,4208725.6,0.64,-0.09,-0.03,0.31
2011-05-12,002557,34.05,33.68,34.05,33.68,2712,9175897.87,1.09,-1.23,-0.42,0.68
2011-05-13,002557,33.69,33.54,33.74,33.12,3020,10100426.82,1.84,-0.42,-0.14,0.75
2011-05-16,002557,33.74,33.44,33.74,33.36,2001,6718015.57,1.13,-0.3,-0.1,0.5
2011-05-17,002557,33.5,33.27,33.5,33.12,1654,5502928.59,1.14,-0.51,-0.17,0.41
2011-05-18,002557,33.27,33.65,33.7,33.27,2141,7190632.83,1.29,1.14,0.38,0.54
2011-05-19,002557,33.65,33.57,33.68,33.45,1291,4333757.09,0.68,-0.24,-0.08,0.32
2011-05-20,002557,33.4,33.33,33.6,33.3,1328,4432404.51,0.89,-0.71,-0.24,0.33
2011-05-23,002557,33.21,31.87,33.21,31.87,3409,11076173.0,4.02,-4.38,-1.46,0.85
2011-05-24,002557,31.58,31.78,31.79,31.49,1982,6264366.8,0.94,-0.28,-0.09,0.5
2011-05-25,002557,31.63,31.07,31.8,31.03,1736,5459548.56,2.42,-2.23,-0.71,0.43
2011-05-26,002557,31.2,30.8,31.6,30.8,1841,5733899.98,2.57,-0.87,-0.27,0.46
2011-05-27,002557,30.0,29.66,30.5,29.5,3507,10456379.31,3.25,-3.7,-1.14,0.88
2011-05-30,002557,29.76,29.44,29.76,29.2,1867,5498450.96,1.89,-0.74,-0.22,0.47
2011-05-31,002557,29.49,29.67,29.68,29.2,1829,5381014.04,1.63,0.78,0.23,0.46
2011-06-01,002557,29.6,29.89,29.89,29.51,2307,6862867.7,1.28,0.74,0.22,0.58
2011-06-02,002557,29.73,29.01,29.73,28.59,6973,20264511.5,3.81,-2.94,-0.88,1.39
2011-06-03,002557,29.01,29.03,29.25,28.73,4914,14284236.7,1.79,0.07,0.02,0.98
2011-06-07,002557,29.14,28.9,29.27,28.74,5682,16494148.29,1.83,-0.45,-0.13,1.14
2011-06-08,002557,28.69,28.5,28.93,28.18,8266,23540676.29,2.6,-1.38,-0.4,1.65
2011-06-09,002557,28.5,29.11,29.5,28.23,12418,36201659.74,4.46,2.14,0.61,2.48
2011-06-10,002557,29.11,29.99,30.0,28.7,9878,29120561.92,4.47,3.02,0.88,1.98
2011-06-13,002557,29.71,30.15,30.4,29.34,7663,22962408.63,3.53,0.53,0.16,1.53
2011-06-14,002557,30.11,30.29,30.39,29.69,6952,20873069.96,2.32,0.46,0.14,1.39
2011-06-15,002557,29.95,29.52,30.28,29.52,4344,12951886.13,2.51,-2.54,-0.77,0.87
2011-06-16,002557,29.7,28.62,29.7,28.51,4449,12937194.61,4.03,-3.05,-0.9,0.89
2011-06-17,002557,28.79,27.59,28.99,27.51,8365,23561149.08,5.17,-3.6,-1.03,1.67
2011-06-20,002557,27.72,28.1,28.15,27.54,5701,15913858.33,2.21,1.85,0.51,1.14
2011-06-21,002557,27.95,28.6,28.68,27.9,5276,14984895.82,2.78,1.78,0.5,1.06
2011-06-22,002557,28.6,28.55,28.7,28.48,1418,4052229.49,0.77,-0.17,-0.05,0.28
2011-06-23,002557,28.55,28.96,28.99,28.18,3939,11291911.08,2.84,1.44,0.41,0.79
2011-06-24,002557,28.8,29.36,29.87,28.66,6385,18767103.35,4.18,1.38,0.4,1.28
2011-06-27,002557,29.36,29.44,29.7,29.34,3126,9218317.33,1.23,0.27,0.08,0.63
2011-06-28,002557,29.45,29.25,29.54,29.0,2601,7600966.78,1.83,-0.65,-0.19,0.52
2011-06-29,002557,29.25,29.4,29.65,29.01,3698,10869389.23,2.19,0.51,0.15,0.74
2011-06-30,002557,29.45,29.76,29.76,29.0,4406,12995281.05,2.59,1.22,0.36,0.89
2011-07-01,002557,29.75,29.91,30.13,29.65,3986,11923751.12,1.61,0.5,0.15,0.8
2011-07-04,002557,29.92,30.5,30.5,29.8,6041,18284069.72,2.34,1.97,0.59,1.22
2011-07-05,002557,30.5,30.52,30.64,30.29,3239,9878592.76,1.15,0.07,0.02,0.65
2011-07-07,002557,31.0,32.14,33.4,31.0,18974,61715783.9,7.86,5.31,1.62,3.83
2011-07-08,002557,31.91,32.4,32.8,31.68,7123,23043866.05,3.48,0.81,0.26,1.44
2011-07-11,002557,32.51,33.57,33.77,32.51,17148,57132121.07,3.89,3.61,1.17,3.46
2011-07-12,002557,33.35,32.63,33.35,32.6,8816,28976484.07,2.23,-2.8,-0.94,1.78
2011-07-13,002557,32.58,33.85,33.9,32.58,13671,45946725.9,4.05,3.74,1.22,2.76
2011-07-14,002557,33.98,34.03,34.56,33.46,12407,42212522.78,3.25,0.53,0.18,2.51
2011-07-15,002557,33.65,33.97,34.38,33.64,11457,39115847.22,2.17,-0.18,-0.06,2.31
2011-07-18,002557,33.9,34.3,34.42,33.8,9094,31032094.77,1.83,0.97,0.33,1.84
2011-07-19,002557,34.01,33.05,34.17,33.0,9627,32046650.6,3.41,-3.64,-1.25,1.94
2011-07-20,002557,33.31,34.82,34.82,32.79,16575,55921443.25,6.14,5.36,1.77,3.35
2011-07-21,002557,34.7,34.65,35.2,34.3,14454,50298418.2,2.58,-0.49,-0.17,2.92
2011-07-22,002557,34.52,35.65,35.81,34.52,22846,80936549.06,3.72,2.89,1.0,4.61
2011-07-25,002557,35.53,34.85,35.98,34.6,11151,39431768.79,3.87,-2.24,-0.8,2.25
2011-07-26,002557,34.96,34.18,35.34,34.06,13565,46944076.86,3.67,-1.92,-0.67,2.74
2011-07-27,002557,34.15,33.8,34.16,32.9,20917,69812831.81,3.69,-1.11,-0.38,4.22
2011-07-28,002557,33.7,34.03,34.98,33.5,27906,95543899.35,4.38,0.68,0.23,5.64
2011-07-29,002557,33.9,33.9,34.48,33.43,11492,39006871.05,3.09,-0.38,-0.13,2.32
2011-08-01,002557,34.28,33.6,34.28,32.8,14197,47042342.86,4.37,-0.88,-0.3,2.87
2011-08-02,002557,33.6,33.3,33.6,32.89,5546,18445178.21,2.11,-0.89,-0.3,1.12
2011-08-03,002557,33.18,33.67,33.7,33.0,7756,25982498.91,2.1,1.11,0.37,1.57
2011-08-04,002557,33.79,33.82,34.37,33.49,7109,24105769.94,2.61,0.45,0.15,1.44
2011-08-05,002557,32.98,33.18,33.4,30.45,10154,33460363.77,8.72,-1.89,-0.64,2.05
2011-08-08,002557,32.9,32.38,33.1,31.15,9130,29396507.38,5.88,-2.41,-0.8,1.84
2011-08-09,002557,31.96,32.32,32.5,31.31,7587,24258201.57,3.68,-0.19,-0.06,1.53
2011-08-10,002557,32.7,33.05,33.48,32.7,7185,23725152.66,2.41,2.26,0.73,1.45
2011-08-11,002557,32.2,34.23,34.25,32.16,14859,50172280.46,6.32,3.57,1.18,3.0
2011-08-15,002557,34.8,35.0,35.25,34.3,13454,46727772.0,2.78,2.25,0.77,2.72
2011-08-16,002557,35.0,34.45,35.0,34.36,6368,22016619.0,1.83,-1.57,-0.55,1.29
2011-08-17,002557,35.0,35.15,35.39,34.51,11134,39101005.0,2.55,2.03,0.7,2.25
2011-08-18,002557,35.12,34.7,35.49,34.29,4725,16448570.0,3.41,-1.28,-0.45,0.95
2011-08-19,002557,34.15,34.82,34.88,33.9,5815,20000904.0,2.82,0.35,0.12,1.17
2011-08-22,002557,34.99,34.79,35.14,34.39,4337,15059392.0,2.15,-0.09,-0.03,0.88
2011-08-23,002557,34.79,35.1,35.11,34.5,6398,22322731.0,1.75,0.89,0.31,1.29
2011-08-24,002557,34.79,34.69,36.02,34.07,15306,40447175.0,5.56,-1.17,-0.41,2.38
2011-08-25,002557,34.55,34.43,34.88,34.08,8458,21869526.0,2.31,-0.75,-0.26,1.31
2011-08-26,002557,33.91,35.08,35.41,33.91,8158,21424504.0,4.36,1.89,0.65,1.27
2011-08-29,002557,35.08,34.86,35.14,34.51,6038,15893431.0,1.8,-0.63,-0.22,0.94
2011-08-30,002557,34.89,34.4,35.12,34.36,4699,12299447.0,2.18,-1.32,-0.46,0.73
2011-08-31,002557,34.4,33.84,34.46,33.58,4652,11861079.0,2.56,-1.63,-0.56,0.72
2011-09-01,002557,33.97,33.99,34.16,33.71,2252,5753750.0,1.33,0.44,0.15,0.35
2011-09-02,002557,33.65,33.59,34.15,33.34,2872,7276765.0,2.38,-1.18,-0.4,0.45
2011-09-05,002557,33.21,32.77,33.62,32.56,3482,8672680.0,3.16,-2.44,-0.82,0.54
2011-09-06,002557,32.58,33.2,34.32,32.17,6636,16586231.0,6.56,1.31,0.43,1.03
2011-09-07,002557,33.43,33.34,33.63,32.95,1526,3833155.0,2.05,0.42,0.14,0.24
2011-09-08,002557,33.54,33.2,33.72,33.08,1381,3469360.0,1.92,-0.42,-0.14,0.21
2011-09-09,002557,33.71,33.03,33.75,32.68,1366,3425471.0,3.22,-0.51,-0.17,0.21
2011-09-13,002557,32.52,32.87,33.03,32.47,1638,4037442.0,1.7,-0.48,-0.16,0.25
2011-09-14,002557,32.87,32.91,32.99,32.55,1038,2564678.0,1.34,0.12,0.04,0.16
2011-09-15,002557,32.94,33.08,33.2,32.87,1179,2933661.0,1.0,0.52,0.17,0.18
2011-09-16,002557,33.19,32.98,33.2,32.94,1011,2517586.0,0.79,-0.3,-0.1,0.16
2011-09-19,002557,32.87,32.25,32.87,32.25,1263,3078828.0,1.88,-2.21,-0.73,0.2
2011-09-20,002557,32.21,32.16,32.63,31.94,1742,4213511.0,2.14,-0.28,-0.09,0.27
2011-09-21,002557,32.16,32.58,32.68,31.96,1973,4823127.0,2.24,1.31,0.42,0.31
2011-09-22,002557,32.55,31.99,32.65,31.96,1692,4110466.0,2.12,-1.81,-0.59,0.26
2011-09-23,002557,32.06,31.63,32.06,31.42,1637,3891259.0,2.0,-1.13,-0.36,0.25
2011-09-26,002557,31.65,31.48,31.89,31.37,990,2346659.0,1.64,-0.47,-0.15,0.15
2011-09-27,002557,31.46,31.31,31.61,31.25,1396,3292116.0,1.14,-0.54,-0.17,0.22
2011-09-28,002557,31.44,30.86,31.51,30.73,1315,3078805.0,2.49,-1.44,-0.45,0.2
2011-09-29,002557,30.86,30.73,31.25,29.98,7652,17724702.0,4.12,-0.42,-0.13,1.19
2011-09-30,002557,30.7,30.26,30.86,30.18,1470,3367785.0,2.21,-1.53,-0.47,0.23
2011-10-10,002557,30.27,29.43,30.27,29.43,2178,4859605.0,2.78,-2.74,-0.83,0.34
2011-10-11,002557,29.95,29.16,30.34,28.88,4343,9597552.0,4.96,-0.92,-0.27,0.67
2011-10-12,002557,29.01,29.53,29.66,28.82,8162,17897004.0,2.88,1.27,0.37,1.27
2011-10-13,002557,29.44,29.66,29.95,29.3,6405,14279000.0,2.2,0.44,0.13,1.0
2011-10-14,002557,29.68,29.75,29.81,29.51,3261,7262112.0,1.01,0.3,0.09,0.51
2011-10-17,002557,29.62,30.08,30.29,29.61,3269,7373321.0,2.29,1.11,0.33,0.51
2011-10-18,002557,30.05,29.3,30.05,29.3,2271,5043078.0,2.49,-2.59,-0.78,0.35
2011-10-19,002557,29.22,29.17,29.46,28.95,1329,2914616.0,1.74,-0.44,-0.13,0.21
2011-10-20,002557,29.25,28.42,29.33,28.42,2923,6344499.0,3.12,-2.57,-0.75,0.45
2011-10-21,002557,28.6,28.29,28.92,28.0,1451,3067477.0,3.24,-0.46,-0.13,0.23
2011-10-24,002557,28.36,29.05,29.17,27.88,2404,5143763.0,4.56,2.69,0.76,0.37
2011-10-25,002557,29.0,29.52,29.59,28.74,2601,5719899.0,2.93,1.62,0.47,0.4
2011-10-26,002557,29.88,31.13,31.9,29.86,10630,25076773.0,6.91,5.45,1.61,1.65
2011-10-27,002557,30.99,31.2,31.63,30.73,2917,6834884.0,2.89,0.22,0.07,0.45
2011-10-28,002557,31.51,31.55,31.68,31.02,3738,8842327.0,2.12,1.12,0.35,0.58
2011-10-31,002557,31.55,32.22,32.22,31.3,5982,14395083.0,2.92,2.12,0.67,0.93
2011-11-01,002557,32.09,32.24,32.46,31.38,7107,17161359.0,3.35,0.06,0.02,1.1
2011-11-02,002557,31.87,34.5,34.75,31.69,22822,57699046.0,9.49,7.01,2.26,3.55
2011-11-03,002557,34.75,34.3,34.76,34.12,9306,24176299.0,1.86,-0.58,-0.2,1.45
2011-11-04,002557,34.3,33.85,34.76,33.63,8463,21792065.0,3.29,-1.31,-0.45,1.31
2011-11-07,002557,34.17,33.65,34.17,33.63,2640,6722429.0,1.6,-0.59,-0.2,0.41
2011-11-08,002557,33.5,34.11,34.5,33.46,6811,17543620.0,3.09,1.37,0.46,1.06
2011-11-09,002557,34.32,35.6,35.71,33.91,17781,46949900.0,5.28,4.37,1.49,2.76
2011-11-10,002557,35.15,35.85,37.1,34.76,25215,69075092.0,6.57,0.7,0.25,3.92
2011-11-11,002557,36.06,35.15,36.44,34.92,9459,25412649.0,4.24,-1.95,-0.7,1.47
2011-11-14,002557,35.15,35.23,35.77,34.89,9490,25222998.0,2.5,0.23,0.08,1.47
2011-11-15,002557,35.28,34.88,35.28,34.76,7095,18694728.0,1.48,-0.99,-0.35,1.1
2011-11-16,002557,34.88,34.38,35.14,34.38,7594,19767560.0,2.18,-1.43,-0.5,1.18
2011-11-17,002557,34.2,35.02,35.15,34.2,7173,18845064.0,2.76,1.86,0.64,1.11
2011-11-18,002557,34.89,34.53,35.02,34.37,4507,11787217.0,1.86,-1.4,-0.49,0.7
2011-11-21,002557,34.33,34.2,34.88,34.08,2187,5650950.0,2.32,-0.96,-0.33,0.34
2011-11-22,002557,34.06,34.49,34.66,33.91,1812,4691376.0,2.19,0.85,0.29,0.28
2011-11-23,002557,34.5,35.02,35.15,34.5,2837,7454968.0,1.88,1.54,0.53,0.44
2011-11-24,002557,34.73,35.84,36.31,34.58,11945,32211716.0,4.94,2.34,0.82,1.86
2011-11-25,002557,35.8,35.8,36.24,35.28,7092,19200701.0,2.68,-0.11,-0.04,1.1
2011-11-28,002557,35.55,35.64,36.02,35.53,3994,10748219.0,1.37,-0.45,-0.16,0.62
2011-11-29,002557,35.68,36.31,36.31,35.68,6910,18841536.0,1.77,1.88,0.67,1.07
2011-11-30,002557,36.31,36.1,36.53,34.98,15114,40842560.0,4.27,-0.58,-0.21,2.35
2011-12-01,002557,36.59,36.19,36.84,36.18,10962,30131382.0,1.83,0.25,0.09,1.7
2011-12-02,002557,35.81,35.77,35.81,34.63,7544,20085594.0,3.26,-1.16,-0.42,1.17
2011-12-05,002557,34.81,35.77,35.93,34.76,3694,9894552.0,3.27,0.0,0.0,0.57
2011-12-06,002557,35.44,35.67,35.67,34.85,2600,6907793.0,2.29,-0.28,-0.1,0.4
2011-12-07,002557,34.9,35.8,35.8,34.9,4882,13120302.0,2.52,0.36,0.13,0.76
2011-12-08,002557,35.37,36.38,36.38,35.37,3552,9675164.0,2.82,1.62,0.58,0.55
2011-12-09,002557,36.22,36.58,36.67,35.77,5375,14714649.0,2.47,0.55,0.2,0.83
2011-12-12,002557,36.45,36.51,36.71,36.07,3194,8781051.0,1.75,-0.19,-0.07,0.5
2011-12-13,002557,35.96,35.79,36.19,35.12,4616,12418528.0,2.93,-1.97,-0.72,0.72
2011-12-14,002557,35.64,35.8,36.05,35.38,3536,9537032.0,1.87,0.03,0.01,0.55
2011-12-15,002557,35.67,35.53,35.8,34.64,4767,12670281.0,3.24,-0.75,-0.27,0.74
2011-12-16,002557,34.63,36.32,36.42,34.63,2778,7499334.0,5.04,2.22,0.79,0.43
2011-12-19,002557,36.36,36.15,36.36,34.76,4132,10986161.0,4.41,-0.47,-0.17,0.64
2011-12-20,002557,35.53,35.67,35.72,34.77,2870,7673852.0,2.63,-1.33,-0.48,0.45
2011-12-21,002557,35.6,35.6,35.67,35.02,1395,3713776.0,1.82,-0.2,-0.07,0.22
2011-12-22,002557,35.05,34.24,35.25,32.58,7400,18629155.0,7.5,-3.82,-1.36,1.15
2011-12-23,002557,33.0,33.55,34.11,32.94,3861,9810479.0,3.42,-2.02,-0.69,0.6
2011-12-26,002557,33.59,32.94,34.02,32.94,6548,16451564.0,3.22,-1.82,-0.61,1.02
2011-12-27,002557,32.84,31.12,32.84,30.47,5028,12086950.0,7.19,-5.53,-1.82,0.78
2011-12-28,002557,30.61,31.87,33.2,29.56,13664,31111556.0,11.7,2.41,0.75,2.12
2011-12-29,002557,31.68,32.55,32.61,31.05,2472,5984992.0,4.89,2.13,0.68,0.38
2011-12-30,002557,31.9,33.13,33.13,31.83,3654,8968676.0,3.99,1.78,0.58,0.57
2012-01-04,002557,32.58,32.8,33.33,32.58,4048,10055445.0,2.26,-1.0,-0.33,0.62
2012-01-05,002557,32.45,32.16,33.11,31.64,2133,5194583.0,4.48,-1.95,-0.64,0.33
2012-01-06,002557,31.64,33.46,33.46,30.48,4799,11462789.0,9.27,4.04,1.3,0.74
2012-01-09,002557,32.93,33.19,33.45,32.29,3698,9147511.0,3.47,-0.81,-0.27,0.57
2012-01-10,002557,33.39,33.56,33.56,32.71,8218,20548959.0,2.56,1.11,0.37,1.26
2012-01-11,002557,33.23,33.45,33.52,32.81,3927,9816018.0,2.12,-0.33,-0.11,0.6
2012-01-12,002557,33.2,32.81,33.36,32.04,5821,14321796.0,3.95,-1.91,-0.64,0.9
2012-01-13,002557,32.61,31.18,33.0,31.18,4565,10917354.0,5.55,-4.97,-1.63,0.7
2012-01-16,002557,30.7,28.14,31.25,28.14,8875,19687392.0,9.97,-9.75,-3.04,1.37
2012-01-17,002557,28.27,29.43,29.53,27.55,6766,14504914.0,7.04,4.58,1.29,1.04
2012-01-18,002557,29.05,29.05,29.82,28.0,4355,9562244.0,6.18,-1.29,-0.38,0.67
2012-01-19,002557,28.91,29.14,29.61,28.52,3588,7867266.0,3.75,0.31,0.09,0.55
2012-01-20,002557,29.79,30.34,30.44,28.96,4399,9961745.0,5.08,4.12,1.2,0.68
2012-01-30,002557,30.6,30.27,30.68,29.46,987,2253618.0,4.02,-0.23,-0.07,0.15
2012-01-31,002557,29.83,30.59,30.6,29.83,1235,2810815.0,2.54,1.06,0.32,0.19
2012-02-01,002557,30.26,30.9,32.45,30.26,4181,9855750.0,7.16,1.01,0.31,0.64
2012-02-02,002557,30.66,31.18,31.6,30.66,1586,3711542.0,3.04,0.91,0.28,0.24
2012-02-03,002557,31.03,31.94,31.96,31.03,2851,6816704.0,2.98,2.44,0.76,0.44
2012-02-06,002557,32.0,31.87,32.42,31.55,4068,9735915.0,2.72,-0.22,-0.07,0.63
2012-02-07,002557,31.42,31.25,31.82,31.02,1285,3028460.0,2.51,-1.95,-0.62,0.2
2012-02-08,002557,31.25,31.7,31.99,30.9,1308,3104619.0,3.49,1.44,0.45,0.2
2012-02-09,002557,31.7,31.51,32.07,31.25,2430,5801516.0,2.59,-0.6,-0.19,0.37
2012-02-10,002557,31.28,31.54,31.67,31.05,1877,4423669.0,1.97,0.1,0.03,0.29
2012-02-13,002557,31.51,31.89,31.99,31.05,1659,3970240.0,2.98,1.11,0.35,0.26
2012-02-14,002557,31.87,32.09,32.09,31.68,1678,4027858.0,1.29,0.63,0.2,0.26
2012-02-15,002557,32.03,31.73,32.03,30.9,3873,9203363.0,3.52,-1.12,-0.36,0.6
2012-02-16,002557,31.64,31.12,31.7,30.99,3766,8860150.0,2.24,-1.92,-0.61,0.58
2012-02-17,002557,31.12,31.31,31.48,30.98,3631,8519592.0,1.61,0.61,0.19,0.56
2012-02-20,002557,31.46,31.24,31.63,31.18,2586,6110825.0,1.44,-0.22,-0.07,0.4
2012-02-21,002557,31.72,32.15,32.16,31.51,8117,19456114.0,2.08,2.91,0.91,1.25
2012-02-22,002557,32.15,32.45,32.56,31.96,5549,13456657.0,1.87,0.93,0.3,0.85
2012-02-23,002557,32.24,33.59,33.72,32.24,12586,31341087.0,4.56,3.51,1.14,1.94
2012-02-24,002557,33.58,33.65,33.85,33.33,5446,13771309.0,1.55,0.18,0.06,0.84
2012-02-27,002557,33.72,33.46,33.85,33.45,5717,14504803.0,1.19,-0.56,-0.19,0.88
2012-02-28,002557,33.45,33.59,33.59,33.17,3235,8131754.0,1.26,0.39,0.13,0.5
2012-02-29,002557,33.69,32.97,33.78,32.95,2783,6977384.0,2.47,-1.85,-0.62,0.43
2012-03-01,002557,32.94,32.98,33.07,32.74,2262,5596220.0,1.0,0.03,0.01,0.35
2012-03-02,002557,32.9,33.2,33.26,32.9,2257,5625343.0,1.09,0.67,0.22,0.35
2012-03-05,002557,32.95,33.43,33.5,32.95,2801,7018934.0,1.66,0.69,0.23,0.43
2012-03-06,002557,33.56,33.08,33.58,33.08,1820,4556019.0,1.5,-1.05,-0.35,0.28
2012-03-07,002557,32.82,32.95,33.29,32.82,1805,4499448.0,1.42,-0.39,-0.13,0.28
2012-03-08,002557,32.97,33.54,33.59,32.95,2502,6304488.0,1.94,1.79,0.59,0.38
2012-03-09,002557,33.43,33.86,33.89,33.43,4024,10213755.0,1.37,0.95,0.32,0.62
2012-03-12,002557,33.73,34.76,35.27,33.72,5938,15479371.0,4.58,2.66,0.9,0.91
2012-03-13,002557,34.82,34.82,34.84,34.29,3062,7973314.0,1.58,0.17,0.06,0.47
2012-03-14,002557,34.82,33.41,35.08,33.21,5822,15099633.0,5.37,-4.05,-1.41,0.9
2012-03-15,002557,33.41,34.5,34.6,33.41,6065,15617198.0,3.56,3.26,1.09,0.93
2012-03-16,002557,34.5,35.8,36.27,34.45,14562,39212432.0,5.28,3.77,1.3,2.24
2012-03-19,002557,35.8,35.8,36.25,35.42,7085,19184367.0,2.32,0.0,0.0,1.09
2012-03-20,002557,35.54,35.16,35.6,34.93,4073,10826093.0,1.87,-1.79,-0.64,0.63
2012-03-21,002557,35.15,34.99,36.12,33.99,5354,14175003.0,6.06,-0.48,-0.17,0.82
2012-03-22,002557,34.63,34.42,34.98,34.24,3436,8921477.0,2.11,-1.63,-0.57,0.53
2012-03-23,002557,34.72,34.47,34.72,34.19,2831,7372484.0,1.54,0.15,0.05,0.44
2012-03-26,002557,34.5,35.4,35.42,33.99,3894,10318953.0,4.15,2.7,0.93,0.6
2012-03-27,002557,35.55,35.2,36.19,35.2,5330,14386522.0,2.8,-0.56,-0.2,0.82
2012-03-28,002557,35.28,35.71,35.92,33.42,14805,39097705.0,7.1,1.45,0.51,2.28
2012-03-29,002557,35.41,36.53,36.68,34.5,13386,36535712.0,6.1,2.3,0.82,2.06
2012-03-30,002557,36.5,35.46,36.71,35.25,6726,18166254.0,4.0,-2.93,-1.07,1.03
2012-04-05,002557,35.37,36.55,36.66,34.63,7481,19979802.0,5.72,3.07,1.09,1.15
2012-04-06,002557,35.93,36.12,36.7,35.58,8283,22627267.0,3.06,-1.18,-0.43,1.27
2012-04-09,002557,36.1,36.15,36.51,35.29,4802,13087037.0,3.38,0.08,0.03,0.74
2012-04-10,002557,36.02,36.89,36.9,35.34,5792,15843247.0,4.32,2.05,0.74,0.89
2012-04-11,002557,36.45,37.03,37.32,36.42,7578,21173489.0,2.44,0.38,0.14,1.17
2012-04-12,002557,37.26,38.41,38.72,37.03,20364,58470095.0,4.56,3.73,1.38,3.13
2012-04-13,002557,38.4,38.35,38.54,37.91,11909,34347183.0,1.64,-0.16,-0.06,1.83
2012-04-16,002557,37.92,37.44,38.27,36.72,9561,26969585.0,4.04,-2.37,-0.91,1.47
2012-04-17,002557,37.05,36.74,37.23,36.25,11029,30466662.0,2.62,-1.87,-0.7,1.7
2012-04-19,002557,37.33,36.58,37.44,36.5,12750,35447711.0,2.56,-0.44,-0.16,1.96
2012-04-20,002557,36.48,36.53,36.74,35.67,10494,28626159.0,2.93,-0.14,-0.05,1.61
2012-04-23,002557,35.93,34.84,36.57,34.79,10782,28931091.0,4.87,-4.63,-1.69,1.66
2012-04-24,002557,34.79,35.36,35.44,34.21,9609,25170569.0,3.53,1.49,0.52,1.48
2012-04-25,002557,35.16,34.93,35.16,34.49,6465,16951833.0,1.89,-1.22,-0.43,0.99
2012-04-26,002557,34.95,34.66,35.44,34.6,5015,13185075.0,2.4,-0.77,-0.27,0.77
2012-04-27,002557,34.66,35.64,35.75,34.63,7786,20624960.0,3.23,2.83,0.98,1.2
2012-05-02,002557,36.05,35.93,36.06,35.29,6988,18772902.0,2.16,0.81,0.29,1.08
2012-05-03,002557,35.92,35.86,36.12,35.68,3647,9874688.0,1.22,-0.19,-0.07,0.56
2012-05-04,002557,35.86,37.16,37.16,35.68,9721,26769616.0,4.13,3.63,1.3,1.5
2012-05-07,002557,36.42,37.71,37.78,35.75,17355,36093742.0,5.46,1.48,0.55,2.05
2012-05-08,002557,37.71,36.75,37.74,36.42,8587,17879085.0,3.5,-2.55,-0.96,1.02
2012-05-09,002557,36.59,36.19,36.59,35.66,6579,13395054.0,2.53,-1.52,-0.56,0.78
2012-05-11,002557,35.41,35.58,36.19,34.99,14586,29440836.0,3.32,-1.69,-0.61,1.73
2012-05-14,002557,35.58,35.19,35.75,34.75,6749,13352277.0,2.81,-1.1,-0.39,0.8
2012-05-15,002557,34.85,35.61,35.63,34.73,4814,9548409.0,2.56,1.19,0.42,0.57
2012-05-16,002557,35.63,35.39,35.87,35.09,3316,6655757.0,2.19,-0.62,-0.22,0.39
2012-05-17,002557,35.22,35.61,35.71,35.22,3395,6829576.0,1.38,0.62,0.22,0.4
2012-05-18,002557,35.24,35.24,35.63,34.85,3017,5967156.0,2.19,-1.04,-0.37,0.36
2012-05-21,002557,35.24,35.07,35.24,34.78,1646,3249652.0,1.31,-0.48,-0.17,0.19
2012-05-22,002557,35.29,35.44,35.49,34.73,3496,6936213.0,2.17,1.06,0.37,0.41
2012-05-23,002557,35.41,35.04,35.44,34.73,3011,5950582.0,2.0,-1.13,-0.4,0.36
2012-05-24,002557,35.04,33.82,35.04,33.8,6689,12885749.0,3.54,-3.48,-1.22,0.79
2012-05-25,002557,34.04,33.69,34.04,32.67,9985,18595760.0,4.05,-0.38,-0.13,1.18
2012-05-28,002557,33.26,33.57,33.7,33.21,6464,12208964.0,1.45,-0.36,-0.12,0.76
2012-05-29,002557,33.3,33.99,34.13,33.3,4363,8287745.0,2.47,1.25,0.42,0.52
2012-05-30,002557,34.06,33.43,34.06,33.21,4447,8393322.0,2.5,-1.65,-0.56,0.53
2012-05-31,002557,33.09,33.47,33.64,32.79,6345,11824377.0,2.54,0.12,0.04,0.75
2012-06-01,002557,33.48,34.72,34.75,33.4,10863,21000781.0,4.03,3.73,1.25,1.29
2012-06-04,002557,34.46,34.28,35.12,34.23,5005,9779625.0,2.56,-1.27,-0.44,0.59
2012-06-05,002557,34.24,34.72,35.04,34.06,4022,7861284.0,2.86,1.28,0.44,0.48
2012-06-06,002557,34.55,34.36,35.09,34.14,4714,9242629.0,2.74,-1.04,-0.36,0.56
2012-06-07,002557,34.43,34.09,34.62,33.37,5893,11262245.0,3.64,-0.79,-0.27,0.7
2012-06-08,002557,34.43,33.64,34.43,33.38,4092,7762356.0,3.08,-1.32,-0.45,0.48
2012-06-11,002557,33.55,33.65,33.96,33.25,3212,6055685.0,2.11,0.03,0.01,0.38
2012-06-12,002557,33.38,33.37,33.72,33.3,1682,3173090.0,1.25,-0.83,-0.28,0.2
2012-06-13,002557,33.38,34.16,34.18,33.25,7244,13771850.0,2.79,2.37,0.79,0.86
2012-06-14,002557,33.91,34.55,34.77,33.87,10232,19952823.0,2.63,1.14,0.39,1.21
2012-06-15,002557,34.78,34.56,34.78,34.23,7469,14532381.0,1.59,0.03,0.01,0.88
2012-06-18,002557,34.84,35.51,35.6,34.36,18998,37553236.0,3.59,2.75,0.95,2.25
2012-06-19,002557,35.12,35.39,35.78,35.06,10425,20840428.0,2.03,-0.34,-0.12,1.23
2012-06-20,002557,35.41,34.6,35.75,34.6,6101,12092451.0,3.25,-2.23,-0.79,0.72
2012-06-21,002557,34.6,34.56,34.7,34.33,4222,8203516.0,1.07,-0.12,-0.04,0.5
2012-06-25,002557,34.58,34.31,34.87,34.31,4910,9584201.0,1.62,-0.72,-0.25,0.58
2012-06-26,002557,34.23,34.4,34.7,33.42,4533,8721264.0,3.73,0.26,0.09,0.54
2012-06-27,002557,34.04,34.85,35.29,34.04,8271,16196375.0,3.63,1.31,0.45,0.98
2012-06-28,002557,34.85,34.75,35.16,34.4,7151,14016089.0,2.18,-0.29,-0.1,0.85
2012-06-29,002557,34.73,35.58,35.75,34.06,10584,20838561.0,4.86,2.39,0.83,1.25
2012-07-02,002557,35.66,36.73,37.52,35.51,21765,45121810.0,5.65,3.23,1.15,2.58
2012-07-03,002557,36.44,37.2,37.89,36.25,15277,32281448.0,4.47,1.28,0.47,1.81
2012-07-04,002557,37.42,37.17,37.47,36.59,10273,21521820.0,2.37,-0.08,-0.03,1.22
2012-07-05,002557,37.07,37.25,37.45,36.64,7794,16369078.0,2.18,0.22,0.08,0.92
2012-07-06,002557,37.27,37.76,37.89,36.88,10811,22894855.0,2.71,1.37,0.51,1.28
2012-07-09,002557,37.74,37.03,38.1,36.88,9472,20098925.0,3.23,-1.93,-0.73,1.12
2012-07-10,002557,36.68,36.17,36.83,35.92,7624,15677884.0,2.46,-2.32,-0.86,0.9
2012-07-11,002557,35.92,37.1,37.3,35.68,5827,12059065.0,4.48,2.57,0.93,0.69
2012-07-12,002557,37.0,37.69,38.11,36.81,11616,24902401.0,3.5,1.59,0.59,1.37
2012-07-13,002557,37.79,38.15,38.59,37.13,8747,18803374.0,3.87,1.22,0.46,1.04
2012-07-16,002557,38.44,37.08,38.59,36.76,11110,23947566.0,4.8,-2.8,-1.07,1.31
2012-07-17,002557,36.61,36.51,37.1,35.92,10657,21925660.0,3.18,-1.54,-0.57,1.26
2012-07-18,002557,36.47,37.27,37.27,36.0,6753,13961825.0,3.48,2.08,0.76,0.8
2012-07-19,002557,37.27,36.37,38.37,36.31,11486,24080992.0,5.53,-2.41,-0.9,1.36
2012-07-20,002557,36.39,35.9,36.71,35.8,12885,26390020.0,2.5,-1.29,-0.47,1.52
2012-07-23,002557,35.41,35.49,35.97,35.07,5475,10958993.0,2.51,-1.14,-0.41,0.65
2012-07-24,002557,35.48,35.58,36.04,35.26,6755,13618325.0,2.2,0.25,0.09,0.8
2012-07-25,002557,35.46,35.07,35.75,34.85,5301,10540363.0,2.53,-1.43,-0.51,0.63
2012-07-26,002557,35.36,35.07,35.83,34.9,14688,29407047.0,2.65,0.0,0.0,1.74
2012-07-27,002557,35.41,34.73,35.41,34.36,9380,18400818.0,2.99,-0.97,-0.34,1.11
2012-07-30,002557,34.75,34.23,35.16,33.89,7129,13771386.0,3.66,-1.44,-0.5,0.84
2012-07-31,002557,34.18,33.52,34.31,33.3,6343,12179684.0,2.95,-2.07,-0.71,0.75
2012-08-01,002557,33.55,33.84,34.21,33.38,6286,12003454.0,2.48,0.95,0.32,0.74
2012-08-02,002557,33.87,32.5,34.07,32.47,9852,18379613.0,4.73,-3.96,-1.34,1.17
2012-08-03,002557,32.47,33.38,33.38,32.47,11940,21996706.0,2.8,2.71,0.88,1.41
2012-08-06,002557,33.01,34.07,34.16,32.91,8491,16127991.0,3.74,2.07,0.69,1.0
2012-08-07,002557,34.07,34.06,34.51,33.94,4351,8393959.0,1.67,-0.03,-0.01,0.51
2012-08-08,002557,34.35,33.75,34.36,33.38,4480,8536019.0,2.88,-0.91,-0.31,0.53
2012-08-09,002557,33.72,34.4,34.4,33.47,8441,16235800.0,2.76,1.93,0.65,1.0
2012-08-10,002557,34.4,34.56,34.9,34.4,5608,10960916.0,1.45,0.47,0.16,0.66
2012-08-13,002557,34.56,33.84,34.56,33.84,2564,4958783.0,2.08,-2.08,-0.72,0.3
2012-08-14,002557,33.89,33.57,34.21,33.03,3827,7195083.0,3.49,-0.8,-0.27,0.45
2012-08-15,002557,33.5,33.65,33.79,32.71,3143,5952642.0,3.22,0.24,0.08,0.37
2012-08-16,002557,33.52,33.72,33.72,32.87,3576,6675968.0,2.53,0.21,0.07,0.42
2012-08-17,002557,33.4,33.69,34.14,33.25,3309,6307007.0,2.64,-0.09,-0.03,0.39
2012-08-20,002557,33.57,33.42,33.67,33.04,3630,6817309.0,1.87,-0.8,-0.27,0.43
2012-08-21,002557,33.55,33.58,33.97,33.38,7480,14179817.0,1.77,0.48,0.16,0.89
2012-08-22,002557,33.64,33.31,33.7,33.21,3970,7467745.0,1.46,-0.8,-0.27,0.47
2012-08-23,002557,32.99,33.3,33.38,32.99,4510,8438727.0,1.17,-0.03,-0.01,0.53
2012-08-24,002557,33.2,33.25,33.52,33.13,3442,6452026.0,1.17,-0.15,-0.05,0.41
2012-08-27,002557,33.25,32.77,33.3,32.67,3011,5574991.0,1.89,-1.44,-0.48,0.36
2012-08-28,002557,32.72,32.62,32.91,32.5,4018,7376981.0,1.25,-0.46,-0.15,0.48
2012-08-29,002557,32.62,32.18,32.72,32.18,3717,6806867.0,1.66,-1.35,-0.44,0.44
2012-08-30,002557,32.18,32.03,32.32,31.02,6985,12425459.0,4.04,-0.47,-0.15,0.83
2012-08-31,002557,32.05,32.57,33.16,31.68,4364,7965733.0,4.62,1.69,0.54,0.52
2012-09-03,002557,32.01,32.84,33.11,32.01,4925,9080301.0,3.38,0.83,0.27,0.58
2012-09-04,002557,32.84,33.04,33.47,32.74,6005,11195323.0,2.22,0.61,0.2,0.71
2012-09-05,002557,32.84,34.13,34.36,32.84,7358,13975372.0,4.6,3.3,1.09,0.87
2012-09-06,002557,33.89,33.86,34.19,33.53,3739,7126925.0,1.93,-0.79,-0.27,0.44
2012-09-07,002557,34.16,34.8,35.07,34.02,10754,20986109.0,3.1,2.78,0.94,1.27
2012-09-10,002557,34.68,34.77,34.89,34.48,6312,12377092.0,1.18,-0.09,-0.03,0.75
2012-09-11,002557,34.65,34.87,34.9,34.06,2806,5466074.0,2.42,0.29,0.1,0.33
2012-09-12,002557,34.94,35.04,35.58,34.6,3147,6251487.0,2.81,0.49,0.17,0.37
2012-09-13,002557,35.14,34.51,35.24,34.51,1437,2826632.0,2.08,-1.51,-0.53,0.17
2012-09-14,002557,34.87,34.41,34.89,34.23,2111,4097526.0,1.91,-0.29,-0.1,0.25
2012-09-17,002557,34.43,33.38,34.67,33.38,3996,7712229.0,3.75,-2.99,-1.03,0.47
2012-09-18,002557,33.31,33.16,33.52,32.82,3520,6592230.0,2.1,-0.66,-0.22,0.42
2012-09-19,002557,33.03,33.38,33.52,32.98,2195,4100744.0,1.63,0.66,0.22,0.26
2012-09-20,002557,33.21,32.06,33.37,32.03,2527,4631294.0,4.01,-3.95,-1.32,0.3
2012-09-21,002557,32.03,32.54,33.08,32.03,3772,6961752.0,3.28,1.5,0.48,0.45
2012-09-24,002557,32.1,32.69,32.84,32.03,5343,9770290.0,2.49,0.46,0.15,0.63
2012-09-25,002557,32.67,32.3,32.67,32.15,4600,8386306.0,1.59,-1.19,-0.39,0.54
2012-09-26,002557,32.6,32.08,32.66,31.61,6433,11589494.0,3.25,-0.68,-0.22,0.76
2012-09-27,002557,31.74,32.28,32.6,31.74,4381,7932949.0,2.68,0.62,0.2,0.52
2012-09-28,002557,32.28,32.35,32.44,31.86,6922,12526067.0,1.8,0.22,0.07,0.82
2012-10-08,002557,32.35,32.37,32.59,32.23,1523,2767297.0,1.11,0.06,0.02,0.18
2012-10-09,002557,32.45,33.26,33.38,32.37,5364,9959874.0,3.12,2.75,0.89,0.63
2012-10-10,002557,33.18,33.26,33.43,32.91,3098,5801277.0,1.56,0.0,0.0,0.37
2012-10-11,002557,33.26,32.89,33.26,32.84,2439,4519134.0,1.26,-1.11,-0.37,0.29
2012-10-12,002557,32.96,33.33,33.42,32.76,2455,4569513.0,2.01,1.34,0.44,0.29
2012-10-15,002557,33.42,32.94,33.43,32.71,1855,3444769.0,2.16,-1.17,-0.39,0.22
2012-10-16,002557,32.96,33.72,34.04,32.96,6294,11988882.0,3.28,2.37,0.78,0.74
2012-10-17,002557,34.04,33.72,34.04,33.38,2534,4813122.0,1.96,0.0,0.0,0.3
2012-10-18,002557,33.64,33.82,33.97,33.52,2919,5555517.0,1.33,0.3,0.1,0.35
2012-10-19,002557,33.89,33.31,33.92,33.2,2068,3900882.0,2.13,-1.51,-0.51,0.24
2012-10-22,002557,33.31,33.67,33.79,33.26,1867,3538365.0,1.59,1.08,0.36,0.22
2012-10-23,002557,33.48,33.11,33.84,33.08,1314,2473572.0,2.26,-1.66,-0.56,0.16
2012-10-24,002557,32.96,33.04,33.38,32.49,2216,4108280.0,2.69,-0.21,-0.07,0.26
2012-10-25,002557,33.13,32.99,33.28,32.89,1146,2135441.0,1.18,-0.15,-0.05,0.14
2012-10-26,002557,33.72,34.21,35.75,33.21,18067,34797598.0,7.7,3.7,1.22,2.14
2012-10-29,002557,34.4,33.26,34.4,33.08,5219,9891745.0,3.86,-2.78,-0.95,0.62
2012-10-30,002557,33.04,32.62,33.52,32.37,4323,8000317.0,3.46,-1.92,-0.64,0.51
2012-10-31,002557,32.71,32.84,32.94,32.5,2568,4731940.0,1.35,0.67,0.22,0.3
2012-11-01,002557,32.87,33.62,33.62,32.62,6508,12220324.0,3.05,2.38,0.78,0.77
2012-11-02,002557,33.72,33.91,33.97,33.3,4273,8115760.0,1.99,0.86,0.29,0.51
2012-11-05,002557,33.89,33.47,34.04,33.26,3146,5930253.0,2.3,-1.3,-0.44,0.37
2012-11-06,002557,33.55,32.87,33.6,32.03,15371,28157381.0,4.69,-1.79,-0.6,1.82
2012-11-07,002557,32.77,32.42,33.03,32.33,8281,15180027.0,2.13,-1.37,-0.45,0.98
2012-11-08,002557,32.37,32.11,32.49,32.08,3621,6564566.0,1.26,-0.96,-0.31,0.43
2012-11-09,002557,32.1,32.17,32.28,32.06,3503,6329676.0,0.69,0.19,0.06,0.41
2012-11-12,002557,32.22,32.0,32.5,31.81,3997,7196232.0,2.14,-0.53,-0.17,0.47
2012-11-13,002557,32.0,31.46,32.03,31.44,3778,6718216.0,1.84,-1.69,-0.54,0.45
2012-11-14,002557,31.46,31.39,31.74,31.3,2679,4722998.0,1.4,-0.22,-0.07,0.32
2012-11-15,002557,31.39,31.29,31.54,31.08,2265,3979700.0,1.47,-0.32,-0.1,0.27
2012-11-16,002557,31.27,31.02,31.27,30.54,3033,5249184.0,2.33,-0.86,-0.27,0.36
2012-11-19,002557,31.08,30.8,31.24,30.63,2763,4788163.0,1.97,-0.71,-0.22,0.33
2012-11-20,002557,30.98,30.81,31.1,30.48,2914,5034453.0,2.01,0.03,0.01,0.34
2012-11-21,002557,30.81,30.76,30.93,30.42,2924,5037526.0,1.66,-0.16,-0.05,0.35
2012-11-22,002557,30.81,31.12,31.12,30.71,2514,4350756.0,1.33,1.17,0.36,0.3
2012-11-23,002557,31.0,31.07,31.22,30.97,5488,9580652.0,0.8,-0.16,-0.05,0.65
2012-11-26,002557,30.78,30.58,31.08,30.58,1372,2359411.0,1.61,-1.58,-0.49,0.16
2012-11-27,002557,30.36,29.71,30.36,29.63,6047,10103654.0,2.39,-2.84,-0.87,0.72
2012-11-28,002557,29.83,28.67,29.83,28.62,6487,10530052.0,4.07,-3.5,-1.04,0.77
2012-11-29,002557,28.63,28.46,29.09,28.18,5075,8096222.0,3.17,-0.73,-0.21,0.6
2012-11-30,002557,28.31,28.33,28.73,28.23,4941,7855642.0,1.76,-0.46,-0.13,0.58
2012-12-03,002557,28.33,27.7,28.6,27.7,3462,5449083.0,3.18,-2.22,-0.63,0.41
2012-12-04,002557,27.64,28.13,28.23,27.3,6513,10089373.0,3.36,1.55,0.43,0.77
2012-12-05,002557,28.14,28.84,29.21,28.06,5184,8361353.0,4.09,2.52,0.71,0.61
2012-12-06,002557,28.95,29.31,29.58,28.75,3633,5917598.0,2.88,1.63,0.47,0.43
2012-12-07,002557,29.28,29.33,29.8,29.02,5405,8847094.0,2.66,0.07,0.02,0.64
2012-12-10,002557,29.31,30.07,30.1,28.89,8116,13364622.0,4.13,2.52,0.74,0.96
2012-12-11,002557,29.95,30.34,30.37,29.6,5721,9575386.0,2.56,0.9,0.27,0.68
2012-12-12,002557,30.31,30.34,30.34,29.83,2819,4751651.0,1.68,0.0,0.0,0.33
2012-12-13,002557,30.41,29.66,30.41,29.12,6097,10082831.0,4.25,-2.24,-0.68,0.72
2012-12-14,002557,29.21,30.48,30.66,29.21,7963,13492796.0,4.89,2.76,0.82,0.94
2012-12-17,002557,30.48,30.42,30.98,30.32,11815,20273896.0,2.17,-0.2,-0.06,1.4
2012-12-18,002557,30.48,30.44,30.53,30.0,7585,12888084.0,1.74,0.07,0.02,0.9
2012-12-19,002557,30.48,30.88,32.0,30.1,10109,17575642.0,6.24,1.45,0.44,1.2
2012-12-20,002557,30.51,30.68,30.85,30.09,6572,11207605.0,2.46,-0.65,-0.2,0.78
2012-12-21,002557,30.48,30.88,31.0,30.37,6514,11235126.0,2.05,0.65,0.2,0.77
2012-12-24,002557,30.88,29.97,30.93,29.48,24355,40985048.0,4.7,-2.95,-0.91,2.88
2012-12-25,002557,29.7,31.34,31.61,29.49,33265,56837423.0,7.07,4.57,1.37,3.94
2012-12-26,002557,31.29,31.49,32.05,31.13,19254,34221777.0,2.94,0.48,0.15,2.28
2012-12-27,002557,31.49,31.73,31.95,31.39,14489,25718929.0,1.78,0.76,0.24,1.71
2012-12-28,002557,31.69,32.47,32.59,31.18,16538,29787892.0,4.44,2.33,0.74,1.96
2012-12-31,002557,32.37,33.08,33.08,31.93,13875,25267680.0,3.54,1.88,0.61,1.64
2013-01-04,002557,32.87,32.38,32.87,32.18,6423,11744717.0,2.09,-2.12,-0.7,0.76
2013-01-07,002557,32.4,32.59,32.76,31.95,11676,21246042.0,2.5,0.65,0.21,1.38
2013-01-08,002557,32.33,33.01,33.04,32.28,10253,18891125.0,2.33,1.29,0.42,1.21
2013-01-09,002557,33.01,33.11,33.3,32.55,14486,26845837.0,2.27,0.3,0.1,1.71
2013-01-10,002557,33.04,32.96,33.18,32.71,7410,13727728.0,1.42,-0.45,-0.15,0.88
2013-01-11,002557,32.93,32.23,33.08,32.2,7153,13102257.0,2.67,-2.21,-0.73,0.85
2013-01-14,002557,32.2,33.28,33.28,32.05,10165,18750521.0,3.82,3.26,1.05,1.2
2013-01-15,002557,33.38,33.99,34.04,33.25,12112,23010298.0,2.37,2.13,0.71,1.43
2013-01-16,002557,34.01,34.87,35.55,33.72,21950,43038738.0,5.38,2.59,0.88,2.6
2013-01-17,002557,34.9,34.31,35.39,33.94,10733,21057981.0,4.16,-1.61,-0.56,1.27
2013-01-18,002557,34.16,34.75,34.89,34.16,5145,10051249.0,2.13,1.28,0.44,0.61
2013-01-21,002557,35.21,34.43,35.21,34.31,9034,17639378.0,2.59,-0.92,-0.32,1.07
2013-01-22,002557,34.23,33.67,34.23,33.45,9636,18384788.0,2.27,-2.21,-0.76,1.14
2013-01-23,002557,33.43,33.03,33.65,32.22,9759,18141125.0,4.25,-1.9,-0.64,1.15
2013-01-24,002557,33.03,32.33,33.31,32.3,13296,24623249.0,3.06,-2.12,-0.7,1.57
2013-01-25,002557,32.22,32.79,32.96,32.22,5586,10232040.0,2.29,1.42,0.46,0.66
2013-01-28,002557,32.54,33.45,33.48,32.54,7405,13828861.0,2.87,2.01,0.66,0.88
2013-01-29,002557,33.45,34.02,34.13,32.96,16745,31466067.0,3.5,1.7,0.57,1.98
2013-01-30,002557,33.99,33.86,34.07,33.21,6882,13040433.0,2.53,-0.47,-0.16,0.81
2013-01-31,002557,33.64,33.52,33.86,33.23,4432,8343229.0,1.86,-1.0,-0.34,0.52
2013-02-01,002557,33.09,34.21,34.4,33.06,9212,17697502.0,4.0,2.06,0.69,1.09
2013-02-04,002557,34.53,33.01,34.53,32.81,12698,23774847.0,5.03,-3.51,-1.2,1.5
2013-02-05,002557,33.11,33.26,33.3,32.44,9253,17129071.0,2.61,0.76,0.25,1.1
2013-02-06,002557,33.26,33.77,34.19,33.26,12033,22913879.0,2.8,1.53,0.51,1.42
2013-02-07,002557,33.86,34.73,34.8,33.69,15780,30703103.0,3.29,2.84,0.96,1.87
2013-02-08,002557,34.87,34.73,35.06,34.41,13146,25845322.0,1.87,0.0,0.0,1.56
2013-02-18,002557,33.8,33.8,34.62,33.18,18363,34910835.0,4.15,-2.68,-0.93,2.17
2013-02-19,002557,33.77,34.58,34.73,32.45,33696,63568212.0,6.75,2.31,0.78,3.99
2013-02-20,002557,33.89,34.65,35.66,33.33,48140,93345630.0,6.74,0.2,0.07,5.7
2013-02-21,002557,36.76,37.96,37.96,35.75,91511,193476097.0,6.38,9.55,3.31,10.83
2013-02-22,002557,36.93,39.31,40.02,36.68,78002,170435564.0,8.8,3.56,1.35,9.23
2013-02-25,002557,38.79,39.3,39.36,37.44,41163,89862185.0,4.88,-0.03,-0.01,4.87
2013-02-26,002557,38.62,39.67,40.21,38.16,45217,100676804.0,5.22,0.94,0.37,5.35
2013-02-27,002557,39.31,38.4,39.89,37.22,32029,69935357.0,6.73,-3.2,-1.27,3.79
2013-02-28,002557,38.4,39.04,39.16,37.4,22403,48565164.0,4.58,1.67,0.64,2.65
2013-03-01,002557,38.79,39.89,40.21,38.23,28165,63120255.0,5.07,2.18,0.85,3.33
2013-03-04,002557,39.16,39.47,40.78,37.94,36408,81813159.0,7.12,-1.05,-0.42,4.31
2013-03-05,002557,38.69,40.73,41.22,38.69,32105,73650425.0,6.41,3.19,1.26,3.8
2013-03-06,002557,40.8,40.82,41.83,40.14,33614,78588296.0,4.15,0.22,0.09,3.98
2013-03-07,002557,40.82,39.3,40.82,38.79,29225,66046739.0,4.97,-3.72,-1.52,3.46
2013-03-08,002557,39.21,38.37,39.26,37.4,27433,59224005.0,4.73,-2.37,-0.93,3.25
2013-03-11,002557,37.98,38.52,38.65,37.64,13568,29408463.0,2.63,0.39,0.15,1.61
2013-03-12,002557,38.62,37.1,38.99,37.1,17595,37698822.0,4.91,-3.69,-1.42,2.08
2013-03-13,002557,37.1,37.1,37.44,36.29,11270,23371068.0,3.1,0.0,0.0,1.33
2013-03-14,002557,36.95,37.1,37.42,36.66,6561,13732876.0,2.05,0.0,0.0,0.78
2013-03-15,002557,37.35,37.49,38.0,36.36,14951,31537051.0,4.42,1.05,0.39,1.77
2013-03-18,002557,37.51,37.57,38.38,37.24,9088,19467238.0,3.04,0.21,0.08,1.08
2013-03-19,002557,37.54,37.34,37.88,36.63,9009,18921322.0,3.33,-0.61,-0.23,1.07
2013-03-20,002557,37.29,38.64,38.71,37.1,10474,22515330.0,4.31,3.48,1.3,1.24
2013-03-21,002557,38.64,38.45,39.5,38.3,12511,27642570.0,3.11,-0.49,-0.19,1.48
2013-03-22,002557,38.62,38.33,39.21,38.11,8744,19133355.0,2.86,-0.31,-0.12,1.03
2013-03-25,002557,38.2,37.59,38.57,37.13,13707,29183785.0,3.76,-1.93,-0.74,1.62
2013-03-26,002557,37.54,37.94,38.28,36.76,7286,15515563.0,4.04,0.93,0.35,0.86
2013-03-27,002557,38.03,38.05,38.65,37.78,7892,17084789.0,2.29,0.29,0.11,0.93
2013-03-28,002557,37.81,39.03,39.58,37.18,33058,72797550.0,6.31,2.58,0.98,3.91
2013-03-29,002557,39.06,38.86,39.79,38.45,13392,29756133.0,3.43,-0.44,-0.17,1.58
2013-04-01,002557,38.96,40.48,40.65,38.65,21718,49209527.0,5.15,4.17,1.62,2.57
2013-04-02,002557,40.48,39.82,40.82,39.63,16682,38223164.0,2.94,-1.63,-0.66,1.97
2013-04-03,002557,39.82,37.3,40.4,36.76,21919,47639559.0,9.14,-6.33,-2.52,2.59
2013-04-08,002557,36.59,36.15,36.59,35.53,11930,24270153.0,2.84,-3.08,-1.15,1.41
2013-04-09,002557,36.25,36.17,36.91,35.75,12088,24744594.0,3.21,0.06,0.02,1.43
2013-04-10,002557,36.49,35.41,36.49,35.11,13429,26960154.0,3.82,-2.1,-0.76,1.59
2013-04-11,002557,35.34,34.87,35.63,34.84,9307,18443243.0,2.23,-1.52,-0.54,1.1
2013-04-12,002557,34.85,34.65,35.34,34.45,13438,26384573.0,2.55,-0.63,-0.22,1.59
2013-04-15,002557,34.73,33.69,34.97,33.6,21003,40129478.0,3.95,-2.77,-0.96,2.49
2013-04-16,002557,33.47,33.38,33.97,32.71,19474,36592986.0,3.74,-0.92,-0.31,2.3
2013-04-17,002557,33.38,33.38,33.65,33.04,11545,21652862.0,1.83,0.0,0.0,1.37
2013-04-18,002557,32.99,32.28,32.99,32.17,50027,91030076.0,2.46,-3.3,-1.1,5.92
2013-04-19,002557,32.33,32.74,33.01,32.28,33764,62003377.0,2.26,1.43,0.46,4.0
2013-04-22,002557,32.64,33.2,33.2,32.2,40897,74760450.0,3.05,1.41,0.46,4.84
2013-04-23,002557,33.06,32.86,33.5,32.77,36259,67626174.0,2.2,-1.02,-0.34,4.29
2013-04-24,002557,32.96,33.4,33.43,32.11,28072,51786659.0,4.02,1.64,0.54,3.32
2013-04-25,002557,33.37,32.71,33.37,32.2,27122,49915010.0,3.5,-2.07,-0.69,3.21
2013-04-26,002557,32.38,32.28,32.79,32.03,16276,29677357.0,2.32,-1.31,-0.43,1.93
2013-05-02,002557,32.1,32.27,32.54,31.07,30857,55007216.0,4.55,-0.03,-0.01,3.65
2013-05-03,002557,32.2,32.54,32.79,31.88,21563,39249237.0,2.82,0.84,0.27,2.55
2013-05-06,002557,32.54,32.91,33.2,32.27,19537,35983135.0,2.86,1.14,0.37,2.31
2013-05-07,002557,33.01,34.04,34.04,32.71,32668,61549035.0,4.04,3.43,1.13,3.87
2013-05-08,002557,34.06,34.36,34.9,33.72,34201,66514530.0,3.47,0.94,0.32,4.05
2013-05-09,002557,34.23,35.21,35.27,33.91,25211,49063157.0,3.96,2.47,0.85,2.98
2013-05-10,002557,34.9,34.35,34.9,34.28,18126,35302330.0,1.76,-2.44,-0.86,2.15
2013-05-13,002557,34.33,34.85,34.95,34.07,15689,30571369.0,2.56,1.46,0.5,1.86
2013-05-14,002557,34.78,34.9,34.92,33.96,14549,28274643.0,2.75,0.14,0.05,1.72
2013-05-15,002557,34.58,35.43,35.55,34.58,15478,30785820.0,2.78,1.52,0.53,1.83
2013-05-16,002557,35.44,35.51,35.63,34.94,11221,22373507.0,1.95,0.23,0.08,1.33
2013-05-17,002557,35.51,36.2,36.2,35.12,14658,29519749.0,3.04,1.94,0.69,1.73
2013-05-20,002557,36.19,37.1,37.1,35.85,15238,31484670.0,3.45,2.49,0.9,1.8
2013-05-21,002557,37.2,37.07,37.61,36.78,13467,28332255.0,2.24,-0.08,-0.03,1.59
2013-05-22,002557,37.07,36.9,37.39,36.37,10302,21394457.0,2.75,-0.46,-0.17,1.22
2013-05-23,002557,36.88,36.51,36.88,35.76,7630,15671791.0,3.04,-1.06,-0.39,0.9
2013-05-24,002557,36.37,36.59,36.78,36.2,8650,17880510.0,1.59,0.22,0.08,1.02
2013-05-27,002557,36.59,35.71,37.07,35.71,26803,55154166.0,3.72,-2.41,-0.88,3.17
2013-05-28,002557,35.78,35.9,36.24,34.73,23320,44907794.0,4.23,0.53,0.19,2.76
2013-05-29,002557,35.88,35.95,36.1,35.31,13882,26983960.0,2.2,0.14,0.05,1.64
2013-05-30,002557,35.82,35.82,35.93,35.31,9858,19125098.0,1.72,-0.36,-0.13,1.17
2013-05-31,002557,35.75,35.66,35.9,35.38,7940,15430200.0,1.45,-0.45,-0.16,0.94
2013-06-03,002557,35.66,36.31,36.53,35.66,16595,32841431.0,2.44,1.82,0.65,1.96
2013-06-04,002557,36.39,35.73,36.59,35.07,18374,35799343.0,4.19,-1.6,-0.58,2.17
2013-06-05,002557,35.19,35.71,35.71,35.19,6745,13025223.0,1.46,-0.06,-0.02,0.8
2013-06-06,002557,35.43,35.21,35.6,35.07,9864,18952948.0,1.48,-1.4,-0.5,1.17
2013-06-07,002557,34.92,35.11,35.46,34.4,9544,18059270.0,3.01,-0.28,-0.1,1.13
2013-06-13,002557,34.6,34.72,34.9,33.35,10320,18986835.0,4.41,-1.11,-0.39,1.22
2013-06-14,002557,34.43,34.77,34.89,34.36,3409,6433111.0,1.53,0.14,0.05,0.4
2013-06-17,002557,34.72,34.82,35.29,34.23,7033,13324062.0,3.05,0.14,0.05,0.83
2013-06-18,002557,34.82,35.58,35.9,34.55,16091,30941505.0,3.88,2.18,0.76,1.9
2013-06-19,002557,35.46,35.53,35.78,34.77,7583,14670087.0,2.84,-0.14,-0.05,0.9
2013-06-20,002557,35.65,34.85,35.65,34.23,8518,16084203.0,4.0,-1.91,-0.68,1.01
2013-06-21,002557,34.21,34.82,34.92,33.47,8355,15541296.0,4.16,-0.09,-0.03,0.99
2013-06-24,002557,34.65,33.65,34.65,32.87,9931,17984899.0,5.11,-3.36,-1.17,1.18
2013-06-25,002557,32.67,31.93,33.64,30.81,15908,27377041.0,8.41,-5.11,-1.72,1.88
2013-06-26,002557,31.91,32.71,32.71,31.13,10750,18408380.0,4.95,2.44,0.78,1.27
2013-06-27,002557,32.37,32.37,32.67,31.71,6794,11854899.0,2.93,-1.04,-0.34,0.8
2013-06-28,002557,32.2,31.51,32.37,31.24,9463,16250688.0,3.49,-2.66,-0.86,1.12
2013-07-01,002557,31.37,31.66,31.95,31.07,9428,16044073.0,2.79,0.48,0.15,1.12
2013-07-02,002557,31.61,32.37,32.44,31.52,7481,12967692.0,2.91,2.24,0.71,0.89
2013-07-03,002557,32.52,32.33,32.52,31.73,5027,8731065.0,2.44,-0.12,-0.04,0.59
2013-07-04,002557,31.88,32.18,32.33,31.79,7436,12902449.0,1.67,-0.46,-0.15,0.88
2013-07-05,002557,32.13,32.03,32.18,31.86,5585,9657502.0,0.99,-0.47,-0.15,0.66
2013-07-08,002557,31.69,31.62,31.83,29.66,8352,14093197.0,6.77,-1.28,-0.41,0.99
2013-07-09,002557,30.85,31.15,31.3,30.51,10560,17512507.0,2.5,-1.49,-0.47,1.25
2013-07-10,002557,30.83,31.13,31.15,30.36,7455,12358384.0,2.54,-0.06,-0.02,0.88
2013-07-11,002557,31.18,32.37,32.37,31.03,15851,27050962.0,4.3,3.98,1.24,1.88
2013-07-12,002557,32.47,32.3,32.76,31.98,16768,29324683.0,2.41,-0.22,-0.07,1.98
2013-07-15,002557,32.28,32.33,32.55,32.03,7290,12735123.0,1.61,0.09,0.03,0.86
2013-07-16,002557,32.54,32.57,32.66,32.22,11960,20992201.0,1.36,0.74,0.24,1.42
2013-07-17,002557,32.57,32.17,32.69,31.86,6542,11388347.0,2.55,-1.23,-0.4,0.77
2013-07-18,002557,31.84,31.98,32.11,31.35,5267,9020572.0,2.36,-0.59,-0.19,0.62
2013-07-19,002557,31.61,31.44,31.96,31.02,9198,15582671.0,2.94,-1.69,-0.54,1.09
2013-07-22,002557,30.93,31.24,31.39,30.85,4185,7003322.0,1.72,-0.64,-0.2,0.5
2013-07-23,002557,31.22,31.51,31.64,31.07,14510,24610968.0,1.82,0.86,0.27,1.72
2013-07-24,002557,31.69,31.18,31.84,30.91,11504,19360733.0,2.95,-1.05,-0.33,1.36
2013-07-25,002557,31.18,30.68,31.44,30.49,16693,27594573.0,3.05,-1.6,-0.5,1.98
2013-07-26,002557,30.41,28.94,30.41,28.8,46023,72368978.0,5.25,-5.67,-1.74,5.45
2013-07-29,002557,28.99,28.63,29.04,28.35,19186,29250157.0,2.38,-1.07,-0.31,2.27
2013-07-30,002557,28.63,29.09,29.46,28.5,15744,24354581.0,3.35,1.61,0.46,1.86
2013-07-31,002557,29.0,29.16,29.83,29.0,12578,19768135.0,2.85,0.24,0.07,1.49
2013-08-01,002557,29.16,29.58,29.75,28.72,19949,31211819.0,3.53,1.44,0.42,2.36
2013-08-02,002557,29.61,30.15,30.15,29.39,28994,46386389.0,2.57,1.93,0.57,3.43
2013-08-05,002557,30.17,30.76,30.97,30.04,17665,28861890.0,3.08,2.02,0.61,2.09
2013-08-06,002557,30.68,31.08,31.17,30.51,15878,26408223.0,2.15,1.04,0.32,1.88
2013-08-07,002557,31.02,30.68,31.02,30.48,17806,29377867.0,1.74,-1.29,-0.4,2.11
2013-08-08,002557,30.51,30.42,30.78,30.41,8468,13913375.0,1.21,-0.85,-0.26,1.0
2013-08-09,002557,30.66,30.8,31.07,30.34,10955,18131240.0,2.4,1.25,0.38,1.3
2013-08-12,002557,30.85,31.1,31.15,30.8,11633,19403352.0,1.14,0.97,0.3,1.38
2013-08-13,002557,31.18,31.49,31.81,31.03,12388,20952842.0,2.51,1.25,0.39,1.47
2013-08-14,002557,31.49,31.05,31.62,30.88,11725,19688530.0,2.35,-1.4,-0.44,1.39
2013-08-15,002557,30.98,30.76,31.44,30.76,7323,12189151.0,2.19,-0.93,-0.29,0.87
2013-08-16,002557,30.78,30.37,31.17,30.34,8193,13498927.0,2.7,-1.27,-0.39,0.97
2013-08-19,002557,30.37,30.42,30.59,30.02,6192,10129327.0,1.88,0.16,0.05,0.73
2013-08-20,002557,30.98,32.1,32.28,30.78,34760,59297784.0,4.93,5.52,1.68,4.11
2013-08-21,002557,32.0,33.3,33.42,31.47,37631,66237171.0,6.07,3.74,1.2,4.45
2013-08-22,002557,33.03,32.98,33.35,32.54,23784,42308140.0,2.43,-0.96,-0.32,2.81
2013-08-23,002557,32.82,32.22,32.87,31.62,12489,21797686.0,3.79,-2.3,-0.76,1.48
2013-08-26,002557,32.06,32.89,33.09,31.88,14673,25854980.0,3.76,2.08,0.67,1.74
2013-08-27,002557,32.72,32.66,32.93,32.2,11348,20035823.0,2.22,-0.7,-0.23,1.34
2013-08-28,002557,32.66,32.03,32.66,31.91,10043,17434144.0,2.3,-1.93,-0.63,1.19
2013-08-29,002557,32.03,32.49,32.62,31.76,6948,12080622.0,2.68,1.44,0.46,0.82
2013-08-30,002557,32.44,31.86,32.44,31.83,12936,22323955.0,1.88,-1.94,-0.63,1.53
2013-09-02,002557,31.95,31.81,32.11,31.35,7660,13096078.0,2.39,-0.16,-0.05,0.91
2013-09-03,002557,31.66,32.42,32.49,31.66,7138,12366533.0,2.61,1.92,0.61,0.84
2013-09-04,002557,32.42,32.82,33.33,32.42,15673,27918143.0,2.81,1.23,0.4,1.85
2013-09-05,002557,32.82,33.4,33.58,32.62,18379,33131436.0,2.93,1.77,0.58,2.18
2013-09-06,002557,33.23,34.67,35.16,33.08,28037,52595856.0,6.23,3.8,1.27,3.32
2013-09-09,002557,34.65,36.07,36.54,34.56,33002,64528405.0,5.71,4.04,1.4,3.91
2013-09-10,002557,36.15,36.02,36.53,35.14,17596,34575514.0,3.85,-0.14,-0.05,2.08
2013-09-11,002557,36.02,35.27,36.15,35.07,15609,30085348.0,3.0,-2.08,-0.75,1.85
2013-09-12,002557,35.17,35.04,35.66,34.99,8419,16218424.0,1.9,-0.65,-0.23,1.0
2013-09-13,002557,35.24,36.68,36.8,35.06,19858,39342612.0,4.97,4.68,1.64,2.35
2013-09-16,002557,36.59,38.35,40.01,36.41,34006,70933159.0,9.81,4.55,1.67,4.02
2013-09-17,002557,38.54,37.94,39.45,37.84,18871,40038258.0,4.2,-1.07,-0.41,2.23
2013-09-18,002557,37.86,38.76,39.72,37.52,17638,37645507.0,5.8,2.16,0.82,2.09
2013-09-23,002557,38.76,39.6,39.79,38.3,21529,46338414.0,3.84,2.17,0.84,2.55
2013-09-24,002557,39.3,39.8,40.14,38.74,15860,34563594.0,3.54,0.51,0.2,1.88
2013-09-25,002557,39.84,40.82,41.8,39.14,34796,78752335.0,6.68,2.56,1.02,4.12
2013-09-26,002557,40.65,39.97,41.27,39.8,18397,40832320.0,3.6,-2.08,-0.85,2.18
2013-09-27,002557,39.8,40.6,40.9,39.57,17606,39364694.0,3.33,1.58,0.63,2.08
2013-09-30,002557,40.56,40.51,40.82,39.8,13763,30572314.0,2.51,-0.22,-0.09,1.63
2013-10-08,002557,40.16,40.28,41.65,39.06,11881,26442904.0,6.39,-0.57,-0.23,1.41
2013-10-09,002557,40.28,39.96,40.82,39.77,12828,28368806.0,2.61,-0.79,-0.32,1.52
2013-10-10,002557,39.97,38.25,39.97,37.86,22890,48659685.0,5.28,-4.28,-1.71,2.71
2013-10-11,002557,38.37,38.64,39.08,38.13,20208,42666060.0,2.48,1.02,0.39,2.39
2013-10-14,002557,38.65,38.69,39.01,37.94,16146,34010283.0,2.77,0.13,0.05,1.91
2013-10-15,002557,38.69,42.27,42.27,38.28,44330,100734314.0,10.31,9.25,3.58,5.25
2013-10-16,002557,43.18,42.73,43.86,42.05,52067,124009892.0,4.28,1.09,0.46,6.16
2013-10-17,002557,42.25,42.15,43.1,41.32,21631,50612621.0,4.17,-1.36,-0.58,2.56
2013-10-18,002557,41.92,40.87,42.0,40.68,16550,37554738.0,3.13,-3.04,-1.28,1.96
2013-10-21,002557,40.73,43.61,44.49,40.48,39434,93486506.0,9.81,6.7,2.74,4.67
2013-10-22,002557,43.44,43.03,44.32,42.68,18562,44570092.0,3.76,-1.33,-0.58,2.2
2013-10-23,002557,42.93,40.56,43.84,40.28,17164,39053637.0,8.27,-5.74,-2.47,2.03
2013-10-24,002557,40.56,38.54,40.58,38.0,26703,58106907.0,6.36,-4.98,-2.02,3.16
2013-10-25,002557,38.27,38.79,40.14,37.45,18575,39666051.0,6.98,0.65,0.25,2.2
2013-10-28,002557,38.28,39.16,39.94,38.28,17093,36503569.0,4.28,0.95,0.37,2.02
2013-10-29,002557,39.03,38.11,39.91,36.29,27895,58136655.0,9.24,-2.68,-1.05,3.3
2013-10-30,002557,38.28,39.3,39.65,38.11,16237,34899515.0,4.04,3.12,1.19,1.92
2013-10-31,002557,38.96,37.22,39.3,36.78,15782,32643140.0,6.41,-5.29,-2.08,1.87
2013-11-01,002557,37.07,37.08,37.61,36.59,7677,15551241.0,2.74,-0.38,-0.14,0.91
2013-11-04,002557,36.76,36.53,37.44,36.47,16350,32957406.0,2.62,-1.48,-0.55,1.93
2013-11-05,002557,36.42,36.51,36.58,35.41,24735,48452993.0,3.2,-0.05,-0.02,2.93
2013-11-06,002557,36.34,36.32,37.08,36.09,8884,17712148.0,2.71,-0.52,-0.19,1.05
2013-11-07,002557,36.25,36.09,36.44,35.76,6630,13065264.0,1.87,-0.63,-0.23,0.78
2013-11-08,002557,36.05,35.55,36.05,34.95,5465,10557499.0,3.05,-1.5,-0.54,0.65
2013-11-11,002557,35.46,36.58,36.58,35.21,10145,20038754.0,3.85,2.9,1.03,1.2
2013-11-12,002557,36.49,37.02,37.02,36.49,11843,23826067.0,1.45,1.2,0.44,1.4
2013-11-13,002557,36.93,36.91,37.08,36.68,4447,8977452.0,1.08,-0.3,-0.11,0.53
2013-11-14,002557,36.85,37.78,38.27,35.98,11814,24167602.0,6.2,2.36,0.87,1.4
2013-11-15,002557,37.78,37.69,38.87,37.4,14877,31219715.0,3.89,-0.24,-0.09,1.76
2013-11-18,002557,37.74,39.04,39.21,37.62,18840,40071570.0,4.22,3.58,1.35,2.23
2013-11-19,002557,39.04,38.79,39.38,38.28,9912,21010269.0,2.82,-0.64,-0.25,1.17
2013-11-20,002557,39.26,37.61,39.26,37.29,27083,55793751.0,5.08,-3.04,-1.18,3.21
2013-11-21,002557,37.44,37.27,37.44,36.41,16781,33876120.0,2.74,-0.9,-0.34,1.99
2013-11-22,002557,37.03,37.24,37.69,36.85,10182,20757529.0,2.25,-0.08,-0.03,1.21
2013-11-25,002557,37.24,37.73,38.11,36.78,18066,37297588.0,3.57,1.32,0.49,2.14
2013-11-26,002557,37.64,37.66,38.08,37.42,10133,20940312.0,1.75,-0.19,-0.07,1.2
2013-11-27,002557,37.69,37.74,37.94,36.93,11552,23667003.0,2.68,0.21,0.08,1.37
2013-11-28,002557,37.45,38.62,39.26,37.4,16859,35291961.0,4.93,2.33,0.88,2.0
2013-11-29,002557,38.69,40.14,40.56,38.49,21424,46560854.0,5.36,3.94,1.52,2.54
2013-12-02,002557,39.6,38.01,39.6,37.44,18179,38115699.0,5.38,-5.31,-2.13,2.15
2013-12-03,002557,38.15,39.03,39.3,37.78,11358,23920311.0,4.0,2.68,1.02,1.34
2013-12-04,002557,39.28,39.21,39.63,38.62,10865,23371813.0,2.59,0.46,0.18,1.29
2013-12-05,002557,39.3,38.28,39.3,37.88,13191,27685969.0,3.62,-2.37,-0.93,1.56
2013-12-06,002557,38.15,37.86,38.71,37.44,15074,31459083.0,3.32,-1.1,-0.42,1.78
2013-12-09,002557,38.03,38.55,38.55,37.61,8374,17469725.0,2.48,1.82,0.69,0.99
2013-12-10,002557,38.37,39.52,39.79,38.37,15983,34459347.0,3.68,2.52,0.97,1.89
2013-12-11,002557,39.6,39.84,40.19,39.3,15566,34028824.0,2.25,0.81,0.32,1.84
2013-12-12,002557,40.14,41.14,41.6,39.67,27515,61176697.0,4.84,3.26,1.3,3.26
2013-12-13,002557,40.82,42.85,43.23,40.48,35999,84481559.0,6.68,4.16,1.71,4.26
2013-12-16,002557,42.68,42.49,44.25,41.36,38330,90955361.0,6.74,-0.84,-0.36,4.54
2013-12-17,002557,42.25,40.83,42.25,40.31,27726,63164174.0,4.57,-3.91,-1.66,3.28
2013-12-18,002557,40.87,41.07,41.41,40.56,18920,42664844.0,2.08,0.59,0.24,2.24
2013-12-19,002557,41.09,39.47,41.24,39.04,19885,43696182.0,5.36,-3.9,-1.6,2.35
2013-12-20,002557,39.47,39.97,40.07,38.87,14216,30836504.0,3.04,1.27,0.5,1.68
2013-12-23,002557,39.74,41.76,42.0,39.48,20919,47589510.0,6.3,4.48,1.79,2.48
2013-12-24,002557,41.49,42.98,43.49,41.46,31715,75146878.0,4.86,2.92,1.22,3.75
2013-12-25,002557,42.83,43.07,43.52,42.09,27610,65435387.0,3.33,0.21,0.09,3.27
2013-12-26,002557,43.18,41.83,43.18,41.8,12872,30192295.0,3.2,-2.88,-1.24,1.52
2013-12-27,002557,41.12,44.52,44.7,41.12,40598,97764403.0,8.56,6.43,2.69,4.8
2013-12-30,002557,44.54,44.7,45.43,43.86,23459,58106790.0,3.53,0.4,0.18,2.78
2013-12-31,002557,44.77,43.59,44.87,43.07,19047,46093121.0,4.03,-2.48,-1.11,2.25
2014-01-02,002557,43.4,44.0,44.37,42.51,18832,45376880.0,4.27,0.94,0.41,2.23
2014-01-03,002557,43.96,43.18,44.76,42.8,16402,39567244.0,4.45,-1.86,-0.82,1.94
2014-01-06,002557,42.93,42.34,42.95,41.87,10941,25564371.0,2.5,-1.95,-0.84,1.29
2014-01-07,002557,42.31,42.15,42.34,41.16,12278,28328992.0,2.79,-0.45,-0.19,1.45
2014-01-08,002557,42.09,41.26,42.47,40.82,15094,34764665.0,3.91,-2.11,-0.89,1.79
2014-01-09,002557,41.0,39.72,41.65,39.72,13504,30477011.0,4.68,-3.73,-1.54,1.6
2014-01-10,002557,39.47,39.42,39.57,38.33,17755,38100959.0,3.12,-0.76,-0.3,2.1
2014-01-13,002557,39.47,38.52,39.47,38.37,14175,30154641.0,2.79,-2.28,-0.9,1.68
2014-01-14,002557,38.52,39.7,39.97,38.37,15645,33775011.0,4.15,3.06,1.18,1.85
2014-01-15,002557,39.62,39.52,40.8,38.86,27434,60143001.0,4.89,-0.45,-0.18,3.25
2014-01-16,002557,39.25,39.31,39.63,38.62,21886,46772165.0,2.56,-0.53,-0.21,2.59
2014-01-17,002557,39.21,38.13,39.33,37.94,23356,49697974.0,3.54,-3.0,-1.18,2.76
2014-01-20,002557,38.06,37.98,38.79,37.49,15906,33289476.0,3.41,-0.39,-0.15,1.88
2014-01-21,002557,37.98,38.25,38.4,37.45,18207,37826226.0,2.5,0.71,0.27,2.15
2014-01-22,002557,38.45,40.36,41.05,37.98,49382,105610832.0,8.03,5.52,2.11,5.84
2014-01-23,002557,39.85,39.63,40.23,39.3,30806,67149770.0,2.3,-1.81,-0.73,3.65
2014-01-24,002557,39.58,39.77,40.19,39.13,23388,51307936.0,2.67,0.35,0.14,2.77
2014-01-27,002557,39.82,38.59,39.82,38.47,23335,49679467.0,3.39,-2.97,-1.18,2.76
2014-01-28,002557,38.49,38.77,38.84,37.94,23441,49210959.0,2.33,0.47,0.18,2.77
2014-01-29,002557,38.81,38.33,38.81,37.96,21808,45897417.0,2.19,-1.13,-0.44,2.58
2014-01-30,002557,38.18,37.34,38.4,37.12,17843,36995923.0,3.34,-2.58,-0.99,2.11
2014-02-07,002557,37.1,37.91,38.16,36.91,16589,34272254.0,3.35,1.53,0.57,1.96
2014-02-10,002557,37.96,38.79,39.28,37.76,36321,76780422.0,4.01,2.32,0.88,4.3
2014-02-11,002557,38.62,39.52,39.63,38.55,33181,71612397.0,2.78,1.88,0.73,3.93
2014-02-12,002557,39.47,39.84,39.92,38.93,26179,56602551.0,2.51,0.81,0.32,3.1
2014-02-13,002557,39.82,39.4,40.28,39.35,21137,46320555.0,2.33,-1.1,-0.44,2.5
2014-02-14,002557,39.47,39.3,39.87,38.96,21904,47341914.0,2.31,-0.25,-0.1,2.59
2014-02-17,002557,39.3,39.89,41.16,39.3,28982,63910947.0,4.73,1.5,0.59,3.43
2014-02-18,002557,39.77,39.94,40.07,39.03,33432,72808999.0,2.61,0.13,0.05,3.96
2014-02-19,002557,39.94,39.38,40.06,39.18,15715,34137670.0,2.2,-1.4,-0.56,1.86
2014-02-20,002557,39.79,38.45,39.79,38.37,21165,45055859.0,3.61,-2.36,-0.93,2.5
2014-02-21,002557,38.55,37.57,38.84,37.17,19654,40780991.0,4.34,-2.29,-0.88,2.33
2014-02-24,002557,37.57,38.32,38.38,37.0,12614,25953444.0,3.67,2.0,0.75,1.49
2014-02-25,002557,38.33,36.8,38.72,36.27,21987,45114296.0,6.39,-3.97,-1.52,2.6
2014-02-26,002557,36.25,35.16,36.75,34.77,20791,40180971.0,5.38,-4.46,-1.64,2.46
2014-02-27,002557,35.41,35.16,36.17,34.82,24819,47937859.0,3.84,0.0,0.0,2.94
2014-02-28,002557,35.24,35.22,35.39,33.91,16572,31320985.0,4.21,0.17,0.06,1.96
2014-03-03,002557,35.24,36.47,36.58,35.22,14800,29178194.0,3.86,3.55,1.25,0.44
2014-03-04,002557,36.42,36.56,36.88,35.75,16056,31818890.0,3.1,0.25,0.09,0.48
2014-03-05,002557,36.63,36.54,36.83,36.15,12249,24388881.0,1.86,-0.05,-0.02,0.36
2014-03-06,002557,36.53,35.9,36.68,35.83,7303,14366517.0,2.33,-1.75,-0.64,0.22
2014-03-07,002557,36.05,35.41,36.05,34.9,9717,18819941.0,3.2,-1.36,-0.49,0.29
2014-03-10,002557,35.29,34.73,35.29,34.58,13157,24960758.0,2.01,-1.92,-0.68,0.39
2014-03-11,002557,34.73,35.07,35.39,34.4,9995,18979772.0,2.85,0.98,0.34,0.3
2014-03-12,002557,35.04,35.21,35.56,34.9,9170,17592557.0,1.88,0.4,0.14,0.27
2014-03-13,002557,35.33,36.59,36.64,35.29,13549,26667308.0,3.83,3.92,1.38,0.4
2014-03-14,002557,36.25,36.15,36.58,35.93,6743,13334015.0,1.78,-1.2,-0.44,0.2
2014-03-17,002557,36.17,36.69,36.83,35.92,7214,14394672.0,2.52,1.49,0.54,0.21
2014-03-18,002557,36.95,37.78,38.42,36.95,23264,48314020.0,4.01,2.97,1.09,0.69
2014-03-19,002557,38.0,38.69,39.13,37.56,27887,59276384.0,4.16,2.41,0.91,0.83
2014-03-20,002557,38.38,37.54,38.72,37.54,7755,16148806.0,3.05,-2.97,-1.15,0.23
2014-03-21,002557,37.49,37.71,37.94,36.59,9298,18922267.0,3.6,0.45,0.17,0.28
2014-03-24,002557,37.61,36.95,37.69,36.42,11033,22282558.0,3.37,-2.02,-0.76,0.33
2014-03-25,002557,36.75,38.27,38.28,36.75,14776,30466368.0,4.14,3.57,1.32,0.44
2014-03-26,002557,38.23,37.98,38.57,37.96,6797,14271371.0,1.59,-0.76,-0.29,0.2
2014-03-27,002557,38.01,38.03,38.67,37.73,11802,24828381.0,2.47,0.13,0.05,0.35
2014-03-28,002557,38.25,37.93,38.25,37.02,6290,12987572.0,3.23,-0.26,-0.1,0.19
2014-03-31,002557,37.84,35.88,38.1,35.78,13461,27079692.0,6.12,-5.4,-2.05,0.4
2014-04-01,002557,35.85,36.46,36.68,34.9,10853,21124637.0,4.96,1.62,0.58,0.32
2014-04-02,002557,36.51,35.39,36.51,35.04,14194,27410880.0,4.03,-2.93,-1.07,0.42
2014-04-03,002557,35.27,35.24,35.7,34.9,10973,20989372.0,2.26,-0.42,-0.15,0.32
2014-04-04,002557,35.21,35.24,35.24,34.56,15200,28806701.0,1.93,0.0,0.0,0.45
2014-04-08,002557,34.97,35.49,35.51,34.9,9380,18016649.0,1.73,0.71,0.25,0.28
2014-04-09,002557,35.49,35.65,35.71,35.34,8630,16695105.0,1.04,0.45,0.16,0.26
2014-04-10,002557,35.49,35.65,36.29,35.07,16698,32491893.0,3.42,0.0,0.0,0.49
2014-04-11,002557,35.6,36.14,36.39,35.58,13134,25896787.0,2.27,1.37,0.49,0.39
2014-04-14,002557,36.17,36.02,36.41,35.88,7517,14831626.0,1.47,-0.33,-0.12,0.22
2014-04-15,002557,36.0,35.68,36.1,35.38,10886,21136190.0,2.0,-0.94,-0.34,0.32
2014-04-16,002557,35.41,35.19,35.7,34.9,9157,17582900.0,2.24,-1.37,-0.49,0.27
2014-04-17,002557,35.26,35.14,35.51,34.9,10887,20832010.0,1.73,-0.14,-0.05,0.32
2014-04-18,002557,35.21,35.34,35.43,35.04,6577,12647307.0,1.11,0.57,0.2,0.19
2014-04-21,002557,35.21,35.31,35.43,34.9,8592,16505548.0,1.5,-0.08,-0.03,0.25
2014-04-22,002557,35.12,32.06,35.12,32.06,49664,87490923.0,8.67,-9.2,-3.25,1.47
2014-04-23,002557,31.2,31.62,31.95,30.59,87961,146897797.0,4.24,-1.37,-0.44,2.6
2014-04-24,002557,31.18,31.24,31.84,31.07,19610,33096967.0,2.44,-1.2,-0.38,0.58
2014-04-25,002557,31.24,31.05,31.39,30.8,10435,17470521.0,1.89,-0.61,-0.19,0.31
2014-04-28,002557,31.17,30.44,31.17,30.05,15503,25289153.0,3.61,-1.96,-0.61,0.46
2014-04-29,002557,30.51,30.64,30.85,30.2,14188,23235157.0,2.14,0.66,0.2,0.42
2014-04-30,002557,30.59,31.18,31.49,30.42,22000,36411166.0,3.49,1.76,0.54,0.65
2014-05-05,002557,31.32,31.13,31.47,30.85,15345,25613928.0,1.99,-0.16,-0.05,0.45
2014-05-06,002557,31.12,31.02,31.3,30.95,21952,36759314.0,1.12,-0.35,-0.11,0.65
2014-05-07,002557,30.9,30.56,31.1,30.39,18316,30082065.0,2.29,-1.48,-0.46,0.54
2014-05-08,002557,30.59,29.75,30.83,29.75,26070,42393439.0,3.53,-2.65,-0.81,0.77
2014-05-09,002557,29.68,30.17,30.29,29.41,25498,40772704.0,2.96,1.41,0.42,0.75
2014-05-12,002557,30.17,30.95,31.15,30.05,45612,75063755.0,3.65,2.59,0.78,1.35
2014-05-13,002557,31.02,30.88,31.12,30.64,26775,44484154.0,1.55,-0.23,-0.07,0.79
2014-05-14,002557,30.85,30.78,30.93,30.63,10785,17853346.0,0.97,-0.32,-0.1,0.32
2014-05-15,002557,30.78,30.58,30.81,29.99,15220,24817271.0,2.66,-0.65,-0.2,0.45
2014-05-16,002557,30.31,30.32,30.53,29.88,12373,20024343.0,2.13,-0.85,-0.26,0.37
2014-05-19,002557,30.24,30.14,30.59,29.78,11320,18247685.0,2.67,-0.59,-0.18,0.33
2014-05-20,002557,30.17,30.34,30.46,30.17,8950,14579168.0,0.96,0.66,0.2,0.26
2014-05-21,002557,30.32,30.59,30.71,30.04,16544,27110189.0,2.21,0.82,0.25,0.49
2014-05-22,002557,30.51,30.05,30.71,29.97,26339,42956736.0,2.42,-1.77,-0.54,0.78
2014-05-23,002557,30.14,30.39,30.46,30.02,8348,13556414.0,1.46,1.13,0.34,0.25
2014-05-26,002557,30.48,30.93,30.98,30.39,15087,24965032.0,1.94,1.78,0.54,0.45
2014-05-27,002557,30.97,31.07,31.34,30.76,17211,28817283.0,1.88,0.45,0.14,0.51
2014-05-28,002557,31.07,31.61,31.69,31.0,24516,41497574.0,2.22,1.74,0.54,0.73
2014-05-29,002557,31.59,31.07,31.61,31.05,11653,19626110.0,1.77,-1.71,-0.54,0.34
2014-05-30,002557,31.18,30.88,31.18,30.75,12413,20646077.0,1.38,-0.61,-0.19,0.37
2014-06-03,002557,31.0,31.2,31.61,31.0,13333,22586481.0,1.98,1.04,0.32,0.39
2014-06-04,002557,31.44,30.97,31.44,30.51,9918,16476782.0,2.98,-0.74,-0.23,0.29
2014-06-05,002557,31.02,31.57,31.61,30.76,13296,22498127.0,2.74,1.94,0.6,0.39
2014-06-06,002557,31.59,32.32,32.62,31.59,34198,59332082.0,3.26,2.38,0.75,1.01
2014-06-09,002557,32.25,32.57,32.84,32.11,26940,47356873.0,2.26,0.77,0.25,0.8
2014-06-10,002557,32.57,32.25,32.57,31.78,20206,33998250.0,2.43,-0.98,-0.32,0.6
2014-06-11,002557,32.35,32.32,32.35,31.81,12127,20393210.0,1.67,0.22,0.07,0.36
2014-06-12,002557,32.13,31.96,32.28,31.84,7979,13438182.0,1.36,-1.11,-0.36,0.24
2014-06-13,002557,31.88,32.1,32.37,31.86,11646,19637480.0,1.6,0.44,0.14,0.34
2014-06-16,002557,32.06,32.49,32.54,32.01,14285,24324698.0,1.65,1.21,0.39,0.42
2014-06-17,002557,32.54,31.83,32.54,31.83,10859,18309623.0,2.19,-2.03,-0.66,0.32
2014-06-18,002557,31.83,31.2,31.96,31.2,9688,16007977.0,2.39,-1.98,-0.63,0.29
2014-06-19,002557,31.15,31.34,31.57,31.0,11140,18197287.0,1.83,0.45,0.14,0.33
2014-06-20,002557,31.35,30.98,31.46,30.85,9752,15814991.0,1.95,-1.15,-0.36,0.29
2014-06-23,002557,31.02,31.05,31.27,30.9,8581,13911121.0,1.19,0.23,0.07,0.25
2014-06-24,002557,31.05,31.74,31.79,31.0,13971,22946289.0,2.54,2.22,0.69,0.41
2014-06-25,002557,31.74,31.17,31.91,31.1,8575,14046209.0,2.55,-1.8,-0.57,0.25
2014-06-26,002557,31.2,31.49,31.66,31.2,12008,19782774.0,1.48,1.03,0.32,0.36
2014-06-27,002557,31.52,31.68,31.69,31.27,11929,19635013.0,1.33,0.6,0.19,0.35
2014-06-30,002557,31.68,31.66,31.93,31.56,9401,15628143.0,1.17,-0.06,-0.02,0.28
2014-07-01,002557,31.69,31.84,32.01,31.66,11677,19486834.0,1.11,0.57,0.18,0.35
2014-07-02,002557,31.88,32.37,32.44,31.84,16737,28221015.0,1.88,1.66,0.53,0.5
2014-07-03,002557,32.38,32.38,32.52,31.96,14222,24084034.0,1.73,0.03,0.01,0.42
2014-07-04,002557,32.38,32.2,32.45,31.98,11883,20056154.0,1.45,-0.56,-0.18,0.35
2014-07-07,002557,32.2,32.11,32.3,31.96,8787,14801785.0,1.06,-0.28,-0.09,0.26
2014-07-08,002557,32.03,32.4,32.49,31.91,11935,20225016.0,1.81,0.9,0.29,0.35
2014-07-09,002557,32.42,32.06,32.76,32.03,20054,34223983.0,2.25,-1.05,-0.34,0.59
2014-07-10,002557,32.05,31.81,32.3,31.71,15234,25605796.0,1.84,-0.78,-0.25,0.45
2014-07-11,002557,31.79,31.96,32.13,31.79,11164,18681194.0,1.07,0.47,0.15,0.33
2014-07-14,002557,32.0,32.45,32.45,31.96,15266,25826162.0,1.53,1.53,0.49,0.45
2014-07-15,002557,32.44,33.87,33.97,32.44,38017,66028214.0,4.71,4.38,1.42,1.12
2014-07-16,002557,33.5,32.74,33.65,32.67,41972,73148364.0,2.89,-3.34,-1.13,1.24
2014-07-17,002557,32.84,32.4,32.99,32.23,13461,22994010.0,2.32,-1.04,-0.34,0.4
2014-07-18,002557,32.4,32.91,33.04,32.22,13046,22426231.0,2.53,1.57,0.51,0.39
2014-07-21,002557,32.72,32.64,32.99,32.38,6619,11360782.0,1.85,-0.82,-0.27,0.2
2014-07-22,002557,32.69,32.72,32.84,32.55,13871,23876452.0,0.89,0.25,0.08,0.41
2014-07-23,002557,32.71,32.3,32.91,32.27,12119,20695427.0,1.96,-1.28,-0.42,0.36
2014-07-24,002557,32.28,32.37,32.54,32.08,13844,23521081.0,1.42,0.22,0.07,0.41
2014-07-25,002557,32.4,32.47,32.57,32.18,14642,24890164.0,1.2,0.31,0.1,0.43
2014-07-28,002557,32.59,32.93,32.98,32.55,19852,34242274.0,1.32,1.42,0.46,0.59
2014-07-29,002557,33.15,33.35,33.47,33.04,51167,89757261.0,1.31,1.28,0.42,1.51
2014-07-30,002557,33.31,33.08,33.45,32.94,22757,39661703.0,1.53,-0.81,-0.27,0.67
2014-07-31,002557,33.15,33.87,33.92,33.15,37510,66514874.0,2.33,2.39,0.79,1.11
2014-08-01,002557,33.92,34.29,34.82,33.67,61270,111786681.0,3.4,1.24,0.42,1.81
2014-08-04,002557,34.4,34.6,34.8,34.36,24936,45538415.0,1.28,0.9,0.31,0.74
2014-08-05,002557,34.62,34.56,34.97,34.07,20988,38293702.0,2.6,-0.12,-0.04,0.62
2014-08-06,002557,34.4,34.5,34.87,34.33,14077,25786869.0,1.56,-0.17,-0.06,0.42
2014-08-07,002557,34.4,33.99,34.45,33.8,21785,39313472.0,1.88,-1.48,-0.51,0.64
2014-08-08,002557,33.89,34.58,34.63,33.89,19441,35331856.0,2.18,1.74,0.59,0.58
2014-08-11,002557,34.4,34.72,34.78,34.21,30768,56154369.0,1.65,0.4,0.14,0.91
2014-08-12,002557,34.68,34.7,34.89,34.31,14153,25955984.0,1.67,-0.06,-0.02,0.42
2014-08-13,002557,34.9,34.45,34.95,34.28,14660,26825687.0,1.93,-0.72,-0.25,0.43
2014-08-14,002557,34.45,34.06,34.7,34.02,19415,35329975.0,1.97,-1.13,-0.39,0.57
2014-08-15,002557,33.97,34.58,34.7,33.94,22469,40887030.0,2.23,1.53,0.52,0.66
2014-08-18,002557,34.55,35.02,35.07,34.46,29346,54028286.0,1.76,1.27,0.44,0.87
2014-08-19,002557,35.04,34.65,35.12,34.38,25569,47017685.0,2.11,-1.06,-0.37,0.76
2014-08-20,002557,34.7,34.58,34.82,34.41,16090,29506762.0,1.18,-0.2,-0.07,0.48
2014-08-21,002557,34.65,34.35,34.67,34.09,19691,35712408.0,1.68,-0.67,-0.23,0.58
2014-08-22,002557,34.35,34.56,34.65,34.21,16240,29643245.0,1.28,0.61,0.21,0.48
2014-08-25,002557,34.6,33.92,34.6,33.84,23804,42843825.0,2.2,-1.85,-0.64,0.7
2014-08-26,002557,33.89,33.3,34.04,33.01,16572,29258668.0,3.04,-1.83,-0.62,0.49
2014-08-27,002557,33.3,33.25,33.53,32.98,11431,20025134.0,1.65,-0.15,-0.05,0.34
2014-08-28,002557,33.37,33.23,33.37,33.06,8926,15634904.0,0.93,-0.06,-0.02,0.26
2014-08-29,002557,33.25,33.7,33.72,33.11,7980,14119150.0,1.84,1.41,0.47,0.24
2014-09-01,002557,33.7,33.99,34.06,33.58,14713,26323290.0,1.42,0.86,0.29,0.44
2014-09-02,002557,34.01,34.19,34.28,34.01,19242,34749560.0,0.79,0.59,0.2,0.57
2014-09-03,002557,34.19,34.24,34.43,34.14,22171,40192875.0,0.85,0.15,0.05,0.66
2014-09-04,002557,34.35,34.41,34.48,34.13,25337,45983154.0,1.02,0.5,0.17,0.75
2014-09-05,002557,34.55,34.41,34.55,34.24,17259,31401528.0,0.9,0.0,0.0,0.51
2014-09-09,002557,34.4,34.63,34.63,33.94,27645,50187911.0,2.01,0.64,0.22,0.82
2014-09-10,002557,34.55,34.45,34.8,34.24,22863,41820576.0,1.62,-0.52,-0.18,0.68
2014-09-11,002557,34.56,34.38,34.78,34.13,33281,60830117.0,1.89,-0.2,-0.07,0.98
2014-09-12,002557,34.43,34.6,34.62,34.21,17610,32062121.0,1.19,0.64,0.22,0.52
2014-09-15,002557,34.6,35.21,35.33,34.41,44029,81677492.0,2.66,1.76,0.61,1.3
2014-09-16,002557,35.22,33.94,35.29,33.92,36726,67421526.0,3.89,-3.61,-1.27,1.09
2014-09-17,002557,33.94,34.13,34.28,33.42,28483,51082817.0,2.53,0.56,0.19,0.84
2014-09-18,002557,34.04,34.28,34.28,33.82,14444,26075508.0,1.35,0.44,0.15,0.43
2014-09-19,002557,34.43,34.6,34.73,34.28,21118,38604411.0,1.31,0.93,0.32,0.62
2014-09-22,002557,34.5,34.01,34.53,33.82,16322,29428444.0,2.05,-1.71,-0.59,0.48
2014-09-23,002557,33.89,34.28,34.31,33.75,28359,51022992.0,1.65,0.79,0.27,0.84
2014-09-24,002557,34.16,34.84,34.94,34.02,27152,49847999.0,2.68,1.63,0.56,0.8
2014-09-25,002557,34.9,34.67,35.07,34.6,24522,45331082.0,1.35,-0.49,-0.17,0.73
2014-09-26,002557,34.67,35.44,35.63,34.55,35495,66243483.0,3.12,2.22,0.77,1.05
2014-09-29,002557,35.44,35.65,35.71,35.07,39750,74667921.0,1.81,0.59,0.21,1.18
2014-09-30,002557,35.68,35.48,35.7,35.26,21248,40051860.0,1.23,-0.48,-0.17,0.63
2014-10-08,002557,35.53,35.9,35.92,35.26,28411,53785131.0,1.86,1.18,0.42,0.84
2014-10-09,002557,35.88,35.55,36.07,35.29,27620,52391672.0,2.17,-0.97,-0.35,0.82
2014-10-10,002557,35.34,35.27,35.66,35.17,23655,44467774.0,1.38,-0.79,-0.28,0.7
2014-10-13,002557,35.21,35.04,35.36,34.6,31139,57550751.0,2.15,-0.65,-0.23,0.92
2014-10-14,002557,34.99,35.48,35.56,34.95,34031,63629002.0,1.74,1.26,0.44,1.01
2014-10-15,002557,35.49,35.29,35.65,35.0,36865,68932712.0,1.83,-0.54,-0.19,1.09
2014-10-16,002557,35.02,36.17,36.75,34.9,62509,119927391.0,5.24,2.49,0.88,1.85
2014-10-17,002557,36.09,35.8,36.24,35.14,34733,65931780.0,3.04,-1.02,-0.37,1.03
2014-10-20,002557,35.85,36.49,36.49,35.7,38351,73772518.0,2.21,1.93,0.69,1.13
2014-10-21,002557,36.49,36.75,36.78,36.24,46454,90589344.0,1.48,0.71,0.26,1.37
2014-10-22,002557,36.59,36.56,36.66,35.95,27351,52908278.0,1.93,-0.52,-0.19,0.81
2014-10-23,002557,36.19,36.12,36.39,35.19,35025,66648999.0,3.28,-1.2,-0.44,1.04
2014-10-24,002557,35.9,36.69,36.91,35.7,39042,75549594.0,3.35,1.58,0.57,1.16
2014-10-27,002557,36.53,37.2,37.86,36.42,69461,137973684.0,3.92,1.39,0.51,2.06
2014-10-28,002557,37.24,38.03,38.28,37.03,79945,161343592.0,3.36,2.23,0.83,2.37
2014-10-29,002557,38.01,38.96,39.63,37.62,85879,176808874.0,5.29,2.45,0.93,2.54
2014-10-30,002557,38.76,38.77,39.09,38.33,34883,72295038.0,1.95,-0.49,-0.19,1.03
2014-10-31,002557,38.76,38.62,39.06,37.93,79361,164619615.0,2.91,-0.39,-0.15,2.35
2014-11-03,002557,38.45,39.23,39.97,38.0,83183,173566435.0,5.1,1.58,0.61,2.46
2014-11-04,002557,38.89,39.04,39.58,38.3,84576,175995896.0,3.26,-0.48,-0.19,2.5
2014-11-05,002557,39.09,38.49,39.09,38.49,20554,42648985.0,1.54,-1.41,-0.55,0.61
2014-11-06,002557,38.45,38.91,39.45,38.3,74645,156487563.0,2.99,1.09,0.42,2.21
2014-11-07,002557,38.91,38.89,39.63,38.22,33694,69951999.0,3.62,-0.05,-0.02,1.0
2014-11-10,002557,38.89,39.18,39.42,38.38,79410,166125285.0,2.67,0.75,0.29,2.35
2014-11-11,002557,39.45,38.69,39.47,37.78,39751,81768980.0,4.31,-1.25,-0.49,1.18
2014-11-12,002557,38.15,38.96,39.2,38.1,59122,123000930.0,2.84,0.7,0.27,1.75
2014-11-13,002557,38.79,38.79,39.6,38.23,49730,103449998.0,3.52,-0.44,-0.17,1.47
2014-11-14,002557,38.5,38.79,38.93,38.11,19915,41176883.0,2.11,0.0,0.0,0.59
2014-11-17,002557,38.59,39.09,39.26,38.49,22456,47013640.0,1.99,0.77,0.3,0.66
2014-11-18,002557,38.98,38.87,39.28,38.62,9630,20076823.0,1.69,-0.56,-0.22,0.28
2014-11-19,002557,38.91,38.54,39.01,38.32,18621,38493403.0,1.78,-0.85,-0.33,0.55
2014-11-20,002557,38.42,38.28,38.52,37.64,22959,46636876.0,2.28,-0.67,-0.26,0.68
2014-11-21,002557,38.11,38.37,38.6,37.71,34114,69623317.0,2.32,0.24,0.09,1.01
2014-11-24,002557,38.45,39.53,40.31,38.01,118334,248275206.0,5.99,3.02,1.16,3.5
2014-11-25,002557,39.43,41.32,41.38,38.89,128456,278191872.0,6.3,4.53,1.79,3.8
2014-11-26,002557,40.92,43.81,44.69,40.78,144180,335132576.0,9.46,6.03,2.49,4.27
2014-11-27,002557,42.0,41.32,43.64,41.0,222515,505467936.0,6.03,-5.68,-2.49,6.58
2014-11-28,002557,40.85,39.85,40.87,39.18,103703,222463743.0,4.09,-3.56,-1.47,3.07
2014-12-01,002557,39.62,39.84,39.91,39.26,52378,111274582.0,1.63,-0.03,-0.01,1.55
2014-12-02,002557,39.84,39.82,40.29,39.63,58146,124809168.0,1.66,-0.05,-0.02,1.72
2014-12-03,002557,40.09,39.36,40.09,38.93,65483,138196289.0,2.91,-1.16,-0.46,1.94
2014-12-04,002557,39.16,39.47,39.63,39.16,51924,109892514.0,1.19,0.28,0.11,1.54
2014-12-05,002557,39.48,37.76,39.52,37.64,65545,134175895.0,4.76,-4.33,-1.71,1.94
2014-12-08,002557,37.59,37.94,38.18,37.27,46321,93660644.0,2.41,0.48,0.18,1.37
2014-12-09,002557,37.78,35.48,37.84,35.38,68598,135228788.0,6.48,-6.48,-2.46,2.03
2014-12-10,002557,35.76,36.75,36.85,35.48,32690,63188572.0,3.86,3.58,1.27,0.97
2014-12-11,002557,36.73,37.24,37.34,36.36,26562,52432687.0,2.67,1.33,0.49,0.79
2014-12-12,002557,37.27,37.56,37.62,37.18,23952,47854101.0,1.18,0.86,0.32,0.71
2014-12-15,002557,37.57,37.84,37.91,37.22,26094,52417087.0,1.84,0.75,0.28,0.77
2014-12-16,002557,37.86,37.57,37.96,37.35,28351,56940153.0,1.61,-0.71,-0.27,0.84
2014-12-17,002557,37.35,36.53,37.42,36.42,35704,69820053.0,2.66,-2.77,-1.04,1.06
2014-12-18,002557,36.51,36.68,36.88,36.09,24374,47488104.0,2.16,0.41,0.15,0.72
2014-12-19,002557,36.51,35.85,36.51,35.78,27470,52650909.0,1.99,-2.26,-0.83,0.81
2014-12-22,002557,35.75,34.23,35.76,34.21,44126,81877105.0,4.32,-4.52,-1.62,1.31
2014-12-23,002557,34.16,34.56,34.92,34.09,24919,45679468.0,2.42,0.96,0.33,0.74
2014-12-24,002557,34.58,35.44,35.49,34.58,24377,45453623.0,2.63,2.55,0.88,0.72
2014-12-25,002557,35.55,35.41,35.65,35.19,18290,34361138.0,1.3,-0.08,-0.03,0.54
2014-12-26,002557,35.48,35.61,35.88,35.27,19552,37034315.0,1.72,0.56,0.2,0.58
2014-12-29,002557,35.61,35.71,35.93,35.24,23162,43708266.0,1.94,0.28,0.1,0.69
2014-12-30,002557,35.65,35.02,36.14,34.9,28944,54805545.0,3.47,-1.93,-0.69,0.86
2014-12-31,002557,35.06,35.6,35.71,34.77,19631,36663348.0,2.68,1.66,0.58,0.58
2015-01-05,002557,35.66,36.66,36.8,35.38,39179,75612113.0,3.99,2.98,1.06,1.16
2015-01-06,002557,36.44,37.34,37.49,36.25,43744,86319688.0,3.38,1.85,0.68,1.29
2015-01-07,002557,37.1,37.0,37.37,36.76,21464,42379476.0,1.63,-0.91,-0.34,0.64
2015-01-08,002557,36.93,36.93,37.24,36.86,20798,41118268.0,1.03,-0.19,-0.07,0.62
2015-01-09,002557,36.91,36.85,37.39,36.76,25893,51438931.0,1.71,-0.22,-0.08,0.77
2015-01-12,002557,36.8,36.47,37.27,36.22,21866,42757290.0,2.85,-1.03,-0.38,0.65
2015-01-13,002557,36.47,37.34,37.4,36.32,23458,46391281.0,2.96,2.39,0.87,0.69
2015-01-14,002557,37.34,37.44,37.78,37.1,24273,48655532.0,1.82,0.27,0.1,0.72
2015-01-15,002557,37.45,37.24,37.67,37.12,14788,29530385.0,1.47,-0.53,-0.2,0.44
2015-01-16,002557,37.34,38.05,38.05,37.25,23489,47271646.0,2.15,2.18,0.81,0.69
2015-01-19,002557,37.45,37.0,38.44,36.69,28207,56653016.0,4.6,-2.76,-1.05,0.83
2015-01-20,002557,37.13,37.83,37.83,37.12,23622,47498472.0,1.92,2.24,0.83,0.7
2015-01-21,002557,37.94,38.49,38.59,37.78,30970,63363063.0,2.14,1.74,0.66,0.92
2015-01-22,002557,38.35,38.62,38.93,38.3,22484,46542983.0,1.64,0.34,0.13,0.67
2015-01-23,002557,38.62,38.3,38.84,38.15,20616,42497222.0,1.79,-0.83,-0.32,0.61
2015-01-26,002557,38.15,38.93,38.93,38.13,17815,36963143.0,2.09,1.64,0.63,0.53
2015-01-27,002557,38.98,39.58,39.72,38.72,30162,63357136.0,2.57,1.67,0.65,0.89
2015-01-28,002557,39.52,39.36,39.7,39.03,19779,41820519.0,1.69,-0.56,-0.22,0.59
2015-01-29,002557,39.13,38.79,39.62,38.74,20740,43597853.0,2.24,-1.45,-0.57,0.61
2015-01-30,002557,38.96,38.72,39.13,38.3,17406,36066028.0,2.14,-0.18,-0.07,0.51
2015-02-02,002557,38.45,38.33,39.09,38.15,25136,52109735.0,2.43,-1.01,-0.39,0.74
2015-02-03,002557,38.59,38.64,38.96,38.28,16053,33183829.0,1.77,0.81,0.31,0.47
2015-02-04,002557,38.65,37.66,38.74,37.61,25221,51524833.0,2.92,-2.54,-0.98,0.75
2015-02-05,002557,37.88,37.59,37.98,37.39,18430,37084130.0,1.57,-0.19,-0.07,0.55
2015-02-06,002557,37.57,37.4,37.73,37.37,16777,33661012.0,0.96,-0.51,-0.19,0.5
2015-02-09,002557,37.52,36.73,37.61,36.61,14939,29575423.0,2.67,-1.79,-0.67,0.44
2015-02-10,002557,36.8,37.73,37.76,36.73,14134,28131186.0,2.8,2.72,1.0,0.42
2015-02-11,002557,37.73,37.73,37.78,37.29,11684,23437644.0,1.3,0.0,0.0,0.35
2015-02-12,002557,37.96,39.38,40.06,37.64,36884,77115794.0,6.41,4.37,1.65,1.09
2015-02-13,002557,39.52,39.85,40.62,39.52,52316,112997231.0,2.79,1.19,0.47,1.55
2015-02-16,002557,39.87,39.97,40.19,39.45,26482,56608247.0,1.86,0.3,0.12,0.78
2015-02-17,002557,40.01,39.57,40.06,39.45,17480,37281504.0,1.53,-1.0,-0.4,0.52
2015-02-25,002557,39.72,38.93,39.75,38.32,21949,45867514.0,3.61,-1.62,-0.64,0.65
2015-02-26,002557,38.72,39.53,39.62,38.72,20332,42838113.0,2.31,1.54,0.6,0.6
2015-02-27,002557,39.53,39.55,39.96,39.21,16098,34244479.0,1.9,0.05,0.02,0.48
2015-03-02,002557,39.63,40.14,40.14,39.52,27688,59250471.0,1.57,1.49,0.59,0.82
2015-03-03,002557,39.99,39.35,40.01,39.3,22222,47288128.0,1.77,-1.97,-0.79,0.66
2015-03-04,002557,39.28,39.62,39.65,39.16,19678,41621698.0,1.25,0.69,0.27,0.58
2015-03-05,002557,39.57,39.97,40.14,39.57,23441,50247405.0,1.44,0.88,0.35,0.69
2015-03-06,002557,40.11,41.38,41.58,40.07,62614,137988980.0,3.78,3.53,1.41,1.85
2015-03-09,002557,41.12,41.32,41.78,40.67,33228,74013587.0,2.68,-0.14,-0.06,0.98
2015-03-10,002557,41.21,42.34,42.85,40.85,41579,94733801.0,4.84,2.47,1.02,1.23
2015-03-11,002557,42.36,41.93,42.68,41.38,28232,63999482.0,3.07,-0.97,-0.41,0.84
2015-03-12,002557,42.0,42.17,42.95,41.44,25263,57578186.0,3.6,0.57,0.24,0.75
2015-03-13,002557,42.44,43.86,44.2,42.17,43969,103779754.0,4.81,4.01,1.69,1.3
2015-03-16,002557,43.86,43.96,44.28,43.4,28857,68624543.0,2.01,0.23,0.1,0.85
2015-03-17,002557,44.13,43.34,44.15,43.13,40531,95645182.0,2.32,-1.41,-0.62,1.2
2015-03-18,002557,43.37,45.97,46.28,43.37,43906,107038363.0,6.71,6.07,2.63,1.3
2015-03-19,002557,45.8,45.23,45.87,44.57,33012,81221817.0,2.83,-1.61,-0.74,0.98
2015-03-20,002557,45.38,45.57,47.17,45.13,41123,104004522.0,4.51,0.75,0.34,1.22
2015-03-23,002557,45.65,45.45,46.63,45.01,49645,123631628.0,3.55,-0.26,-0.12,1.47
2015-03-24,002557,45.65,46.39,46.46,44.23,54253,134530045.0,4.91,2.07,0.94,1.61
2015-03-25,002557,46.06,46.67,47.16,45.47,46808,118455648.0,3.64,0.6,0.28,1.38
2015-03-26,002557,46.23,46.68,47.56,45.92,47704,121971994.0,3.51,0.02,0.01,1.41
2015-03-27,002557,46.7,46.78,47.04,45.89,35869,90559118.0,2.46,0.21,0.1,1.06
2015-03-30,002557,46.78,46.18,47.32,45.99,43921,111275392.0,2.84,-1.28,-0.6,1.3
2015-03-31,002557,46.19,46.82,46.99,45.96,47516,120495451.0,2.23,1.39,0.64,1.41
2015-04-01,002557,46.85,47.85,47.97,46.19,43971,113087757.0,3.8,2.2,1.03,1.3
2015-04-02,002557,47.93,49.99,51.4,47.7,58869,160641621.0,7.73,4.47,2.14,1.74
2015-04-03,002557,49.67,51.63,51.79,49.1,47150,131248973.0,5.38,3.28,1.64,1.39
2015-04-07,002557,51.38,51.52,51.8,50.55,49103,138841454.0,2.42,-0.21,-0.11,1.45
2015-04-08,002557,51.84,49.0,52.07,48.61,64237,175734060.0,6.72,-4.89,-2.52,1.9
2015-04-09,002557,49.03,50.65,50.72,46.89,79923,213890735.0,7.82,3.37,1.65,2.36
2015-04-10,002557,50.67,50.92,51.77,50.06,106870,298887104.0,3.38,0.53,0.27,3.16
2015-04-13,002557,50.92,52.39,53.32,50.3,73939,207817798.0,5.93,2.89,1.47,2.19
2015-04-14,002557,52.68,51.72,53.24,51.6,84626,244759318.0,3.13,-1.28,-0.67,2.5
2015-04-15,002557,51.13,50.35,52.34,48.56,85285,235498753.0,7.31,-2.65,-1.37,2.52
2015-04-16,002557,49.37,50.45,52.33,48.93,51920,144501382.0,6.75,0.2,0.1,1.54
2015-04-17,002557,50.48,49.79,50.76,48.93,55291,150943376.0,3.63,-1.31,-0.66,1.64
2015-04-20,002557,48.96,47.75,49.77,47.58,60718,161959123.0,4.4,-4.1,-2.04,1.8
2015-04-21,002557,47.59,48.88,49.01,47.59,32807,87205715.0,2.97,2.37,1.13,0.97
2015-04-22,002557,49.15,49.91,49.91,49.01,65893,178426580.0,1.84,2.11,1.03,1.95
2015-04-23,002557,49.79,49.25,49.83,48.93,60458,163214060.0,1.8,-1.32,-0.66,1.79
2015-04-24,002557,48.64,50.01,50.15,48.17,67582,182006628.0,4.02,1.54,0.76,2.0
2015-04-27,002557,50.13,50.59,51.72,49.71,75900,211410137.0,4.02,1.16,0.58,2.25
2015-04-28,002557,50.6,49.44,51.13,48.85,45736,124950755.0,4.51,-2.27,-1.15,1.35
2015-04-29,002557,49.27,50.37,50.96,48.96,49141,134820575.0,4.05,1.88,0.93,1.45
2015-04-30,002557,50.37,50.48,51.21,50.1,53978,149908768.0,2.2,0.22,0.11,1.6
2015-05-04,002557,50.47,51.46,51.72,50.15,45982,128595782.0,3.11,1.94,0.98,1.36
2015-05-05,002557,51.18,49.12,51.72,49.07,36248,100028754.0,5.15,-4.55,-2.34,1.07
2015-05-06,002557,49.28,47.81,49.56,47.61,42671,114157212.0,3.97,-2.67,-1.31,1.26
2015-05-07,002557,47.75,46.85,47.92,46.75,22704,58662253.0,2.45,-2.01,-0.96,0.67
2015-05-08,002557,47.56,48.2,48.24,47.39,60083,156900071.0,1.81,2.88,1.35,1.78
2015-05-11,002557,48.59,49.37,49.4,48.39,47876,129066822.0,2.1,2.43,1.17,1.42
2015-05-12,002557,49.56,49.39,49.99,49.1,44920,121657741.0,1.8,0.04,0.02,1.33
2015-05-13,002557,49.28,50.16,50.94,48.76,80108,217414931.0,4.41,1.56,0.77,2.37
2015-05-14,002557,50.3,51.99,52.02,49.83,81352,229623087.0,4.37,3.65,1.83,2.41
2015-05-15,002557,52.46,50.96,52.65,50.16,48300,135700064.0,4.79,-1.98,-1.03,1.43
2015-05-18,002557,50.79,53.17,53.22,50.7,77978,223365724.0,4.95,4.34,2.21,2.31
2015-05-19,002557,53.19,56.03,57.01,53.19,124507,383104128.0,7.18,5.38,2.86,3.68
2015-05-20,002557,56.03,54.84,56.86,54.34,84025,258811363.0,4.5,-2.12,-1.19,2.49
2015-05-21,002557,56.03,57.72,58.04,55.83,62962,198417622.0,4.03,5.25,2.88,1.86
2015-05-22,002557,58.73,57.68,59.31,56.48,57411,183521198.0,4.9,-0.07,-0.04,1.7
2015-05-25,002557,57.5,57.68,58.48,56.7,65108,208604690.0,3.09,0.0,0.0,1.93
2015-05-26,002557,59.07,60.46,60.51,57.57,106086,347965104.0,5.1,4.82,2.78,3.14
2015-05-27,002557,61.01,61.45,61.96,58.83,154208,520013792.0,5.18,1.64,0.99,4.56
2015-05-28,002557,61.2,57.57,63.91,57.55,203856,453071200.0,10.35,-6.31,-3.88,4.02
2015-05-29,002557,57.57,56.41,59.32,54.66,136069,278598576.0,8.09,-2.01,-1.16,2.68
2015-06-01,002557,57.19,60.06,60.49,55.93,119711,254266773.0,8.08,6.47,3.65,2.36
2015-06-02,002557,60.34,62.67,62.7,59.5,160810,357753968.0,5.33,4.35,2.61,3.17
2015-06-03,002557,62.67,62.06,63.13,59.7,150299,337571408.0,5.47,-0.97,-0.61,2.96
2015-06-04,002557,61.86,62.62,63.38,57.55,120084,267782337.0,9.39,0.9,0.56,2.37
2015-06-05,002557,62.95,62.04,63.81,60.69,121577,275652224.0,4.98,-0.93,-0.58,2.4
2015-06-08,002557,61.78,59.63,61.86,59.45,118759,259112198.0,3.88,-3.88,-2.41,2.34
2015-06-09,002557,59.63,59.4,60.59,58.46,97355,208878109.0,3.57,-0.39,-0.23,1.92
2015-06-10,002557,58.89,60.08,60.84,58.36,81265,176660966.0,4.18,1.14,0.68,1.6
2015-06-11,002557,60.03,61.07,61.3,59.12,93276,204943190.0,3.63,1.65,0.99,1.84
2015-06-12,002557,61.0,61.81,62.31,60.97,108941,244741137.0,2.19,1.21,0.74,2.15
2015-06-15,002557,61.83,59.91,61.99,59.32,103233,226317949.0,4.32,-3.07,-1.9,2.04
2015-06-16,002557,59.02,57.04,59.22,56.71,81249,170181255.0,4.19,-4.79,-2.87,1.6
2015-06-17,002557,57.55,57.83,58.06,56.03,66970,138365762.0,3.56,1.38,0.79,1.32
2015-06-18,002557,57.95,58.31,60.26,57.85,102243,219589955.0,4.17,0.83,0.48,2.02
2015-06-19,002557,57.3,54.51,57.57,53.75,87483,175360485.0,6.55,-6.52,-3.8,1.73
2015-06-23,002557,54.46,53.82,55.22,50.58,65502,125029203.0,8.51,-1.27,-0.69,1.29
2015-06-24,002557,54.25,54.25,55.24,52.48,82271,159388658.0,5.13,0.8,0.43,1.62
2015-06-25,002557,54.43,50.96,54.89,50.96,103877,197626674.0,7.24,-6.06,-3.29,2.05
2015-06-26,002557,49.67,46.34,50.2,46.34,115531,196884305.0,7.57,-9.07,-4.62,2.28
2015-08-24,002557,42.19,42.19,42.19,42.19,6119,9019406.0,0.0,-8.96,-4.15,0.12
2015-08-25,002557,38.46,38.46,38.46,38.46,24625,32677375.0,0.0,-8.84,-3.73,0.49
2015-08-26,002557,35.29,36.48,38.66,35.29,265960,333004992.0,8.76,-5.15,-1.98,5.25
2015-08-27,002557,37.27,37.78,38.0,35.65,146579,187254752.0,6.44,3.56,1.3,2.89
2015-08-28,002557,38.31,40.11,40.82,36.51,192833,253021656.0,11.41,6.17,2.33,3.8
2015-08-31,002557,39.04,37.7,39.42,37.7,94918,125740273.0,4.29,-6.01,-2.41,1.87
2015-09-01,002557,37.14,36.58,38.54,35.85,112266,143343059.0,7.14,-2.97,-1.12,2.21
2015-09-02,002557,35.24,38.44,38.61,34.43,119562,152296530.0,11.43,5.08,1.86,2.36
2015-09-07,002557,37.85,38.16,40.06,37.8,111033,148720586.0,5.88,-0.73,-0.28,2.19
2015-09-08,002557,37.85,39.7,39.8,37.32,92655,122104824.0,6.5,4.04,1.54,1.83
2015-09-09,002557,40.06,41.32,41.32,39.42,146093,205853378.0,4.79,4.08,1.62,2.88
2015-09-10,002557,40.87,39.85,40.97,39.68,69680,97737489.0,3.12,-3.56,-1.47,1.37
2015-09-11,002557,39.83,39.7,40.26,39.07,39050,53806535.0,2.99,-0.38,-0.15,0.77
2015-09-14,002557,39.96,38.0,40.06,36.89,94746,126249066.0,7.98,-4.28,-1.7,1.87
2015-09-15,002557,37.67,37.24,38.28,36.99,64126,82661179.0,3.39,-2.0,-0.76,1.26
2015-09-16,002557,37.27,39.88,40.06,36.64,104035,136864151.0,9.18,7.09,2.64,2.05
2015-09-17,002557,39.07,39.02,41.22,38.79,113416,157802906.0,6.09,-2.16,-0.86,2.24
2015-09-18,002557,39.07,38.94,39.73,38.56,40591,54818965.0,3.0,-0.21,-0.08,0.8
2015-09-21,002557,38.41,40.06,40.18,38.41,61083,83782908.0,4.55,2.88,1.12,1.2
2015-09-22,002557,40.29,40.39,40.74,39.7,68295,95430615.0,2.6,0.82,0.33,1.35
2015-09-23,002557,40.03,39.42,40.26,39.2,46271,63731857.0,2.62,-2.4,-0.97,0.91
2015-09-24,002557,39.55,39.45,39.93,38.66,44296,60243813.0,3.22,0.08,0.03,0.87
2015-09-25,002557,39.12,37.83,39.55,37.27,54425,71795379.0,5.78,-4.11,-1.62,1.07
2015-09-28,002557,37.8,39.04,39.09,37.32,41728,55623230.0,4.68,3.2,1.21,0.82
2015-09-29,002557,38.49,38.56,39.04,38.03,45940,61269787.0,2.59,-1.23,-0.48,0.91
2015-09-30,002557,38.66,38.61,39.2,38.33,46582,62269879.0,2.26,0.13,0.05,0.92
2015-10-08,002557,39.85,40.01,40.82,39.42,72177,100008412.0,3.63,3.63,1.4,1.42
2015-10-09,002557,39.98,40.94,41.15,39.83,76005,107181949.0,3.3,2.32,0.93,1.5
2015-10-12,002557,40.94,42.42,42.44,40.92,96614,141405953.0,3.71,3.62,1.48,1.91
2015-10-13,002557,42.11,42.92,43.0,41.96,62584,92997794.0,2.45,1.18,0.5,1.23
2015-10-14,002557,42.8,42.06,42.8,41.78,54093,79624777.0,2.38,-2.0,-0.86,1.07
2015-10-15,002557,41.86,43.05,43.05,41.83,66570,98865857.0,2.9,2.35,0.99,1.31
2015-10-16,002557,43.15,42.77,43.45,42.06,55844,83483318.0,3.23,-0.65,-0.28,1.1
2015-10-19,002557,42.52,42.59,43.35,41.86,75881,113260475.0,3.48,-0.42,-0.18,1.5
2015-10-20,002557,42.21,43.81,43.99,42.03,79672,120332567.0,4.6,2.86,1.22,1.57
2015-10-21,002557,43.66,41.4,44.19,40.82,70675,105247161.0,7.69,-5.5,-2.41,1.39
2015-10-22,002557,41.32,42.57,42.8,41.12,74392,108285500.0,4.06,2.83,1.17,1.47
2015-10-23,002557,42.44,44.52,45.0,42.29,148622,229370700.0,6.37,4.58,1.95,2.93
2015-10-26,002557,44.62,44.06,45.2,43.56,65211,101603892.0,3.68,-1.03,-0.46,1.29
2015-10-27,002557,44.06,44.57,44.95,42.72,90589,140637414.0,5.06,1.16,0.51,1.79
2015-10-28,002557,44.27,44.67,44.95,43.89,58091,90822860.0,2.38,0.22,0.1,1.15
2015-10-29,002557,45.23,44.29,45.23,42.85,46050,72143225.0,5.33,-0.85,-0.38,0.91
2015-10-30,002557,44.37,45.38,46.04,44.16,101778,162773288.0,4.24,2.46,1.09,2.01
2015-11-02,002557,44.57,44.75,45.23,43.71,55555,87134949.0,3.35,-1.39,-0.63,1.1
2015-11-03,002557,44.75,43.3,44.87,42.97,65688,100643512.0,4.25,-3.24,-1.45,1.3
2015-11-04,002557,43.51,45.05,45.33,43.3,75022,116798316.0,4.69,4.04,1.75,1.48
2015-11-05,002557,44.95,45.25,45.56,44.47,87939,139275608.0,2.42,0.44,0.2,1.73
2015-11-06,002557,45.23,46.39,46.72,45.03,71694,116955925.0,3.73,2.52,1.14,1.41
2015-11-09,002557,46.04,46.88,47.28,45.84,55936,92162646.0,3.1,1.06,0.49,1.1
2015-11-10,002557,46.65,46.32,46.9,45.91,56653,92852521.0,2.11,-1.19,-0.56,1.12
2015-11-11,002557,46.14,46.98,47.23,45.38,74823,123320582.0,3.99,1.42,0.66,1.48
2015-11-12,002557,46.98,47.66,47.81,46.65,72121,120691832.0,2.47,1.45,0.68,1.42
2015-11-13,002557,47.31,47.41,47.66,46.29,48748,81206458.0,2.87,-0.52,-0.25,0.96
2015-11-16,002557,46.55,48.47,48.9,46.14,64841,109199424.0,5.82,2.24,1.06,1.28
2015-11-17,002557,48.42,48.55,49.89,47.94,80537,139876186.0,4.02,0.17,0.08,1.59
2015-11-18,002557,48.47,49.44,49.82,48.19,80142,140393812.0,3.36,1.83,0.89,1.58
2015-11-19,002557,49.44,52.48,52.96,49.44,136504,251336419.0,7.12,6.15,3.04,2.69
2015-11-20,002557,51.87,51.64,52.73,50.98,109112,202088358.0,3.33,-1.6,-0.84,2.15
2015-11-23,002557,50.96,51.24,52.48,50.6,74103,135440485.0,3.64,-0.77,-0.4,1.46
2015-11-24,002557,51.21,50.58,51.41,49.56,49606,89175933.0,3.61,-1.29,-0.66,0.98
2015-11-25,002557,50.3,50.93,51.34,49.94,44603,80871687.0,2.77,0.69,0.35,0.88
2015-11-26,002557,51.41,49.59,51.69,49.21,60423,108258942.0,4.87,-2.63,-1.34,1.19
2015-11-27,002557,49.11,47.92,49.89,47.16,67266,116166265.0,5.51,-3.37,-1.67,1.33
2015-11-30,002557,48.04,48.42,48.63,45.25,86303,144775515.0,7.05,1.04,0.5,1.7
2015-12-01,002557,47.94,47.74,48.27,47.18,48814,82548947.0,2.25,-1.4,-0.68,0.96
2015-12-02,002557,47.79,47.26,47.81,46.17,51216,85417587.0,3.44,-1.01,-0.48,1.01
2015-12-03,002557,47.26,48.6,48.6,47.21,49076,83438667.0,2.94,2.84,1.34,0.97
2015-12-04,002557,48.4,48.4,48.85,47.87,42525,72856726.0,2.02,-0.41,-0.2,0.84
2015-12-07,002557,48.12,47.92,48.93,47.41,65102,111436137.0,3.14,-0.99,-0.48,1.28
2015-12-08,002557,47.87,47.79,48.47,46.34,64463,108505608.0,4.44,-0.27,-0.13,1.27
2015-12-09,002557,47.66,48.6,48.96,47.49,71505,122878877.0,3.08,1.69,0.81,1.41
2015-12-10,002557,48.9,48.35,49.08,48.27,56638,97944488.0,1.67,-0.51,-0.25,1.12
2015-12-11,002557,48.19,47.92,48.19,46.6,61457,103039072.0,3.29,-0.89,-0.43,1.21
2015-12-14,002557,47.46,49.84,49.92,47.28,86675,149628187.0,5.51,4.01,1.92,1.71
2015-12-15,002557,49.89,50.1,50.83,49.18,79830,142271804.0,3.31,0.52,0.26,1.57
2015-12-16,002557,50.35,51.97,52.4,49.64,111710,204066480.0,5.51,3.73,1.87,2.2
2015-12-17,002557,51.97,52.1,52.43,51.52,72066,134068431.0,1.75,0.25,0.13,1.42
2015-12-18,002557,52.02,50.73,52.02,50.48,55553,101455110.0,2.96,-2.63,-1.37,1.1
2015-12-21,002557,50.76,52.86,52.94,50.6,114856,214816654.0,4.61,4.2,2.13,2.27
2015-12-22,002557,53.19,52.53,53.24,51.82,55678,104589682.0,2.69,-0.62,-0.33,1.1
2015-12-23,002557,52.81,51.46,52.81,51.36,50120,93589656.0,2.76,-2.04,-1.07,0.99
2015-12-24,002557,51.26,53.01,53.19,50.53,47746,88751190.0,5.17,3.01,1.55,0.94
2015-12-25,002557,53.01,53.82,54.0,52.61,60105,115588087.0,2.62,1.53,0.81,1.19
2015-12-28,002557,53.57,51.67,54.76,51.67,55250,105054069.0,5.74,-3.99,-2.15,1.09
2015-12-29,002557,51.49,51.46,52.71,51.03,59671,110028223.0,3.25,-0.41,-0.21,1.18
2015-12-30,002557,51.41,51.64,52.3,51.41,37479,69515554.0,1.73,0.35,0.18,0.74
2015-12-31,002557,51.64,52.28,53.47,51.59,70993,134094595.0,3.64,1.24,0.64,1.4
2016-01-04,002557,52.1,47.54,52.56,47.54,44576,79820626.0,9.6,-9.07,-4.74,0.88
2016-01-05,002557,46.01,47.54,48.63,45.03,96921,162561136.0,7.57,0.0,0.0,1.91
2016-01-06,002557,47.54,48.68,48.7,46.83,55174,94035267.0,3.93,2.4,1.14,1.09
2016-01-07,002557,47.92,45.15,47.92,45.1,18433,29914664.0,5.79,-7.25,-3.53,0.36
2016-01-08,002557,46.14,46.7,47.41,45.13,61611,100477108.0,5.05,3.43,1.55,1.22
2016-01-11,002557,46.19,45.38,47.23,44.87,53217,86952807.0,5.05,-2.83,-1.32,1.05
2016-01-12,002557,46.14,44.8,46.6,43.1,51056,80985553.0,7.71,-1.28,-0.58,1.01
2016-01-13,002557,45.1,44.44,45.53,44.09,34621,55046591.0,3.21,-0.8,-0.36,0.68
2016-01-14,002557,43.18,45.79,45.89,42.72,43569,67453188.0,7.13,3.04,1.35,0.86
2016-01-15,002557,45.3,44.24,45.74,43.3,40288,62806768.0,5.33,-3.39,-1.55,0.79
2016-01-18,002557,43.4,45.08,45.66,43.4,33526,53086309.0,5.11,1.9,0.84,0.66
2016-01-19,002557,44.9,47.1,47.81,44.75,49123,81077128.0,6.79,4.48,2.02,0.97
2016-01-20,002557,46.98,46.52,47.41,45.94,50329,83154962.0,3.12,-1.23,-0.58,0.99
2016-01-21,002557,46.14,44.98,46.65,44.87,43770,70940099.0,3.83,-3.31,-1.54,0.86
2016-01-22,002557,45.41,45.1,45.71,43.76,23828,37620656.0,4.34,0.27,0.12,0.47
2016-01-25,002557,45.38,47.41,47.49,45.2,53906,88607569.0,5.08,5.12,2.31,1.06
2016-01-26,002557,47.03,44.11,48.02,44.11,61421,100012783.0,8.25,-6.96,-3.3,1.21
2016-01-27,002557,45.08,44.77,45.08,43.05,42220,65320833.0,4.6,1.5,0.66,0.83
2016-01-28,002557,44.24,43.43,45.0,43.43,20424,31965518.0,3.51,-2.99,-1.34,0.4
2016-01-29,002557,43.4,46.01,46.24,43.18,32923,52431742.0,7.05,5.94,2.58,0.65
2016-02-01,002557,46.01,46.01,46.65,44.29,34762,55985607.0,5.13,0.0,0.0,0.69
2016-02-02,002557,46.14,47.41,47.56,45.58,62691,103939589.0,4.3,3.04,1.4,1.24
2016-02-03,002557,46.93,48.04,48.27,46.65,44333,74375367.0,3.42,1.33,0.63,0.87
2016-02-04,002557,48.14,47.79,48.42,47.41,33628,57133292.0,2.1,-0.52,-0.25,0.66
2016-02-05,002557,47.89,48.02,49.64,47.43,56343,98266487.0,4.62,0.48,0.23,1.11
2016-02-15,002557,46.9,48.8,49.39,46.14,42056,71537617.0,6.77,1.62,0.78,0.83
2016-02-16,002557,48.9,50.91,51.14,48.45,72297,128959486.0,5.51,4.32,2.11,1.43
2016-02-17,002557,50.83,50.68,51.41,49.69,52132,94128024.0,3.38,-0.45,-0.23,1.03
2016-02-18,002557,50.45,51.26,52.25,50.45,64824,119612408.0,3.55,1.14,0.58,1.28
2016-02-19,002557,51.21,50.83,51.41,50.07,33273,60335482.0,2.61,-0.84,-0.43,0.66
2016-02-22,002557,50.96,50.93,51.69,50.32,34193,62391642.0,2.7,0.2,0.1,0.67
2016-02-23,002557,50.91,52.1,52.2,50.45,38545,70166764.0,3.44,2.3,1.17,0.76
2016-02-24,002557,52.38,51.67,52.38,50.48,27162,49997303.0,3.65,-0.83,-0.43,0.54
2016-02-25,002557,51.57,47.41,51.57,47.05,49896,86693828.0,8.75,-8.24,-4.26,0.98
2016-02-26,002557,47.92,47.81,48.8,47.16,42423,72614787.0,3.46,0.84,0.4,0.84
2016-02-29,002557,47.74,45.99,47.84,43.51,48542,77324651.0,9.06,-3.81,-1.82,0.96
2016-03-01,002557,45.84,46.39,46.5,44.62,43091,69150330.0,4.09,0.87,0.4,0.85
2016-03-02,002557,46.9,47.66,47.92,45.94,64838,107537692.0,4.27,2.74,1.27,1.28
2016-03-03,002557,47.66,47.05,47.66,46.65,35963,60000026.0,2.12,-1.28,-0.61,0.71
2016-03-04,002557,46.67,45.25,46.98,44.75,32815,53077422.0,4.74,-3.83,-1.8,0.65
2016-03-07,002557,45.15,45.71,46.19,45.15,26958,43625330.0,2.3,1.02,0.46,0.53
2016-03-08,002557,45.79,46.04,46.04,44.16,28423,45136715.0,4.11,0.72,0.33,0.56
2016-03-09,002557,46.04,46.65,48.12,45.58,53145,88782414.0,5.52,1.32,0.61,1.05
2016-03-10,002557,46.14,46.04,46.8,45.58,31387,51267314.0,2.62,-1.31,-0.61,0.62
2016-03-11,002557,45.84,46.7,47.08,45.18,27963,45466980.0,4.13,1.43,0.66,0.55
2016-03-14,002557,46.8,47.94,48.8,46.8,43902,74929739.0,4.28,2.66,1.24,0.87
2016-03-15,002557,48.25,48.93,49.44,47.76,53772,93752981.0,3.5,2.07,0.99,1.06
2016-03-16,002557,49.08,49.18,49.77,48.47,54557,95303806.0,2.66,0.51,0.25,1.08
2016-03-17,002557,48.85,50.12,50.32,48.8,66671,118437645.0,3.09,1.91,0.94,1.32
2016-03-18,002557,50.12,50.78,50.86,49.74,69666,125271919.0,2.23,1.32,0.66,1.37
2016-03-21,002557,50.7,50.65,50.88,49.94,62348,111892155.0,1.85,-0.26,-0.13,1.23
2016-03-22,002557,50.32,50.58,50.91,49.87,51495,92136551.0,2.05,-0.14,-0.07,1.02
2016-03-23,002557,50.17,49.97,50.32,49.44,35715,63475475.0,1.74,-1.21,-0.61,0.7
2016-03-24,002557,49.51,49.44,50.58,49.34,38595,68580944.0,2.48,-1.06,-0.53,0.76
2016-03-25,002557,49.41,49.49,50.05,48.68,50429,88800304.0,2.77,0.1,0.05,0.99
2016-03-28,002557,49.82,50.83,51.59,49.44,104345,188513600.0,4.34,2.71,1.34,2.06
2016-03-29,002557,50.45,48.4,50.65,48.3,55637,97349529.0,4.62,-4.78,-2.43,1.1
2016-03-30,002557,48.75,50.17,50.4,48.68,42356,74481214.0,3.55,3.66,1.77,0.84
2016-03-31,002557,50.45,50.93,51.54,50.45,79504,145139221.0,2.17,1.51,0.76,1.57
2016-04-01,002557,50.2,52.23,52.35,50.07,67090,123287646.0,4.48,2.55,1.3,1.32
2016-04-05,002557,52.23,52.45,53.04,51.46,52589,98639291.0,3.03,0.42,0.22,1.04
2016-04-06,002557,52.2,53.16,53.32,51.77,46298,87166646.0,2.96,1.35,0.71,0.91
2016-04-07,002557,53.34,51.97,53.34,50.98,57207,106730832.0,4.44,-2.24,-1.19,1.13
2016-04-08,002557,51.46,52.1,52.73,50.96,33482,61943960.0,3.41,0.25,0.13,0.66
2016-04-11,002557,52.73,53.44,53.62,52.1,40740,77806023.0,2.92,2.57,1.34,0.8
2016-04-12,002557,53.37,53.01,53.39,51.97,34697,65249287.0,2.66,-0.8,-0.43,0.68
2016-04-13,002557,52.68,52.78,53.49,52.48,33454,63647863.0,1.91,-0.43,-0.23,0.66
2016-04-14,002557,52.78,52.45,52.99,51.97,25231,47263704.0,1.93,-0.63,-0.33,0.5
2016-04-15,002557,52.48,52.63,52.78,52.05,18989,35634437.0,1.39,0.34,0.18,0.37
2016-04-18,002557,51.49,50.73,52.2,50.58,41515,75519179.0,3.08,-3.61,-1.9,0.82
2016-04-19,002557,50.96,51.62,51.72,50.45,35200,64046583.0,2.5,1.75,0.89,0.69
2016-04-20,002557,51.46,48.88,51.72,47.94,38465,67867115.0,7.32,-5.31,-2.74,0.76
2016-04-21,002557,48.75,49.23,50.02,48.58,27242,47825541.0,2.95,0.72,0.35,0.54
2016-04-22,002557,49.16,50.07,50.2,48.55,19761,34915387.0,3.35,1.71,0.84,0.39
2016-04-25,002557,49.72,50.2,50.7,49.26,19432,34658184.0,2.88,0.26,0.13,0.38
2016-04-26,002557,50.07,50.2,50.76,49.64,13041,23303023.0,2.23,0.0,0.0,0.26
2016-04-27,002557,51.59,52.94,53.82,51.59,84364,159800111.0,4.44,5.46,2.74,1.66
2016-04-28,002557,52.96,54.68,55.39,52.17,92478,179758311.0,6.08,3.29,1.74,1.82
2016-04-29,002557,54.25,55.77,56.26,53.65,84396,167314210.0,4.77,1.99,1.09,1.66
2016-05-03,002557,55.75,57.3,57.98,54.79,69275,142214732.0,5.72,2.74,1.53,1.37
2016-05-04,002557,57.22,55.67,57.22,55.04,136751,274647552.0,3.8,-2.84,-1.63,2.7
2016-05-05,002557,55.65,55.27,55.65,54.66,64075,126946428.0,1.78,-0.72,-0.4,1.26
2016-05-06,002557,55.06,54.25,55.7,53.87,52857,103891857.0,3.31,-1.85,-1.02,1.04
2016-05-09,002557,53.75,54.25,54.94,52.43,77493,149125396.0,4.63,0.0,0.0,1.53
2016-05-10,002557,53.8,54.23,54.79,53.29,31816,61848833.0,2.76,-0.04,-0.02,0.63
2016-05-11,002557,54.51,55.7,56.94,54.38,87056,175317360.0,4.72,2.71,1.47,1.72
2016-05-12,002557,54.84,55.24,55.9,52.17,55947,110338756.0,6.7,-0.83,-0.46,1.1
2016-05-13,002557,54.91,56.1,56.92,54.41,66943,135427223.0,4.54,1.56,0.86,1.32
2016-05-16,002557,55.52,56.28,56.86,55.14,45177,91383892.0,3.07,0.32,0.18,0.89
2016-05-17,002557,56.33,54.51,56.71,54.23,71801,142043448.0,4.41,-3.14,-1.77,1.42
2016-05-18,002557,54.05,51.72,54.25,51.41,63138,119118487.0,5.21,-5.12,-2.79,1.25
2016-05-19,002557,51.85,52.45,53.04,51.34,42751,79930749.0,3.29,1.41,0.73,0.84
2016-05-20,002557,52.17,53.57,53.85,51.85,34161,64797857.0,3.81,2.14,1.12,0.67
2016-05-23,002557,54.13,53.8,54.25,53.49,28617,53955770.0,1.42,0.43,0.23,0.56
2016-05-24,002557,53.87,52.38,54.0,52.1,30489,56297692.0,3.53,-2.64,-1.42,0.6
2016-05-25,002557,52.96,55.83,56.0,52.94,83977,160646581.0,5.84,6.59,3.45,1.66
2016-05-26,002557,55.39,55.12,55.39,53.59,54463,104098903.0,3.22,-1.27,-0.71,1.07
2016-05-27,002557,55.37,54.63,55.37,54.28,27645,53040716.0,1.98,-0.89,-0.49,0.55
2016-05-30,002557,54.58,53.65,54.63,53.49,26934,50963247.0,2.09,-1.79,-0.98,0.53
2016-05-31,002557,53.57,55.39,55.67,53.57,45744,88331586.0,3.91,3.24,1.74,0.9
2016-06-01,002557,55.37,56.69,56.74,55.27,62895,124402060.0,2.65,2.35,1.3,1.24
2016-06-02,002557,56.79,56.23,57.52,56.03,51438,102422504.0,2.63,-0.81,-0.46,1.01
2016-06-03,002557,56.31,58.11,58.11,55.85,62139,125546516.0,4.02,3.34,1.88,1.23
2016-06-06,002557,58.06,57.4,58.06,56.94,43538,88022271.0,1.93,-1.22,-0.71,0.86
2016-06-07,002557,57.3,57.14,57.5,56.51,31970,64286381.0,1.72,-0.45,-0.26,0.63
2016-06-08,002557,57.09,56.53,57.09,56.15,31304,62249359.0,1.65,-1.07,-0.61,0.62
2016-06-13,002557,56.28,55.06,56.86,55.06,36147,71128210.0,3.18,-2.6,-1.47,0.71
2016-06-14,002557,54.51,53.85,55.01,53.32,57683,109041370.0,3.07,-2.2,-1.21,1.14
2016-06-15,002557,53.65,55.14,55.39,53.24,59004,113041369.0,3.99,2.4,1.29,1.16
2016-06-16,002557,54.96,53.9,54.96,53.75,47596,90477560.0,2.19,-2.25,-1.24,0.94
2016-06-17,002557,54.1,55.65,55.65,54.1,68274,131399825.0,2.88,3.25,1.75,1.35
2016-06-20,002557,55.52,54.56,55.65,53.9,60488,115582765.0,3.14,-1.96,-1.09,1.19
2016-06-21,002557,54.63,53.85,54.91,53.67,50640,96367216.0,2.27,-1.3,-0.71,1.0
2016-06-22,002557,53.44,53.47,53.67,52.45,74375,137454598.0,2.27,-0.71,-0.38,1.47
2016-06-23,002557,52.99,53.49,53.92,52.86,42610,79503261.0,1.98,0.04,0.02,0.84
2016-06-24,002557,53.34,52.17,53.77,51.34,57319,105109160.0,4.54,-2.47,-1.32,1.13
2016-06-27,002557,51.95,53.16,53.24,51.72,39223,72041702.0,2.91,1.9,0.99,0.77
2016-06-28,002557,52.81,53.7,53.77,52.53,39571,73449397.0,2.33,1.02,0.54,0.78
2016-06-29,002557,53.67,52.94,53.9,52.86,55032,102357075.0,1.94,-1.42,-0.76,1.09
2016-06-30,002557,53.01,53.34,53.72,52.96,35931,67036700.0,1.44,0.76,0.4,0.71
2016-07-01,002557,53.32,54.0,54.25,53.16,49512,93017883.0,2.04,1.24,0.66,0.98
2016-07-04,002557,53.75,55.22,55.75,53.62,79381,153547027.0,3.94,2.26,1.22,1.57
2016-07-05,002557,55.27,54.71,56.61,54.43,64297,125313226.0,3.95,-0.92,-0.51,1.27
2016-07-06,002557,54.74,55.04,55.17,54.18,52632,101141898.0,1.81,0.6,0.33,1.04
2016-07-07,002557,55.09,54.96,55.77,54.66,49919,96635324.0,2.02,-0.15,-0.08,0.98
2016-07-08,002557,54.96,54.13,54.96,54.03,58644,111375227.0,1.69,-1.51,-0.83,1.16
2016-07-11,002557,54.03,53.97,55.04,53.59,57707,110154341.0,2.68,-0.3,-0.16,1.14
2016-07-12,002557,54.0,56.89,57.47,53.85,114858,224867377.0,6.71,5.41,2.92,2.27
2016-07-13,002557,56.79,56.15,57.17,55.6,68756,136033670.0,2.76,-1.3,-0.74,1.36
2016-07-14,002557,55.9,56.28,56.41,55.57,31771,62556488.0,1.5,0.23,0.13,0.63
2016-07-15,002557,56.15,55.77,56.36,55.55,36895,72619904.0,1.44,-0.91,-0.51,0.73
2016-07-18,002557,55.52,55.55,56.03,54.81,34353,66695915.0,2.19,-0.39,-0.22,0.68
2016-07-19,002557,55.32,55.01,56.18,54.63,47104,91190214.0,2.79,-0.97,-0.54,0.93
2016-07-20,002557,55.19,54.86,55.37,54.74,32650,62950496.0,1.15,-0.27,-0.15,0.64
2016-07-21,002557,54.91,55.29,55.98,54.89,51636,100611875.0,1.99,0.78,0.43,1.02
2016-07-22,002557,55.19,55.52,55.85,54.76,42010,81686525.0,1.97,0.42,0.23,0.83
2016-07-25,002557,55.19,56.94,57.32,55.19,86222,172413994.0,3.84,2.56,1.42,1.7
2016-07-26,002557,56.99,57.55,57.8,56.53,67489,135860965.0,2.23,1.07,0.61,1.33
2016-07-27,002557,57.24,55.6,57.98,54.51,77181,152082302.0,6.03,-3.39,-1.95,1.52
2016-07-28,002557,55.6,58.21,58.23,55.32,92462,185488616.0,5.23,4.69,2.61,1.82
2016-07-29,002557,57.93,57.4,58.51,57.24,60627,124107708.0,2.18,-1.39,-0.81,1.2
2016-08-01,002557,56.76,53.06,56.76,52.73,123531,233968143.0,7.02,-7.56,-4.34,2.44
2016-08-02,002557,52.99,53.37,53.59,52.71,35362,65798821.0,1.66,0.58,0.31,0.7
2016-08-03,002557,53.01,53.42,53.57,52.99,33489,62322493.0,1.09,0.09,0.05,0.66
2016-08-04,002557,53.42,55.06,55.22,53.24,71529,135810511.0,3.71,3.07,1.64,1.41
2016-08-05,002557,54.51,54.2,56.28,54.15,86972,168258791.0,3.87,-1.56,-0.86,1.72
2016-08-08,002557,54.0,54.94,55.27,53.77,35825,68632933.0,2.77,1.37,0.74,0.71
2016-08-09,002557,54.58,54.86,54.96,54.3,27880,53494636.0,1.2,-0.15,-0.08,0.55
2016-08-10,002557,54.86,54.25,55.47,54.25,22662,43307448.0,2.22,-1.11,-0.61,0.45
2016-08-11,002557,54.08,53.7,54.66,53.62,26932,51011042.0,1.92,-1.01,-0.55,0.53
2016-08-12,002557,52.88,53.62,53.85,52.88,28857,53934707.0,1.81,-0.15,-0.08,0.57
2016-08-15,002557,53.62,54.23,54.51,53.11,55726,105113891.0,2.61,1.14,0.61,1.1
2016-08-16,002557,54.13,54.15,54.33,53.7,46649,88227499.0,1.16,-0.15,-0.08,0.92
2016-08-17,002557,54.05,54.25,54.53,53.72,32297,61168047.0,1.5,0.18,0.1,0.64
2016-08-18,002557,54.25,53.87,54.35,53.72,27104,51225490.0,1.16,-0.7,-0.38,0.53
2016-08-19,002557,53.82,54.03,54.1,53.62,20245,38130417.0,0.89,0.3,0.16,0.4
2016-08-22,002557,54.05,54.05,54.38,53.49,27158,51254368.0,1.65,0.04,0.02,0.54
2016-08-23,002557,54.03,53.85,54.38,53.72,30584,57850144.0,1.22,-0.37,-0.2,0.6
2016-08-24,002557,53.85,53.62,54.13,53.49,23993,45069295.0,1.19,-0.43,-0.23,0.47
2016-08-25,002557,53.29,53.65,53.7,52.73,35535,66064047.0,1.81,0.06,0.03,0.7
2016-08-26,002557,53.62,53.85,54.1,53.11,30247,56802921.0,1.85,0.37,0.2,0.6
2016-08-29,002557,53.85,53.67,53.97,53.52,18775,35294566.0,0.84,-0.33,-0.18,0.37
2016-08-30,002557,53.85,54.0,54.46,53.72,20968,39756373.0,1.38,0.61,0.33,0.41
2016-08-31,002557,53.95,53.62,54.38,53.52,23534,44428911.0,1.59,-0.7,-0.38,0.46
2016-09-01,002557,53.65,53.09,53.87,52.99,20254,37731238.0,1.64,-0.99,-0.53,0.4
2016-09-02,002557,53.09,52.58,53.19,52.17,31345,57522667.0,1.92,-0.96,-0.51,0.62
2016-09-05,002557,52.5,52.91,52.99,52.07,34678,63452312.0,1.75,0.63,0.33,0.68
2016-09-06,002557,52.73,53.11,53.24,52.25,17871,32935030.0,1.87,0.38,0.2,0.35
2016-09-07,002557,53.11,53.44,53.8,53.01,24002,44909812.0,1.49,0.62,0.33,0.47
2016-09-08,002557,53.44,52.4,53.62,52.23,43615,80389938.0,2.6,-1.95,-1.04,0.86
2016-09-09,002557,52.48,52.35,52.68,51.97,31324,57159847.0,1.35,-0.1,-0.05,0.62
2016-09-12,002557,51.72,50.45,51.95,50.4,48653,86233434.0,2.96,-3.63,-1.9,0.96
2016-09-13,002557,50.7,50.81,50.93,50.48,13531,23836913.0,0.89,0.71,0.36,0.27
2016-09-14,002557,50.63,50.88,51.08,50.43,17210,30413581.0,1.28,0.14,0.07,0.34
2016-09-19,002557,50.7,51.21,51.46,50.6,16394,29199755.0,1.69,0.65,0.33,0.32
2016-09-20,002557,51.34,50.98,51.39,50.81,13994,24835982.0,1.13,-0.45,-0.23,0.28
2016-09-21,002557,50.96,51.08,51.29,50.93,11968,21255432.0,0.71,0.2,0.1,0.24
2016-09-22,002557,51.21,51.14,51.77,51.03,17399,31097177.0,1.45,0.12,0.06,0.34
2016-09-23,002557,51.16,50.76,51.41,50.5,20113,35475415.0,1.78,-0.74,-0.38,0.4
2016-09-26,002557,50.5,50.05,50.83,49.99,17126,29983295.0,1.65,-1.4,-0.71,0.34
2016-09-27,002557,50.15,50.53,50.55,49.89,14855,25818031.0,1.32,0.96,0.48,0.29
2016-09-28,002557,50.5,50.5,51.01,50.32,11833,20808248.0,1.37,-0.06,-0.03,0.23
2016-09-29,002557,50.7,50.93,51.21,50.5,16531,29262235.0,1.41,0.85,0.43,0.33
2016-09-30,002557,50.83,51.24,51.54,50.7,22482,40005222.0,1.65,0.61,0.31,0.44
2016-10-10,002557,51.24,52.25,52.4,51.24,34578,62669025.0,2.26,1.97,1.01,0.68
2016-10-11,002557,52.33,52.15,52.66,52.02,33825,61783938.0,1.22,-0.19,-0.1,0.67
2016-10-12,002557,52.05,51.92,52.45,51.72,18563,33695201.0,1.4,-0.44,-0.23,0.37
2016-10-13,002557,51.92,51.85,52.15,51.64,19085,34507404.0,0.98,-0.13,-0.07,0.38
2016-10-14,002557,51.92,51.9,52.07,51.59,17835,32185456.0,0.93,0.1,0.05,0.35
2016-10-17,002557,51.97,51.36,52.05,51.24,17038,30661104.0,1.56,-1.04,-0.54,0.34
2016-10-18,002557,51.29,52.83,52.99,51.26,47355,86127630.0,3.37,2.86,1.47,0.93
2016-10-19,002557,52.68,51.85,52.83,51.54,31502,57196183.0,2.44,-1.86,-0.98,0.62
2016-10-20,002557,52.02,51.54,52.02,51.31,39391,70671293.0,1.37,-0.6,-0.31,0.78
2016-10-21,002557,51.59,50.73,51.77,50.48,54570,96681790.0,2.5,-1.57,-0.81,1.08
2016-10-24,002557,49.82,50.37,50.76,49.69,85630,148471100.0,2.11,-0.71,-0.36,1.69
2016-10-25,002557,50.22,49.94,50.4,49.79,72507,125621149.0,1.21,-0.85,-0.43,1.43
2016-10-26,002557,50.05,50.32,50.32,49.67,74797,129502416.0,1.3,0.76,0.38,1.48
2016-10-27,002557,50.25,50.2,50.35,50.02,36348,63216756.0,0.66,-0.24,-0.12,0.72
2016-10-28,002557,50.25,50.27,50.48,50.1,38649,67447224.0,0.76,0.14,0.07,0.76
2016-10-31,002557,50.17,50.63,51.08,49.94,67961,119478575.0,2.27,0.72,0.36,1.34
2016-11-01,002557,50.63,50.91,50.96,50.45,48018,84638107.0,1.01,0.55,0.28,0.95
2016-11-02,002557,50.68,50.22,50.88,50.2,36738,64349876.0,1.34,-1.36,-0.69,0.72
2016-11-03,002557,50.22,50.5,50.83,50.2,30406,53315560.0,1.25,0.56,0.28,0.6
2016-11-04,002557,50.55,50.6,51.06,50.32,40942,72011695.0,1.47,0.2,0.1,0.81
2016-11-07,002557,50.43,50.15,50.83,49.92,34427,60198155.0,1.8,-0.89,-0.45,0.68
2016-11-08,002557,50.3,50.53,50.6,50.15,23767,41491981.0,0.9,0.76,0.38,0.47
2016-11-09,002557,50.37,49.89,50.63,49.39,33896,58705209.0,2.45,-1.27,-0.64,0.67
2016-11-10,002557,50.1,50.07,50.4,49.89,34749,60519051.0,1.02,0.36,0.18,0.69
2016-11-11,002557,50.27,50.45,50.53,49.94,33767,58883777.0,1.18,0.76,0.38,0.67
2016-11-14,002557,50.43,50.63,50.76,50.32,40950,71763343.0,0.87,0.36,0.18,0.81
2016-11-15,002557,50.6,50.76,50.91,50.32,36000,63276299.0,1.17,0.26,0.13,0.71
2016-11-16,002557,50.78,50.68,50.78,50.37,22957,40345908.0,0.81,-0.16,-0.08,0.45
2016-11-17,002557,50.53,50.27,50.65,50.1,26565,46336145.0,1.09,-0.81,-0.41,0.52
2016-11-18,002557,50.15,50.45,50.5,50.12,15741,27477886.0,0.76,0.36,0.18,0.31
2016-11-21,002557,50.22,50.5,50.58,50.2,23041,40274020.0,0.75,0.1,0.05,0.45
2016-11-22,002557,50.5,50.6,50.7,50.32,30519,53473626.0,0.75,0.2,0.1,0.6
2016-11-23,002557,50.6,50.45,50.88,50.37,35259,62024987.0,1.01,-0.3,-0.15,0.7
2016-11-24,002557,50.63,50.22,50.63,50.15,25396,44304552.0,0.95,-0.46,-0.23,0.5
2016-11-25,002557,50.22,50.4,50.45,49.61,26055,45261143.0,1.67,0.36,0.18,0.51
2016-11-28,002557,50.4,50.48,50.63,50.25,24666,43188612.0,0.75,0.16,0.08,0.49
2016-11-29,002557,50.53,50.98,51.03,50.32,67269,118556388.0,1.41,0.99,0.5,1.33
2016-11-30,002557,50.76,50.15,51.41,49.94,73897,129510271.0,2.88,-1.63,-0.83,1.46
2016-12-01,002557,50.1,49.97,50.3,49.82,50889,88137860.0,0.96,-0.36,-0.18,1.0
2016-12-02,002557,50.05,48.88,50.05,48.7,44640,76243967.0,2.7,-2.18,-1.09,0.88
2016-12-05,002557,48.68,48.8,49.08,48.55,18024,30337989.0,1.08,-0.16,-0.08,0.36
2016-12-06,002557,48.8,48.63,48.98,48.47,22388,37644359.0,1.05,-0.35,-0.17,0.44
2016-12-07,002557,48.68,48.75,48.83,48.22,22673,37984475.0,1.25,0.25,0.12,0.45
2016-12-08,002557,48.68,48.75,48.9,48.63,21262,35797689.0,0.55,0.0,0.0,0.42
2016-12-09,002557,48.8,48.68,49.01,48.63,21743,36613367.0,0.78,-0.14,-0.07,0.43
2016-12-12,002557,48.83,49.49,49.92,48.63,78106,132644179.0,2.65,1.66,0.81,1.54
2016-12-13,002557,49.18,49.61,49.61,47.49,44227,74123859.0,4.28,0.24,0.12,0.87
2016-12-14,002557,49.18,48.93,49.46,48.35,35427,59707693.0,2.24,-1.37,-0.68,0.7
2016-12-15,002557,48.68,48.17,48.85,48.09,32237,53780484.0,1.55,-1.55,-0.76,0.64
2016-12-16,002557,48.04,48.63,48.73,47.94,27465,45891938.0,1.64,0.95,0.46,0.54
2016-12-19,002557,48.68,48.17,48.68,48.02,21719,36158426.0,1.36,-0.95,-0.46,0.43
2016-12-20,002557,48.25,48.27,48.45,47.99,16556,27504829.0,0.95,0.21,0.1,0.33
2016-12-21,002557,48.17,48.37,48.52,48.09,23727,39490517.0,0.89,0.21,0.1,0.47
2016-12-22,002557,48.35,48.04,48.45,47.92,15634,25902351.0,1.1,-0.68,-0.33,0.31
2016-12-23,002557,48.02,47.81,48.27,47.71,14315,23626827.0,1.17,-0.48,-0.23,0.28
2016-12-26,002557,47.79,47.79,47.87,47.18,17349,28334901.0,1.44,-0.04,-0.02,0.34
2016-12-27,002557,47.92,47.61,47.92,47.59,11865,19478905.0,0.69,-0.38,-0.18,0.23
2016-12-28,002557,47.61,47.59,47.74,47.43,11568,18947142.0,0.65,-0.04,-0.02,0.23
2016-12-29,002557,47.59,47.36,47.84,47.1,29424,48047598.0,1.55,-0.48,-0.23,0.58
2016-12-30,002557,47.56,46.8,47.56,46.55,50674,81458343.0,2.13,-1.18,-0.56,1.0
2017-01-03,002557,46.9,47.36,47.36,46.75,57761,92994794.0,1.3,1.2,0.56,1.14
2017-01-04,002557,47.16,47.59,47.64,46.88,40095,65180540.0,1.6,0.49,0.23,0.79
2017-01-05,002557,47.56,47.56,47.71,47.43,27130,44431355.0,0.59,-0.06,-0.03,0.54
2017-01-06,002557,47.59,47.61,47.71,47.28,27641,45198075.0,0.9,0.11,0.05,0.55
2017-01-09,002557,47.51,47.64,47.89,47.41,39111,64117792.0,1.01,0.06,0.03,0.77
2017-01-10,002557,47.64,47.46,47.81,47.46,25827,42313053.0,0.73,-0.38,-0.18,0.51
2017-01-11,002557,47.49,47.05,47.61,46.93,21805,35327126.0,1.43,-0.86,-0.41,0.43
2017-01-12,002557,47.05,46.65,47.21,46.65,17693,28467389.0,1.19,-0.85,-0.4,0.35
2017-01-13,002557,46.67,45.51,46.7,44.14,30954,48629113.0,5.49,-2.44,-1.14,0.61
2017-01-16,002557,45.58,44.98,45.79,44.29,26378,40783216.0,3.3,-1.16,-0.53,0.52
2017-01-17,002557,45.08,45.51,45.56,44.92,20003,31008303.0,1.42,1.18,0.53,0.39
2017-01-18,002557,45.41,45.33,45.58,45.23,10995,17035726.0,0.77,-0.4,-0.18,0.22
2017-01-19,002557,45.13,45.25,45.53,45.08,11183,17315805.0,0.99,-0.18,-0.08,0.22
2017-01-20,002557,45.25,46.12,46.12,45.18,18605,29112587.0,2.08,1.92,0.87,0.37
2017-01-23,002557,46.01,46.24,46.7,45.91,24674,39239732.0,1.71,0.26,0.12,0.49
2017-01-24,002557,46.24,46.39,46.67,46.04,30613,48723508.0,1.36,0.32,0.15,0.6
2017-01-25,002557,46.65,46.32,46.72,46.27,19693,31355951.0,0.97,-0.15,-0.07,0.39
2017-01-26,002557,46.32,46.72,46.98,46.32,41972,67282902.0,1.42,0.86,0.4,0.83
2017-02-03,002557,46.78,46.22,46.78,45.94,17453,27672135.0,1.8,-1.07,-0.5,0.34
2017-02-06,002557,46.24,47.08,47.08,46.12,26391,42219595.0,2.08,1.86,0.86,0.52
2017-02-07,002557,47.05,47.21,47.41,46.83,20900,33843831.0,1.23,0.28,0.13,0.41
2017-02-08,002557,47.21,47.33,47.41,46.83,15455,25053847.0,1.23,0.25,0.12,0.3
2017-02-09,002557,47.36,47.38,47.56,47.23,17322,28214143.0,0.7,0.11,0.05,0.34
2017-02-10,002557,47.38,47.0,47.51,46.98,21968,35615823.0,1.12,-0.8,-0.38,0.43
2017-02-13,002557,46.9,47.16,47.28,46.85,24636,39820499.0,0.91,0.34,0.16,0.49
2017-02-14,002557,47.18,47.59,47.79,47.16,25875,42297691.0,1.34,0.91,0.43,0.51
2017-02-15,002557,47.59,47.13,47.59,47.08,21291,34607936.0,1.07,-0.97,-0.46,0.42
2017-02-16,002557,47.1,47.16,47.38,47.0,12818,20775343.0,0.81,0.06,0.03,0.25
2017-02-17,002557,47.13,47.08,47.51,47.08,13957,22704897.0,0.91,-0.17,-0.08,0.28
2017-02-20,002557,47.23,47.76,47.76,47.1,31316,51154356.0,1.4,1.44,0.68,0.62
2017-02-21,002557,47.71,47.94,48.19,47.49,29666,49026018.0,1.47,0.38,0.18,0.59
2017-02-22,002557,47.94,48.42,48.6,47.81,32640,54303238.0,1.65,1.0,0.48,0.64
2017-02-23,002557,48.42,48.37,48.68,48.02,18746,31175732.0,1.36,-0.1,-0.05,0.37
2017-02-24,002557,48.42,48.47,48.75,48.25,16281,27227284.0,1.03,0.21,0.1,0.32
2017-02-27,002557,48.5,47.94,48.65,47.84,21055,34869492.0,1.67,-1.09,-0.53,0.42
2017-02-28,002557,47.71,48.07,48.42,47.71,20149,33310685.0,1.48,0.27,0.13,0.4
2017-03-01,002557,48.04,47.89,48.22,47.69,22314,36892097.0,1.1,-0.37,-0.18,0.44
2017-03-02,002557,47.92,47.66,48.04,47.26,22707,37141728.0,1.63,-0.48,-0.23,0.45
2017-03-03,002557,47.46,47.46,47.74,47.28,14817,24199690.0,0.97,-0.42,-0.2,0.29
2017-03-06,002557,47.43,47.76,47.79,47.33,24437,39961457.0,0.97,0.63,0.3,0.48
2017-03-07,002557,47.69,47.69,48.02,47.43,32096,52661590.0,1.24,-0.15,-0.07,0.63
2017-03-08,002557,47.64,47.59,47.71,47.16,31528,51372740.0,1.15,-0.21,-0.1,0.62
2017-03-09,002557,47.43,46.39,47.54,46.22,60530,96823675.0,2.77,-2.52,-1.2,1.19
2017-03-10,002557,46.39,46.47,46.65,46.07,46546,74003496.0,1.25,0.17,0.08,0.92
2017-03-13,002557,46.5,46.5,46.62,46.14,31529,50198616.0,1.03,0.06,0.03,0.62
2017-03-14,002557,46.45,46.5,46.85,46.37,20455,32639323.0,1.03,0.0,0.0,0.4
2017-03-15,002557,46.45,46.39,46.65,46.24,24870,39592169.0,0.88,-0.24,-0.11,0.49
2017-03-16,002557,46.55,46.75,46.98,46.29,46756,74738179.0,1.49,0.78,0.36,0.92
2017-03-17,002557,46.88,46.37,46.93,46.29,32440,51942957.0,1.37,-0.81,-0.38,0.64
2017-03-20,002557,46.39,46.37,46.57,46.09,21274,33765417.0,1.04,0.0,0.0,0.42
2017-03-21,002557,46.39,46.65,46.7,46.12,27889,44327245.0,1.25,0.6,0.28,0.55
2017-03-22,002557,46.55,46.42,47.03,46.34,37855,60490609.0,1.48,-0.49,-0.23,0.75
2017-03-23,002557,46.42,47.0,47.05,46.09,53276,85302513.0,2.07,1.25,0.58,1.05
2017-03-24,002557,46.83,47.97,48.27,46.83,98253,161229486.0,3.06,2.06,0.97,1.94
2017-03-27,002557,47.94,48.22,48.58,47.79,76602,127067647.0,1.65,0.52,0.25,1.51
2017-03-28,002557,48.04,48.32,48.52,47.74,57768,95518419.0,1.62,0.21,0.1,1.14
2017-03-29,002557,48.35,48.55,48.83,47.81,52058,86697985.0,2.11,0.48,0.23,1.03
2017-03-30,002557,48.5,48.3,48.5,47.56,51933,85829929.0,1.94,-0.51,-0.25,1.02
2017-03-31,002557,47.99,48.02,48.09,47.49,37375,61408411.0,1.24,-0.58,-0.28,0.74
2017-04-05,002557,48.07,48.52,48.68,47.69,62945,104861375.0,2.06,1.04,0.5,1.24
2017-04-06,002557,48.52,49.16,49.28,48.3,63861,108230251.0,2.02,1.32,0.64,1.26
2017-04-07,002557,49.06,48.6,49.13,48.52,42402,71437585.0,1.24,-1.14,-0.56,0.84
2017-04-10,002557,48.63,47.94,48.68,47.66,32792,54113259.0,2.1,-1.36,-0.66,0.65
2017-04-11,002557,47.74,47.79,47.97,47.18,36446,59650751.0,1.65,-0.31,-0.15,0.72
2017-04-12,002557,47.66,47.28,47.81,47.23,24502,40038537.0,1.21,-1.07,-0.51,0.48
2017-04-13,002557,47.28,47.05,47.54,46.8,44791,72436603.0,1.57,-0.49,-0.23,0.88
2017-04-14,002557,47.05,46.47,47.05,46.29,28403,45418787.0,1.62,-1.23,-0.58,0.56
2017-04-17,002557,46.27,46.12,46.72,45.89,25204,39889252.0,1.79,-0.75,-0.35,0.5
2017-04-18,002557,46.12,46.19,46.55,46.04,13527,21436787.0,1.11,0.15,0.07,0.27
2017-04-19,002557,46.12,45.81,46.14,45.33,27113,42280240.0,1.75,-0.82,-0.38,0.53
2017-04-20,002557,45.81,46.37,46.47,45.58,19997,31623255.0,1.94,1.22,0.56,0.39
2017-04-21,002557,46.37,46.67,46.83,46.07,23173,36953475.0,1.64,0.65,0.3,0.46
2017-04-24,002557,46.67,45.38,46.67,45.36,24165,37814963.0,2.81,-2.76,-1.29,0.48
2017-04-25,002557,45.58,44.98,45.63,44.9,20618,31859771.0,1.61,-0.88,-0.4,0.41
2017-04-26,002557,45.0,44.77,45.3,44.54,22169,33993244.0,1.69,-0.47,-0.21,0.44
2017-04-27,002557,44.14,43.05,44.14,42.42,76786,112108358.0,3.84,-3.84,-1.72,1.51
2017-04-28,002557,43.05,43.1,43.2,42.62,30838,44803780.0,1.35,0.12,0.05,0.61
2017-05-02,002557,43.1,43.2,43.43,42.77,27345,40060047.0,1.53,0.23,0.1,0.54
2017-05-03,002557,43.23,43.0,43.28,42.85,13320,19438031.0,1.0,-0.46,-0.2,0.26
2017-05-04,002557,43.0,43.02,43.76,42.67,25738,37758272.0,2.53,0.05,0.02,0.51
2017-05-05,002557,42.97,41.93,43.02,41.93,25407,36356083.0,2.53,-2.53,-1.09,0.5
2017-05-08,002557,41.83,42.01,42.34,41.55,29809,42008449.0,1.88,0.19,0.08,0.59
2017-05-09,002557,41.91,42.06,42.31,41.58,21910,30968591.0,1.74,0.12,0.05,0.43
2017-05-10,002557,42.16,41.3,42.26,41.1,20785,29314717.0,2.76,-1.81,-0.76,0.41
2017-05-11,002557,41.05,41.35,41.58,40.64,31446,43450488.0,2.28,0.12,0.05,0.62
2017-05-12,002557,41.4,41.22,41.45,41.12,23599,32696960.0,0.8,-0.31,-0.13,0.47
2017-05-15,002557,41.43,41.25,41.68,41.2,25285,35268689.0,1.16,0.07,0.03,0.5
2017-05-16,002557,41.25,41.73,41.73,41.02,26656,37191647.0,1.72,1.16,0.48,0.53
2017-05-17,002557,41.81,41.93,42.59,41.81,40249,57175125.0,1.87,0.48,0.2,0.79
2017-05-18,002557,41.71,41.6,42.01,41.3,26586,37286186.0,1.69,-0.79,-0.33,0.52
2017-05-19,002557,41.68,41.53,41.68,41.32,20060,27981554.0,0.87,-0.17,-0.07,0.4
2017-05-22,002557,41.63,41.43,42.57,41.12,29189,40888139.0,3.49,-0.24,-0.1,0.58
2017-05-23,002557,41.53,40.77,41.63,40.06,34685,47677225.0,3.79,-1.59,-0.66,0.68
2017-05-24,002557,40.51,40.56,40.79,39.98,23818,31306196.0,1.99,-0.52,-0.21,0.47
2017-05-25,002557,40.59,40.62,40.72,39.88,23298,30563977.0,2.07,0.15,0.06,0.46
2017-05-26,002557,40.62,40.64,40.79,40.34,28908,38100853.0,1.11,0.05,0.02,0.57
2017-05-31,002557,41.07,41.43,41.58,41.02,35170,47499187.0,1.38,1.94,0.79,0.69
2017-06-01,002557,41.17,41.32,41.73,41.17,25372,34446808.0,1.35,-0.27,-0.11,0.5
2017-06-02,002557,41.32,41.22,41.45,40.59,24363,32537003.0,2.08,-0.24,-0.1,0.48
2017-06-05,002557,41.43,42.06,42.06,41.15,36739,50293282.0,2.21,2.04,0.84,0.72
2017-06-06,002557,42.03,42.54,42.59,41.86,26357,36530174.0,1.74,1.14,0.48,0.52
2017-06-07,002557,42.54,42.92,43.0,42.26,17254,24257533.0,1.74,0.89,0.38,0.34
2017-06-08,002557,42.92,42.9,43.0,42.47,16522,23255689.0,1.23,-0.05,-0.02,0.33
2017-06-09,002557,42.77,42.59,42.97,42.21,13071,18241797.0,1.77,-0.72,-0.31,0.26
2017-06-12,002557,42.59,42.24,42.59,42.01,12353,17106505.0,1.36,-0.82,-0.35,0.24
2017-06-13,002557,42.16,42.77,42.9,42.09,19077,26592883.0,1.92,1.25,0.53,0.38
2017-06-14,002557,42.64,42.57,42.85,42.47,7572,10603638.0,0.89,-0.47,-0.2,0.15
2017-06-15,002557,42.57,42.97,43.15,42.44,11814,16685481.0,1.67,0.94,0.4,0.23
2017-06-16,002557,42.95,42.72,43.2,42.64,9079,12806774.0,1.3,-0.58,-0.25,0.18
2017-06-19,002557,42.74,43.02,43.28,42.74,11493,16284471.0,1.26,0.7,0.3,0.23
2017-06-20,002557,43.1,42.87,43.23,42.8,8001,11328188.0,1.0,-0.35,-0.15,0.16
2017-06-21,002557,42.87,42.92,43.3,42.64,9922,14001792.0,1.54,0.12,0.05,0.2
2017-06-22,002557,42.92,42.42,43.05,42.36,10302,14468191.0,1.61,-1.16,-0.5,0.2
2017-06-23,002557,42.49,42.47,42.49,42.09,10520,14611211.0,0.94,0.12,0.05,0.21
2017-06-26,002557,42.39,43.99,44.32,42.39,46980,67390590.0,4.54,3.58,1.52,0.93
2017-06-27,002557,43.73,43.66,43.99,43.56,14428,20841861.0,0.98,-0.75,-0.33,0.28
2017-06-28,002557,43.58,43.78,43.91,43.38,11524,16601151.0,1.21,0.27,0.12,0.23
2017-06-29,002557,43.78,44.01,44.06,43.58,15676,22688640.0,1.1,0.53,0.23,0.31
2017-06-30,002557,43.91,43.78,44.09,43.25,15779,22766521.0,1.91,-0.52,-0.23,0.31
2017-07-03,002557,43.58,43.78,44.06,43.43,15591,22466410.0,1.44,0.0,0.0,0.31
2017-07-04,002557,43.71,43.71,43.99,43.45,14747,21262109.0,1.23,-0.16,-0.07,0.29
2017-07-05,002557,43.73,43.61,43.86,43.48,12398,17858582.0,0.87,-0.23,-0.1,0.24
2017-07-06,002557,43.61,43.53,43.78,43.18,14245,20428564.0,1.38,-0.18,-0.08,0.28
2017-07-07,002557,43.51,43.0,43.53,42.97,20439,28999606.0,1.29,-1.22,-0.53,0.4
2017-07-10,002557,43.0,42.39,43.05,42.36,29733,41671430.0,1.6,-1.42,-0.61,0.59
2017-07-11,002557,42.34,42.24,42.59,42.11,16632,23138516.0,1.13,-0.35,-0.15,0.33
2017-07-12,002557,42.31,41.86,42.34,41.45,22217,30404222.0,2.11,-0.9,-0.38,0.44
2017-07-13,002557,41.98,41.73,41.98,41.58,12879,17570530.0,0.96,-0.31,-0.13,0.25
2017-07-14,002557,41.71,42.01,42.06,41.65,10709,14696655.0,0.98,0.67,0.28,0.21
2017-07-17,002557,42.06,40.82,42.06,40.56,20816,27983126.0,3.57,-2.83,-1.19,0.41
2017-07-18,002557,40.51,40.82,40.84,40.46,12195,16140908.0,0.93,0.0,0.0,0.24
2017-07-19,002557,40.77,41.32,41.38,40.59,11755,15754209.0,1.94,1.22,0.5,0.23
2017-07-20,002557,41.35,41.5,41.76,41.3,10562,14368429.0,1.11,0.44,0.18,0.21
2017-07-21,002557,41.53,41.55,41.65,41.35,6634,8997280.0,0.72,0.12,0.05,0.13
2017-07-24,002557,41.32,41.6,41.76,41.32,8494,11553733.0,1.06,0.12,0.05,0.17
2017-07-25,002557,41.45,41.07,41.58,41.07,11092,14957058.0,1.23,-1.27,-0.53,0.22
2017-07-26,002557,41.2,41.17,41.32,40.94,8074,10836222.0,0.93,0.24,0.1,0.16
2017-07-27,002557,41.15,41.96,41.96,41.12,12993,17723940.0,2.04,1.92,0.79,0.26
2017-07-28,002557,41.81,42.06,42.36,41.81,15230,21076694.0,1.31,0.24,0.1,0.3
2017-07-31,002557,42.14,42.85,43.07,42.06,24470,34377067.0,2.4,1.88,0.79,0.48
2017-08-01,002557,42.59,42.64,43.18,42.52,16799,23644960.0,1.54,-0.49,-0.21,0.33
2017-08-02,002557,42.67,42.47,42.9,42.39,16579,23242814.0,1.2,-0.4,-0.17,0.33
2017-08-03,002557,42.34,42.64,43.02,42.29,11677,16411230.0,1.72,0.4,0.17,0.23
2017-08-04,002557,42.69,42.39,43.05,42.39,9516,13400859.0,1.55,-0.59,-0.25,0.19
2017-08-07,002557,42.39,42.85,42.9,42.21,12764,17883913.0,1.63,1.09,0.46,0.25
2017-08-08,002557,42.85,42.85,42.95,42.57,9534,13417752.0,0.89,0.0,0.0,0.19
2017-08-09,002557,42.8,43.28,43.56,42.54,18204,25871995.0,2.38,1.0,0.43,0.36
2017-08-10,002557,43.2,42.62,43.2,42.14,14346,20189388.0,2.45,-1.52,-0.66,0.28
2017-08-11,002557,42.42,42.09,42.77,42.09,11879,16535920.0,1.6,-1.24,-0.53,0.23
2017-08-14,002557,42.09,42.77,43.0,41.6,15213,21405551.0,3.33,1.62,0.68,0.3
2017-08-15,002557,42.95,42.59,42.95,42.39,9139,12830371.0,1.31,-0.42,-0.18,0.18
2017-08-16,002557,42.64,42.72,42.77,42.26,11881,16590687.0,1.2,0.31,0.13,0.23
2017-08-17,002557,42.64,43.07,43.33,42.59,17912,25372949.0,1.73,0.82,0.35,0.35
2017-08-18,002557,42.82,43.76,44.14,42.64,56786,81840356.0,3.48,1.6,0.69,1.12
2017-08-21,002557,43.71,43.73,44.06,43.35,24542,35451680.0,1.62,-0.07,-0.03,0.48
2017-08-22,002557,43.81,43.1,43.83,42.97,26826,38201835.0,1.97,-1.44,-0.63,0.53
2017-08-23,002557,43.3,42.59,43.3,42.49,22546,31811846.0,1.88,-1.18,-0.51,0.44
2017-08-24,002557,42.72,42.39,42.82,42.14,24293,33840659.0,1.6,-0.47,-0.2,0.48
2017-08-25,002557,42.42,42.85,42.95,42.09,20120,28206657.0,2.03,1.09,0.46,0.4
2017-08-28,002557,42.8,42.87,43.12,42.8,15142,21429218.0,0.75,0.05,0.02,0.3
2017-08-29,002557,42.92,42.97,43.15,42.8,12964,18367408.0,0.82,0.23,0.1,0.26
2017-08-30,002557,43.0,43.43,43.63,42.92,21139,30246190.0,1.65,1.07,0.46,0.42
2017-08-31,002557,43.43,43.3,43.71,43.23,12619,18075598.0,1.11,-0.3,-0.13,0.25
2017-09-01,002557,43.28,43.35,43.58,42.97,23398,33352756.0,1.41,0.12,0.05,0.46
2017-09-04,002557,43.2,43.68,43.96,43.1,23130,33277038.0,1.98,0.76,0.33,0.46
2017-09-05,002557,43.83,43.71,44.01,43.56,14197,20500729.0,1.03,0.07,0.03,0.28
2017-09-06,002557,43.71,43.63,43.71,43.33,10653,15300445.0,0.87,-0.18,-0.08,0.21
2017-09-07,002557,43.56,43.07,43.68,42.97,20228,28909356.0,1.63,-1.28,-0.56,0.4
2017-09-08,002557,43.1,43.15,43.3,42.97,11608,16497923.0,0.77,0.19,0.08,0.23
2017-09-11,002557,43.2,43.07,43.28,42.92,9611,13657539.0,0.83,-0.19,-0.08,0.19
2017-09-12,002557,43.1,42.95,43.23,42.9,13956,19799866.0,0.77,-0.28,-0.12,0.28
2017-09-13,002557,42.95,43.53,43.56,42.87,17326,24738001.0,1.61,1.35,0.58,0.34
2017-09-14,002557,43.53,43.4,43.78,43.3,11858,17023622.0,1.1,-0.3,-0.13,0.23
2017-09-15,002557,43.45,43.2,43.53,43.05,10777,15352194.0,1.11,-0.46,-0.2,0.21
2017-09-18,002557,43.18,43.71,43.89,43.1,19624,28266527.0,1.83,1.18,0.51,0.39
2017-09-19,002557,43.71,44.44,45.41,43.56,70271,103698245.0,4.23,1.67,0.73,1.39
2017-09-20,002557,44.37,44.72,44.72,44.01,37670,55479863.0,1.6,0.63,0.28,0.74
2017-09-21,002557,44.52,44.44,44.92,44.32,23248,34380094.0,1.34,-0.63,-0.28,0.46
2017-09-22,002557,44.37,44.06,44.44,43.94,15502,22656442.0,1.13,-0.86,-0.38,0.31
2017-09-25,002557,43.91,43.91,44.37,43.66,16849,24596919.0,1.61,-0.34,-0.15,0.33
2017-09-26,002557,44.04,43.99,44.11,43.76,9864,14332839.0,0.8,0.18,0.08,0.19
2017-09-27,002557,43.89,44.16,44.16,43.76,9859,14353490.0,0.91,0.39,0.17,0.19
2017-09-28,002557,44.19,44.29,44.7,43.99,19761,29086737.0,1.61,0.29,0.13,0.39
2017-09-29,002557,44.44,43.96,44.54,43.81,17201,25116348.0,1.65,-0.75,-0.33,0.34
2017-10-09,002557,44.14,44.57,44.57,43.96,28663,42051726.0,1.39,1.39,0.61,0.57
2017-10-10,002557,44.7,44.77,44.82,44.39,26069,38626404.0,0.96,0.45,0.2,0.51
2017-10-11,002557,44.65,45.46,45.71,44.65,44835,67525791.0,2.37,1.54,0.69,0.88
2017-10-12,002557,45.38,45.2,45.53,45.0,26823,40264106.0,1.17,-0.57,-0.26,0.53
2017-10-13,002557,45.25,44.95,45.63,44.82,23587,35426482.0,1.79,-0.55,-0.25,0.47
2017-10-16,002557,44.87,44.65,45.08,44.44,22191,32987254.0,1.42,-0.67,-0.3,0.44
2017-10-17,002557,44.72,45.71,45.86,44.49,52551,79611696.0,3.07,2.37,1.06,1.04
2017-10-18,002557,45.63,45.36,45.86,45.28,25667,38930363.0,1.27,-0.77,-0.35,0.51
2017-10-19,002557,45.36,45.89,45.91,45.03,34686,52612004.0,1.94,1.17,0.53,0.68
2017-10-20,002557,45.94,45.91,46.14,45.69,33190,50793679.0,0.98,0.04,0.02,0.65
2017-10-23,002557,45.91,46.04,46.12,45.46,33165,50508938.0,1.44,0.28,0.13,0.65
2017-10-24,002557,46.01,45.71,46.01,45.66,19359,29523424.0,0.76,-0.72,-0.33,0.38
2017-10-25,002557,45.76,45.3,45.91,45.03,36995,55815590.0,1.93,-0.9,-0.41,0.73
2017-10-26,002557,45.25,45.25,45.66,45.18,27206,41096693.0,1.06,-0.11,-0.05,0.54
2017-10-27,002557,45.43,46.17,46.22,45.08,42157,64471252.0,2.52,2.03,0.92,0.83
2017-10-30,002557,45.84,45.18,46.14,44.9,33402,50552907.0,2.69,-2.14,-0.99,0.66
2017-10-31,002557,45.1,44.57,45.43,44.54,28438,42462515.0,1.97,-1.35,-0.61,0.56
2017-11-01,002557,44.49,44.72,45.03,44.29,18991,28166174.0,1.66,0.34,0.15,0.37
2017-11-02,002557,44.27,43.99,44.52,43.81,22794,33240608.0,1.59,-1.63,-0.73,0.45
2017-11-03,002557,43.86,43.35,44.52,43.3,36882,53429635.0,2.77,-1.45,-0.64,0.73
2017-11-06,002557,43.23,44.34,44.8,42.69,36971,53448687.0,4.87,2.28,0.99,0.73
2017-11-07,002557,44.34,44.44,45.13,44.16,16841,24958043.0,2.19,0.23,0.1,0.33
2017-11-08,002557,44.6,44.44,44.82,44.37,13956,20646275.0,1.01,0.0,0.0,0.28
2017-11-09,002557,44.47,43.96,44.54,43.76,15495,22627553.0,1.76,-1.08,-0.48,0.31
2017-11-10,002557,44.32,43.48,44.32,43.3,22254,32121125.0,2.32,-1.09,-0.48,0.44
2017-11-13,002557,43.73,44.37,44.65,43.48,27176,39831352.0,2.69,2.05,0.89,0.54
2017-11-14,002557,44.32,45.1,45.28,44.21,39491,58925152.0,2.41,1.65,0.73,0.78
2017-11-15,002557,45.13,44.75,45.48,44.62,19238,28821512.0,1.91,-0.78,-0.35,0.38
2017-11-16,002557,44.7,44.65,45.81,44.65,26923,40472041.0,2.59,-0.22,-0.1,0.53
2017-11-17,002557,44.62,45.46,45.84,44.57,50975,76829144.0,2.84,1.81,0.81,1.01
2017-11-20,002557,45.56,47.16,47.16,44.9,89090,137588552.0,4.97,3.74,1.7,1.76
2017-11-21,002557,46.75,47.54,48.02,46.67,71946,114678983.0,2.86,0.81,0.38,1.42
2017-11-22,002557,48.27,47.33,48.47,46.75,54849,87873949.0,3.62,-0.44,-0.21,1.08
2017-11-23,002557,46.9,46.45,47.79,46.17,34949,55068306.0,3.42,-1.86,-0.88,0.69
2017-11-24,002557,46.5,47.28,47.36,45.79,32105,50084788.0,3.38,1.79,0.83,0.63
2017-11-27,002557,47.28,45.89,47.64,45.69,28903,45130845.0,4.12,-2.94,-1.39,0.57
2017-11-28,002557,46.12,46.09,46.22,45.48,25698,39274418.0,1.61,0.44,0.2,0.51
2017-11-29,002557,45.94,46.88,46.88,45.46,34551,53285123.0,3.08,1.71,0.79,0.68
2017-11-30,002557,46.57,47.66,47.87,46.52,48567,77253301.0,2.88,1.66,0.78,0.96
2017-12-01,002557,47.33,47.61,47.99,47.03,30508,48639169.0,2.01,-0.1,-0.05,0.6
2017-12-04,002557,47.56,47.28,47.56,46.83,29740,47009552.0,1.53,-0.69,-0.33,0.59
2017-12-05,002557,47.28,47.08,47.97,46.55,34864,55524835.0,3.0,-0.42,-0.2,0.69
2017-12-06,002557,47.03,47.1,47.21,45.89,31992,49719734.0,2.8,0.04,0.02,0.63
2017-12-07,002557,47.08,47.31,47.51,46.62,23570,37151764.0,1.89,0.45,0.21,0.46
2017-12-08,002557,47.03,48.3,48.73,46.95,61314,99446363.0,3.76,2.09,0.99,1.21
2017-12-11,002557,48.25,48.65,49.03,47.94,54880,89737545.0,2.26,0.72,0.35,1.08
2017-12-12,002557,48.02,47.84,48.45,47.69,32010,51633269.0,1.56,-1.66,-0.81,0.63
2017-12-13,002557,47.84,47.92,48.19,47.54,22766,36630212.0,1.36,0.17,0.08,0.45
2017-12-14,002557,48.04,47.69,48.14,47.28,19202,30674417.0,1.79,-0.48,-0.23,0.38
2017-12-15,002557,47.61,48.22,48.25,47.38,26213,42282750.0,1.82,1.11,0.53,0.52
2017-12-18,002557,48.35,46.88,48.58,46.65,34944,55608582.0,4.0,-2.78,-1.34,0.69
2017-12-19,002557,46.9,47.38,47.64,46.85,16885,26756255.0,1.69,1.07,0.5,0.33
2017-12-20,002557,47.28,47.74,47.79,46.95,19827,31630932.0,1.77,0.76,0.36,0.39
2017-12-21,002557,47.41,47.87,48.04,46.9,22347,35684409.0,2.39,0.27,0.13,0.44
2017-12-22,002557,47.87,47.36,48.32,47.16,40495,64887493.0,2.42,-1.07,-0.51,0.8
2017-12-25,002557,47.23,46.7,47.61,46.19,38098,59521060.0,3.0,-1.39,-0.66,0.75
2017-12-26,002557,46.52,46.67,47.0,45.96,33183,51589716.0,2.23,-0.06,-0.03,0.65
2017-12-27,002557,46.6,46.14,46.72,45.84,18989,29305266.0,1.89,-1.14,-0.53,0.37
2017-12-28,002557,46.14,46.27,46.72,46.01,19869,30808368.0,1.54,0.28,0.13,0.39
2017-12-29,002557,46.37,47.13,47.36,46.19,28491,44785878.0,2.53,1.86,0.86,0.56
2018-01-02,002557,47.13,47.81,48.3,46.95,25731,41312623.0,2.86,1.44,0.68,0.51
2018-01-03,002557,47.97,47.87,48.27,47.66,35240,56764244.0,1.28,0.13,0.06,0.7
2018-01-04,002557,47.87,47.92,48.17,47.46,20960,33572678.0,1.48,0.1,0.05,0.41
2018-01-05,002557,47.79,47.94,48.07,47.54,28257,45360600.0,1.11,0.04,0.02,0.56
2018-01-08,002557,47.81,47.76,48.04,47.49,21721,34788377.0,1.15,-0.38,-0.18,0.43
2018-01-09,002557,47.79,47.64,47.99,47.49,17723,28351362.0,1.05,-0.25,-0.12,0.35
2018-01-10,002557,47.66,46.75,47.66,46.42,34195,53583840.0,2.6,-1.87,-0.89,0.67
2018-01-11,002557,46.72,46.39,46.72,46.09,24776,38320586.0,1.35,-0.77,-0.36,0.49
2018-01-12,002557,46.37,46.52,46.78,46.22,15093,23470363.0,1.21,0.28,0.13,0.3
2018-01-15,002557,46.52,45.51,46.62,45.3,41612,63501101.0,2.84,-2.17,-1.01,0.82
2018-01-16,002557,45.89,46.12,46.24,45.51,23617,36193146.0,1.6,1.34,0.61,0.47
2018-01-17,002557,46.07,45.13,46.19,45.13,22714,34555103.0,2.3,-2.15,-0.99,0.45
2018-01-18,002557,45.13,45.99,46.04,45.13,17054,25998628.0,2.02,1.91,0.86,0.34
2018-01-19,002557,46.01,45.28,46.01,44.98,18805,28454848.0,2.24,-1.54,-0.71,0.37
2018-01-22,002557,45.28,45.61,45.86,45.03,18360,27764317.0,1.83,0.73,0.33,0.36
2018-01-23,002557,45.61,46.14,46.52,45.51,20765,32020966.0,2.21,1.16,0.53,0.41
2018-01-24,002557,46.65,48.58,48.65,46.52,78779,125940854.0,4.62,5.29,2.44,1.55
2018-01-25,002557,48.42,47.87,48.55,47.74,32808,53088212.0,1.67,-1.46,-0.71,0.65
2018-01-26,002557,48.09,48.32,48.42,47.74,25493,41225646.0,1.42,0.94,0.45,0.5
2018-01-29,002557,48.19,47.16,48.37,46.95,24991,39787025.0,2.94,-2.4,-1.16,0.49
2018-01-30,002557,47.21,47.84,47.87,46.65,29947,47708751.0,2.59,1.44,0.68,0.59
2018-01-31,002557,47.46,47.69,48.02,46.98,25508,40714300.0,2.17,-0.31,-0.15,0.5
2018-02-01,002557,47.69,45.66,47.84,45.58,26936,41715344.0,4.74,-4.26,-2.03,0.53
2018-02-02,002557,45.79,46.07,46.5,45.25,30437,46661503.0,2.74,0.9,0.41,0.6
2018-02-05,002557,45.69,45.33,45.96,45.08,20952,31708286.0,1.91,-1.61,-0.74,0.41
2018-02-06,002557,44.47,43.43,44.47,43.3,26046,37806794.0,2.58,-4.19,-1.9,0.51
2018-02-07,002557,44.09,42.09,44.19,41.53,40058,56112284.0,6.12,-3.09,-1.34,0.79
2018-02-08,002557,42.29,42.16,42.92,41.6,28693,39841263.0,3.14,0.17,0.07,0.57
2018-02-09,002557,41.32,41.07,42.06,40.79,83920,113787776.0,3.01,-2.59,-1.09,1.66
2018-02-12,002557,41.32,42.29,42.34,41.2,31975,43777877.0,2.78,2.97,1.22,0.63
2018-02-13,002557,42.34,42.92,43.35,42.03,24837,35193008.0,3.12,1.49,0.63,0.49
2018-02-14,002557,42.92,43.05,43.35,42.59,7015,9945761.0,1.77,0.3,0.13,0.14
2018-02-22,002557,43.51,43.3,43.73,43.05,12208,17487338.0,1.58,0.58,0.25,0.24
2018-02-23,002557,43.53,42.69,43.53,42.52,12982,18292582.0,2.33,-1.41,-0.61,0.26
2018-02-26,002557,43.02,43.83,43.94,42.95,30618,43971246.0,2.32,2.67,1.14,0.6
2018-02-27,002557,43.83,43.4,44.24,43.0,19561,28072208.0,2.83,-0.98,-0.43,0.39
2018-02-28,002557,43.45,44.16,44.57,43.02,27809,40502019.0,3.57,1.75,0.76,0.55
2018-03-01,002557,43.99,44.77,45.36,43.78,33166,49025710.0,3.58,1.38,0.61,0.65
2018-03-02,002557,44.47,44.65,45.03,44.47,12782,18968022.0,1.25,-0.27,-0.12,0.25
2018-03-05,002557,44.65,46.12,46.39,44.62,29156,44360537.0,3.96,3.29,1.47,0.58
2018-03-06,002557,46.09,46.09,46.39,45.41,16943,25970571.0,2.12,-0.07,-0.03,0.33
2018-03-07,002557,46.09,45.84,46.27,45.43,12472,19033065.0,1.82,-0.54,-0.25,0.25
2018-03-08,002557,45.66,45.61,45.94,45.38,5793,8796441.0,1.22,-0.5,-0.23,0.11
2018-03-09,002557,45.66,46.57,46.72,45.58,17928,27798969.0,2.5,2.1,0.96,0.35
2018-03-12,002557,46.47,46.65,47.61,46.47,20507,32391116.0,2.45,0.17,0.08,0.4
2018-03-13,002557,46.72,47.41,47.59,46.72,37569,59698130.0,1.86,1.63,0.76,0.74
2018-03-14,002557,47.49,47.1,47.97,47.08,15927,25403813.0,1.88,-0.65,-0.31,0.31
2018-03-15,002557,46.85,47.28,47.56,46.85,18978,30068869.0,1.51,0.38,0.18,0.37
2018-03-16,002557,47.16,46.62,47.56,46.17,17153,26934661.0,2.94,-1.4,-0.66,0.34
2018-03-19,002557,46.55,46.93,47.31,46.19,9374,14741715.0,2.4,0.66,0.31,0.18
2018-03-20,002557,47.16,46.95,47.36,46.65,19858,31278284.0,1.51,0.04,0.02,0.39
2018-03-21,002557,47.03,46.27,47.31,46.17,14191,22275478.0,2.43,-1.45,-0.68,0.28
2018-03-22,002557,46.39,45.58,46.85,45.41,13222,20246430.0,3.11,-1.49,-0.69,0.26
2018-03-23,002557,44.65,45.1,46.22,44.65,34005,50988435.0,3.44,-1.05,-0.48,0.67
2018-03-26,002557,45.13,45.36,45.58,44.67,23640,35532733.0,2.02,0.58,0.26,0.47
2018-03-27,002557,45.74,46.14,46.95,45.74,29904,46144539.0,2.67,1.72,0.78,0.59
2018-03-28,002557,46.09,44.39,46.09,44.32,29521,43953835.0,3.84,-3.79,-1.75,0.58
2018-03-29,002557,44.42,44.92,45.13,43.99,27961,41369852.0,2.57,1.19,0.53,0.55
2018-03-30,002557,44.92,45.56,45.74,44.72,10748,16185890.0,2.27,1.42,0.64,0.21
2018-04-02,002557,45.58,46.6,46.95,45.1,32241,49718038.0,4.06,2.28,1.04,0.64
2018-04-03,002557,46.09,46.47,46.55,45.46,24748,37927637.0,2.34,-0.28,-0.13,0.49
2018-04-04,002557,46.47,47.43,47.76,46.32,60718,96062434.0,3.1,2.07,0.96,1.2
2018-04-09,002557,47.31,48.14,48.93,47.1,55190,89692261.0,3.86,1.5,0.71,1.09
2018-04-10,002557,48.14,47.74,48.5,47.31,24154,38779785.0,2.47,-0.83,-0.4,0.48
2018-04-11,002557,47.92,47.43,48.07,47.21,15241,24252335.0,1.8,-0.65,-0.31,0.3
2018-04-12,002557,47.46,49.77,49.92,47.46,83887,139441152.0,5.19,4.93,2.34,1.65
2018-04-13,002557,49.77,49.39,50.4,49.11,46501,78334645.0,2.59,-0.76,-0.38,0.92
2018-04-16,002557,49.18,50.17,50.88,49.06,45697,77564538.0,3.68,1.58,0.78,0.9
2018-04-17,002557,50.12,49.82,51.87,49.54,74927,129805494.0,4.64,-0.7,-0.35,1.48
2018-04-18,002557,49.89,50.81,51.24,48.96,51838,88452899.0,4.58,1.99,0.99,1.02
2018-04-19,002557,50.73,49.92,51.01,49.72,38587,65921279.0,2.54,-1.75,-0.89,0.76
2018-04-20,002557,49.89,48.58,50.17,48.52,40979,68068398.0,3.31,-2.68,-1.34,0.81
2018-04-23,002557,48.93,48.17,49.64,47.18,56422,92436851.0,5.06,-0.84,-0.41,1.11
2018-04-24,002557,47.64,45.63,47.64,44.57,161545,244328932.0,6.37,-5.27,-2.54,3.19
2018-04-25,002557,45.15,45.3,45.56,44.52,102503,153671544.0,2.28,-0.72,-0.33,2.02
2018-04-26,002557,45.15,43.83,45.3,43.73,73613,107429831.0,3.47,-3.25,-1.47,1.45
2018-04-27,002557,43.81,43.1,44.01,42.64,46955,66829532.0,3.13,-1.67,-0.73,0.93
2018-05-02,002557,43.23,44.06,44.37,43.1,56031,81160728.0,2.95,2.23,0.96,1.11
2018-05-03,002557,43.99,44.39,44.77,43.35,40623,59546375.0,3.22,0.75,0.33,0.8
2018-05-04,002557,44.39,44.16,44.54,43.91,18254,26774497.0,1.42,-0.52,-0.23,0.36
2018-05-07,002557,44.24,45.43,45.63,43.71,46454,69580746.0,4.35,2.88,1.27,0.92
2018-05-08,002557,45.41,46.32,46.88,45.41,51817,80286010.0,3.24,1.96,0.89,1.02
2018-05-09,002557,46.34,46.14,47.0,46.07,34790,54206470.0,2.01,-0.39,-0.18,0.69
2018-05-10,002557,46.14,48.07,48.12,46.12,41398,65608092.0,4.33,4.18,1.93,0.82
2018-05-11,002557,48.32,47.59,48.45,47.41,33216,53384297.0,2.16,-1.0,-0.48,0.66
2018-05-14,002557,47.76,48.96,49.06,46.95,68478,111565643.0,4.43,2.88,1.37,1.35
2018-05-15,002557,48.98,50.5,51.41,48.73,74759,127336369.0,5.47,3.15,1.54,1.47
2018-05-16,002557,50.45,52.07,53.06,50.02,102472,180123789.0,6.02,3.11,1.57,2.02
2018-05-17,002557,52.07,49.94,52.07,49.61,98980,169630979.0,4.72,-4.09,-2.13,1.95
2018-05-18,002557,49.87,51.36,51.44,49.03,115536,195065174.0,4.83,2.84,1.42,2.28
2018-05-21,002557,50.96,50.45,52.0,49.87,112373,193602038.0,4.15,-1.77,-0.91,2.22
2018-05-22,002557,50.22,52.76,53.32,50.22,124677,223275510.0,6.14,4.58,2.31,2.46
2018-05-23,002557,52.76,52.23,53.09,52.17,78201,140675590.0,1.74,-1.0,-0.53,1.54
2018-05-24,002557,52.5,51.41,53.32,50.96,89066,159039867.0,4.52,-1.57,-0.82,1.76
2018-05-25,002557,51.54,54.28,55.85,51.54,172406,323687584.0,8.38,5.58,2.87,3.4
2018-05-28,002557,54.0,53.24,54.41,51.9,166142,301562688.0,4.62,-1.92,-1.04,3.28
2018-05-29,002557,52.99,51.92,54.48,51.72,108371,197594161.0,5.18,-2.48,-1.32,2.14
2018-05-30,002557,51.03,52.94,54.13,50.35,105016,185571588.0,7.28,1.96,1.02,2.07
2018-05-31,002557,52.99,55.37,55.8,52.99,98571,181811901.0,5.31,4.59,2.43,1.94
2018-06-01,002557,54.89,52.61,55.24,52.12,85386,154067677.0,5.63,-4.98,-2.76,1.68
2018-06-04,002557,52.61,54.18,54.51,52.25,79621,143428159.0,4.3,2.98,1.57,1.57
2018-06-05,002557,53.59,54.76,54.76,52.91,93491,169015681.0,3.41,1.07,0.58,1.84
2018-06-06,002557,54.74,53.57,54.76,52.81,105588,188638130.0,3.56,-2.17,-1.19,2.08
2018-06-07,002557,53.65,53.04,54.48,52.68,60715,109316661.0,3.36,-0.99,-0.53,1.2
2018-06-08,002557,53.29,52.07,53.29,51.62,44626,77887549.0,3.15,-1.83,-0.97,0.88
2018-06-11,002557,51.85,50.58,52.3,49.97,53360,90517032.0,4.47,-2.86,-1.49,1.05
2018-06-12,002557,50.5,51.69,51.92,50.5,52189,89364635.0,2.81,2.19,1.11,1.03
2018-06-13,002557,52.1,50.88,52.56,50.78,43842,75870489.0,3.44,-1.57,-0.81,0.86
2018-06-14,002557,50.58,49.97,51.31,49.84,31274,52372964.0,2.89,-1.79,-0.91,0.62
2018-06-15,002557,50.07,50.07,50.55,49.44,39168,64938470.0,2.22,0.2,0.1,0.77
2018-06-19,002557,49.79,46.9,49.94,45.86,70243,111316687.0,8.15,-6.33,-3.17,1.39
2018-06-20,002557,46.85,48.04,48.35,46.42,69822,108834933.0,4.12,2.43,1.14,1.38
2018-06-21,002557,48.04,47.16,48.93,46.42,52606,82430799.0,5.22,-1.83,-0.88,1.04
2018-06-22,002557,46.45,47.21,47.76,46.04,46859,72037685.0,3.65,0.11,0.05,0.92
2018-06-25,002557,47.51,48.02,48.8,47.23,57453,90663939.0,3.33,1.72,0.81,1.13
2018-06-26,002557,47.84,47.79,48.7,47.33,30263,47718854.0,2.85,-0.48,-0.23,0.6
2018-06-27,002557,47.89,47.23,48.8,46.67,31210,49082306.0,4.46,-1.17,-0.56,0.62
2018-06-28,002557,47.05,44.75,47.41,44.42,92334,136704792.0,6.33,-5.25,-2.48,1.82
2018-06-29,002557,44.75,46.65,46.95,44.75,40639,60654159.0,4.92,4.25,1.9,0.8
2018-07-02,002557,46.72,46.07,47.56,45.0,37572,57109088.0,5.49,-1.24,-0.58,0.74
2018-07-03,002557,46.39,45.99,46.47,45.0,37164,55391944.0,3.19,-0.17,-0.08,0.73
2018-07-04,002557,46.01,45.66,47.23,45.53,31142,46952721.0,3.7,-0.72,-0.33,0.61
2018-07-05,002557,45.69,45.46,46.52,44.77,37715,56363422.0,3.83,-0.44,-0.2,0.74
2018-07-06,002557,45.48,45.51,45.58,41.71,136292,188869209.0,8.51,0.11,0.05,2.69
2018-07-09,002557,44.37,45.13,45.74,43.58,80229,117057078.0,4.75,-0.83,-0.38,1.58
2018-07-10,002557,45.25,45.63,45.74,44.77,40401,59465228.0,2.15,1.11,0.5,0.8
2018-07-11,002557,44.8,45.18,45.71,44.11,36680,53583132.0,3.51,-0.99,-0.45,0.72
2018-07-12,002557,45.15,47.1,47.36,44.95,50824,77599727.0,5.33,4.25,1.92,1.0
2018-07-13,002557,47.13,48.17,48.3,46.34,59516,92879202.0,4.16,2.27,1.07,1.17
2018-07-16,002557,47.71,48.04,48.73,47.56,43684,69216447.0,2.43,-0.27,-0.13,0.86
2018-07-17,002557,47.87,48.27,48.6,47.66,26107,41345543.0,1.96,0.48,0.23,0.51
2018-07-18,002557,48.42,50.58,52.3,48.42,111006,187728817.0,8.04,4.79,2.31,2.19
2018-07-19,002557,50.91,51.06,51.95,50.35,56636,95976128.0,3.16,0.95,0.48,1.12
2018-07-20,002557,51.85,50.78,52.73,49.08,83097,140286872.0,7.15,-0.55,-0.28,1.64
2018-07-23,002557,50.7,50.7,51.52,49.08,47787,79851352.0,4.81,-0.16,-0.08,0.94
2018-07-24,002557,50.45,50.7,50.91,49.69,25559,42815690.0,2.41,0.0,0.0,0.5
2018-07-25,002557,50.35,50.45,50.83,49.87,25141,41987694.0,1.89,-0.49,-0.25,0.5
2018-07-26,002557,50.5,50.12,50.63,49.92,13532,22536514.0,1.41,-0.65,-0.33,0.27
2018-07-27,002557,50.22,49.16,50.43,48.58,41358,67348836.0,3.69,-1.92,-0.96,0.82
2018-07-30,002557,49.51,48.88,51.19,48.68,52310,86530400.0,5.11,-0.57,-0.28,1.03
2018-07-31,002557,48.6,49.74,50.45,48.4,38904,63381847.0,4.19,1.76,0.86,0.77
2018-08-01,002557,49.74,49.59,50.68,48.93,40761,67281482.0,3.52,-0.3,-0.15,0.8
2018-08-02,002557,49.18,47.92,49.18,46.9,36106,57156846.0,4.6,-3.37,-1.67,0.71
2018-08-03,002557,47.92,48.17,49.03,47.16,31916,50794482.0,3.9,0.52,0.25,0.63
2018-08-06,002557,48.22,45.18,48.22,45.0,43325,65183509.0,6.68,-6.21,-2.99,0.85
2018-08-07,002557,45.18,47.79,47.81,45.18,42641,64747184.0,5.82,5.78,2.61,0.84
2018-08-08,002557,47.36,47.94,48.78,46.9,48522,76177755.0,3.93,0.31,0.15,0.96
2018-08-09,002557,47.79,48.09,48.88,46.6,42470,67004278.0,4.76,0.31,0.15,0.84
2018-08-10,002557,47.94,48.75,48.9,47.59,23943,38172916.0,2.72,1.37,0.66,0.47
2018-08-13,002557,48.25,48.35,48.55,47.03,29755,46715866.0,3.12,-0.82,-0.4,0.59
2018-08-14,002557,48.42,47.97,49.03,47.49,19191,30327420.0,3.19,-0.79,-0.38,0.38
2018-08-15,002557,47.99,46.17,48.25,45.63,34626,52774069.0,5.46,-3.75,-1.8,0.68
2018-08-16,002557,45.66,45.76,46.7,45.51,20980,31404770.0,2.58,-0.89,-0.41,0.41
2018-08-17,002557,46.01,45.0,46.37,44.77,15911,23573284.0,3.5,-1.66,-0.76,0.31
2018-08-20,002557,45.0,44.72,45.0,43.81,24748,35478475.0,2.64,-0.62,-0.28,0.49
2018-08-21,002557,44.75,45.61,46.27,44.72,29213,43354629.0,3.47,1.99,0.89,0.58
2018-08-22,002557,45.61,45.58,45.86,45.2,14224,21079303.0,1.45,-0.07,-0.03,0.28
2018-08-23,002557,45.3,45.69,45.94,44.95,17964,26590238.0,2.17,0.24,0.11,0.35
2018-08-24,002557,44.44,44.19,44.65,42.74,85496,120266427.0,4.18,-3.28,-1.5,1.69
2018-08-27,002557,43.81,45.38,45.69,43.56,43767,63432388.0,4.82,2.69,1.19,0.86
2018-08-28,002557,45.71,46.37,46.9,45.25,41191,62121128.0,3.64,2.18,0.99,0.81
2018-08-29,002557,46.32,46.01,46.34,45.66,25845,38706622.0,1.47,-0.78,-0.36,0.51
2018-08-30,002557,45.69,46.42,46.55,45.53,22660,34074474.0,2.22,0.89,0.41,0.45
2018-08-31,002557,46.24,45.05,46.24,44.24,39496,57699871.0,4.31,-2.95,-1.37,0.78
2018-09-03,002557,44.95,45.41,45.51,44.34,21987,32051080.0,2.6,0.8,0.36,0.43
2018-09-04,002557,45.38,46.01,46.17,45.2,32075,47776278.0,2.14,1.32,0.6,0.63
2018-09-05,002557,45.99,46.01,46.67,45.53,23327,35100266.0,2.48,0.0,0.0,0.46
2018-09-06,002557,45.25,45.33,45.89,45.0,15751,23276456.0,1.93,-1.48,-0.68,0.31
2018-09-07,002557,45.43,45.0,45.89,44.92,14445,21298683.0,2.14,-0.73,-0.33,0.28
2018-09-10,002557,44.92,45.38,45.89,44.9,31738,46958992.0,2.2,0.84,0.38,0.63
2018-09-11,002557,45.79,44.75,45.79,44.52,22391,32652394.0,2.8,-1.39,-0.63,0.44
2018-09-12,002557,44.75,45.81,45.96,44.49,27054,40038543.0,3.28,2.37,1.06,0.53
2018-09-13,002557,45.84,45.51,45.96,44.8,18576,27377822.0,2.53,-0.65,-0.3,0.37
2018-09-14,002557,45.23,46.07,46.27,45.08,24483,36423639.0,2.61,1.23,0.56,0.48
2018-09-17,002557,46.12,46.72,47.23,45.51,36547,55687339.0,3.73,1.41,0.65,0.72
2018-09-18,002557,46.72,47.56,47.76,46.07,30083,46452109.0,3.62,1.8,0.84,0.59
2018-09-19,002557,47.21,48.63,49.39,47.21,42258,67892021.0,4.58,2.25,1.07,0.83
2018-09-20,002557,48.22,49.74,49.77,48.22,30861,50048594.0,3.19,2.28,1.11,0.61
2018-09-21,002557,49.77,49.74,50.45,48.78,66052,108384028.0,3.36,0.0,0.0,1.3
2018-09-25,002557,49.34,49.82,51.01,48.9,50794,84517609.0,4.24,0.16,0.08,1.0
2018-09-26,002557,49.97,50.5,51.34,49.97,79020,133235321.0,2.75,1.36,0.68,1.56
2018-09-27,002557,50.5,51.03,51.14,50.07,45607,76906483.0,2.12,1.05,0.53,0.9
2018-09-28,002557,50.83,51.74,51.97,50.22,55813,94748453.0,3.43,1.39,0.71,1.1
2018-10-08,002557,51.08,52.3,52.76,50.63,62813,108863788.0,4.12,1.08,0.56,1.24
2018-10-09,002557,51.9,53.14,54.35,51.54,56237,100052600.0,5.37,1.61,0.84,1.11
2018-10-10,002557,53.01,53.16,53.7,52.35,25741,45837016.0,2.54,0.04,0.02,0.51
2018-10-11,002557,52.33,52.15,52.81,50.81,35254,61298541.0,3.76,-1.9,-1.01,0.7
2018-10-12,002557,52.33,54.38,54.58,51.59,33020,59191889.0,5.73,4.28,2.23,0.65
2018-10-15,002557,54.56,52.48,55.09,52.0,50902,90419275.0,5.68,-3.49,-1.9,1.0
2018-10-16,002557,52.1,50.98,52.1,49.82,38403,64935693.0,4.34,-2.86,-1.5,0.76
2018-10-17,002557,51.46,50.32,51.72,48.73,36855,61477127.0,5.87,-1.29,-0.66,0.73
2018-10-18,002557,49.56,49.82,50.73,49.28,24894,41207915.0,2.88,-0.99,-0.5,0.49
2018-10-19,002557,49.03,52.4,53.16,49.03,29098,49323821.0,8.29,5.18,2.58,0.57
2018-10-22,002557,53.06,54.23,55.9,52.58,76798,140471168.0,6.34,3.49,1.83,1.51
2018-10-23,002557,54.13,52.1,54.15,51.64,33855,59899723.0,4.63,-3.93,-2.13,0.67
2018-10-24,002557,52.25,51.9,52.94,51.26,22781,39672281.0,3.22,-0.38,-0.2,0.45
2018-10-25,002557,50.78,51.9,52.07,50.1,25599,43188727.0,3.8,0.0,0.0,0.5
2018-10-26,002557,52.05,51.79,52.05,50.35,27325,46595891.0,3.28,-0.21,-0.11,0.54
2018-10-29,002557,51.44,49.08,51.44,48.25,32480,53244196.0,6.16,-5.23,-2.71,0.64
2018-10-30,002557,51.08,53.19,53.19,50.5,64716,112365806.0,5.48,8.37,4.11,1.28
2018-10-31,002557,53.04,53.85,54.96,52.91,53653,97488403.0,3.85,1.24,0.66,1.06
2018-11-01,002557,53.72,53.9,54.81,53.11,41149,74781686.0,3.16,0.09,0.05,0.81
2018-11-02,002557,54.89,54.51,57.98,53.32,105042,193905651.0,8.65,1.13,0.61,2.07
2018-11-05,002557,53.87,55.9,56.03,53.11,60301,110128780.0,5.36,2.55,1.39,1.19
2018-11-06,002557,55.34,55.72,56.51,54.89,40917,76839534.0,2.9,-0.32,-0.18,0.81
2018-11-07,002557,55.72,55.12,56.15,54.48,30680,57291668.0,3.0,-1.08,-0.6,0.61
2018-11-08,002557,55.77,53.9,56.08,53.9,22941,42587491.0,3.96,-2.21,-1.22,0.45
2018-11-09,002557,54.13,54.41,56.03,53.42,42049,77660579.0,4.84,0.95,0.51,0.83
2018-11-12,002557,53.95,56.33,56.66,53.92,34561,65079280.0,5.04,3.53,1.92,0.68
2018-11-13,002557,55.83,57.42,57.93,55.37,41810,80590351.0,4.54,1.94,1.09,0.82
2018-11-14,002557,57.3,56.15,57.42,55.88,29535,56469440.0,2.68,-2.21,-1.27,0.58
2018-11-15,002557,56.48,56.26,56.59,55.01,38751,72958515.0,2.81,0.2,0.11,0.76
2018-11-16,002557,56.23,56.51,56.51,55.09,45581,86208789.0,2.52,0.44,0.25,0.9
2018-11-19,002557,56.15,58.23,58.28,55.85,44221,85823068.0,4.3,3.04,1.72,0.87
2018-11-20,002557,57.93,58.31,58.31,56.48,44860,87386375.0,3.14,0.14,0.08,0.88
2018-11-21,002557,57.93,58.44,59.2,56.53,50278,99408299.0,4.58,0.22,0.13,0.99
2018-11-22,002557,58.44,56.69,58.56,56.66,24658,48135149.0,3.25,-2.99,-1.75,0.49
2018-11-23,002557,56.66,54.13,56.66,52.96,62522,114508604.0,6.53,-4.52,-2.56,1.23
2018-11-26,002557,54.08,54.25,54.86,53.87,22977,42076515.0,1.83,0.22,0.12,0.45
2018-11-27,002557,54.58,54.89,55.01,53.87,25044,46012266.0,2.1,1.18,0.64,0.49
2018-11-28,002557,55.09,54.89,55.75,54.15,30686,57126714.0,2.91,0.0,0.0,0.61
2018-11-29,002557,55.37,55.12,55.62,54.79,23578,43852021.0,1.51,0.42,0.23,0.47
2018-11-30,002557,54.96,54.66,55.72,53.29,37086,68237769.0,4.41,-0.83,-0.46,0.73
2018-12-03,002557,55.39,57.35,57.35,55.39,58284,111814364.0,3.59,4.92,2.69,1.15
2018-12-04,002557,57.27,58.56,58.97,56.61,35116,68964129.0,4.12,2.11,1.21,0.69
2018-12-05,002557,56.23,57.88,58.64,55.9,48845,95509043.0,4.68,-1.16,-0.68,0.96
2018-12-06,002557,57.14,57.8,58.31,56.23,38951,75852990.0,3.59,-0.14,-0.08,0.77
2018-12-07,002557,58.06,55.72,58.16,55.65,33689,64777126.0,4.34,-3.6,-2.08,0.66
2018-12-10,002557,55.6,56.92,58.18,55.47,52029,100598634.0,4.86,2.15,1.2,1.03
2018-12-11,002557,57.57,55.37,57.57,54.76,49828,93085007.0,4.94,-2.72,-1.55,0.98
2018-12-12,002557,55.75,54.86,55.75,54.58,17779,33039308.0,2.11,-0.92,-0.51,0.35
2018-12-13,002557,54.99,58.39,58.56,54.99,63533,123665105.0,6.51,6.43,3.53,1.25
2018-12-14,002557,58.03,56.41,58.33,56.18,59566,115946183.0,3.68,-3.39,-1.98,1.17
2018-12-17,002557,56.79,55.57,56.92,54.99,37466,70517277.0,3.42,-1.49,-0.84,0.74
2018-12-18,002557,55.14,54.63,56.05,54.15,34779,64419637.0,3.42,-1.69,-0.94,0.69
2018-12-19,002557,54.53,52.86,54.86,52.35,42038,75356959.0,4.59,-3.24,-1.77,0.83
2018-12-20,002557,52.48,52.53,53.01,51.54,37459,65437345.0,2.78,-0.62,-0.33,0.74
2018-12-21,002557,52.28,53.95,54.28,52.28,49287,88921997.0,3.81,2.7,1.42,0.97
2018-12-24,002557,53.95,54.91,55.22,53.49,25664,47209015.0,3.21,1.78,0.96,0.51
2018-12-25,002557,54.18,55.14,55.29,53.65,21505,39436552.0,2.99,0.42,0.23,0.42
2018-12-26,002557,55.09,54.58,55.75,54.2,19796,36620353.0,2.81,-1.02,-0.56,0.39
2018-12-27,002557,55.06,54.63,55.29,53.87,33406,61023352.0,2.6,0.09,0.05,0.66
2018-12-28,002557,54.25,56.26,56.36,54.18,41952,78639509.0,3.99,2.98,1.63,0.83
2019-01-02,002557,56.26,55.32,56.38,53.62,21311,39935878.0,4.91,-1.67,-0.94,0.42
2019-01-03,002557,55.44,55.85,56.38,53.92,32868,61396261.0,4.45,0.96,0.53,0.65
2019-01-04,002557,54.96,56.53,57.17,54.71,67011,127040635.0,4.4,1.22,0.68,1.32
2019-01-07,002557,56.92,57.07,57.57,56.48,48465,93639923.0,1.93,0.96,0.54,0.96
2019-01-08,002557,56.99,56.56,57.42,56.38,19683,37886742.0,1.82,-0.89,-0.51,0.39
2019-01-09,002557,56.64,56.38,57.07,56.28,62549,120251267.0,1.4,-0.32,-0.18,1.23
2019-01-10,002557,56.61,56.74,57.22,56.43,15759,30381580.0,1.4,0.64,0.36,0.31
2019-01-11,002557,56.66,56.66,57.17,56.36,19870,38234828.0,1.43,-0.14,-0.08,0.39
2019-01-14,002557,56.53,57.09,57.65,55.27,26243,50218089.0,4.2,0.76,0.43,0.52
2019-01-15,002557,57.12,56.66,57.12,55.8,32066,61144476.0,2.31,-0.75,-0.43,0.63
2019-01-16,002557,56.48,59.3,59.65,56.41,92490,184505544.0,5.72,4.66,2.64,1.82
2019-01-17,002557,59.2,61.0,62.87,58.89,107433,222948501.0,6.71,2.87,1.7,2.12
2019-01-18,002557,59.58,59.98,60.11,58.56,118856,240258773.0,2.54,-1.67,-1.02,2.34
2019-01-21,002557,59.7,59.96,60.06,58.94,78773,160136562.0,1.87,-0.03,-0.02,1.55
2019-01-22,002557,60.08,58.97,60.08,58.51,45851,92267948.0,2.62,-1.65,-0.99,0.9
2019-01-23,002557,58.82,58.87,59.68,58.74,36949,74728475.0,1.59,-0.17,-0.1,0.73
2019-01-24,002557,59.2,58.92,59.7,58.54,56035,113109582.0,1.97,0.08,0.05,1.11
2019-01-25,002557,58.92,60.46,61.1,58.54,70203,144016295.0,4.34,2.61,1.54,1.38
2019-01-28,002557,60.54,59.42,61.17,58.77,78015,160401310.0,3.97,-1.72,-1.04,1.54
2019-01-29,002557,58.92,58.44,59.81,57.93,86751,173618074.0,3.16,-1.65,-0.98,1.71
2019-01-30,002557,58.44,58.87,60.26,58.28,86443,175295093.0,3.39,0.74,0.43,1.7
2019-01-31,002557,58.51,57.63,58.74,57.22,65443,128775400.0,2.58,-2.11,-1.24,1.29
2019-02-01,002557,57.88,58.94,58.94,57.52,33180,65754087.0,2.46,2.27,1.31,0.65
2019-02-11,002557,58.99,61.3,61.6,58.87,63608,132218117.0,4.63,4.0,2.36,1.25
2019-02-12,002557,61.63,61.6,62.24,60.46,84731,177752294.0,2.9,0.49,0.3,1.67
2019-02-13,002557,61.73,61.28,61.73,60.08,92452,192853942.0,2.68,-0.52,-0.32,1.82
2019-02-14,002557,61.22,63.63,63.63,60.77,106801,229325475.0,4.67,3.83,2.35,2.11
2019-02-15,002557,63.28,61.1,63.28,60.36,148864,315573984.0,4.59,-3.98,-2.53,2.94
2019-02-18,002557,61.48,62.09,62.21,60.74,78004,164927030.0,2.41,1.62,0.99,1.54
2019-02-19,002557,61.91,61.38,62.34,60.84,47616,100540045.0,2.42,-1.14,-0.71,0.94
2019-02-20,002557,61.35,60.92,62.7,60.21,72703,152444800.0,4.06,-0.75,-0.46,1.43
2019-02-21,002557,60.9,60.57,62.11,60.08,62842,131851156.0,3.33,-0.57,-0.35,1.24
2019-02-22,002557,60.29,60.92,61.45,59.73,44004,91405792.0,2.84,0.58,0.35,0.87
2019-02-25,002557,60.31,61.88,61.93,60.31,117431,245699510.0,2.66,1.58,0.96,2.32
2019-02-26,002557,61.78,59.98,61.78,59.73,93013,193356844.0,3.31,-3.07,-1.9,1.83
2019-02-27,002557,60.01,60.21,60.59,57.95,105969,214196995.0,4.4,0.38,0.23,2.09
2019-02-28,002557,62.49,64.09,65.43,61.81,219658,478821168.0,6.01,6.44,3.88,4.33
2019-03-01,002557,64.09,65.03,65.36,63.13,98963,220264770.0,3.48,1.47,0.94,1.95
2019-03-04,002557,64.95,64.22,65.99,63.79,117048,261571713.0,3.38,-1.25,-0.81,2.31
2019-03-05,002557,64.14,64.14,64.22,62.75,102050,223432917.0,2.29,-0.12,-0.08,2.01
2019-03-06,002557,64.01,64.72,64.9,63.18,82111,181539563.0,2.68,0.9,0.58,1.62
2019-03-07,002557,64.39,63.48,65.23,63.33,84088,186186345.0,2.94,-1.92,-1.24,1.66
2019-03-08,002557,62.52,62.87,64.88,61.76,88859,194655284.0,4.91,-0.96,-0.61,1.75
2019-03-11,002557,62.82,66.27,66.27,62.75,83102,185488557.0,5.6,5.41,3.4,1.64
2019-03-12,002557,66.5,67.84,69.18,65.58,95227,223087402.0,5.43,2.37,1.57,1.88
2019-03-13,002557,67.69,67.59,69.72,66.5,58926,139044144.0,4.75,-0.37,-0.25,1.16
2019-03-14,002557,67.61,67.33,69.06,66.85,44771,105840278.0,3.27,-0.38,-0.26,0.88
2019-03-15,002557,68.07,69.67,70.76,67.44,62326,151045874.0,4.93,3.48,2.34,1.23
2019-03-18,002557,70.0,73.42,74.76,69.34,91576,229426848.0,7.78,5.38,3.75,1.81
2019-03-19,002557,72.89,72.96,73.9,71.62,52666,134138529.0,3.11,-0.63,-0.46,1.04
2019-03-20,002557,72.38,72.13,73.37,70.1,45329,114382985.0,4.48,-1.14,-0.83,0.89
2019-03-21,002557,72.1,71.21,72.33,70.35,46922,116893883.0,2.75,-1.28,-0.92,0.93
2019-03-22,002557,70.91,73.04,73.27,70.65,50005,126537924.0,3.68,2.57,1.83,0.99
2019-03-25,002557,71.77,71.24,72.05,70.76,40286,100504277.0,1.77,-2.46,-1.8,0.79
2019-03-26,002557,70.81,70.55,72.38,70.1,40645,101495015.0,3.2,-0.97,-0.69,0.8
2019-03-27,002557,71.01,73.65,74.79,71.01,64128,164439375.0,5.36,4.39,3.1,1.26
2019-03-28,002557,73.14,71.9,73.65,71.36,45696,115946403.0,3.11,-2.38,-1.75,0.9
2019-03-29,002557,72.02,73.34,73.87,71.64,53693,137455592.0,3.1,2.0,1.44,1.06
2019-04-01,002557,72.73,74.15,74.61,71.67,78995,203736940.0,4.01,1.1,0.81,1.56
2019-04-02,002557,74.46,73.37,74.79,72.51,58780,151409539.0,3.07,-1.05,-0.78,1.16
2019-04-03,002557,73.34,72.3,73.34,71.11,62692,157950177.0,3.04,-1.46,-1.07,1.24
2019-04-04,002557,72.0,72.38,73.01,71.36,49843,126374391.0,2.28,0.11,0.08,0.98
2019-04-08,002557,72.13,67.41,72.13,66.04,200252,475255712.0,8.41,-6.87,-4.97,3.95
2019-04-09,002557,67.41,66.47,67.99,66.02,156700,363543712.0,2.92,-1.39,-0.94,3.09
2019-04-10,002557,66.47,66.29,67.44,65.53,112825,261258049.0,2.87,-0.27,-0.18,2.23
2019-04-11,002557,66.47,65.2,66.83,64.75,84659,191276287.0,3.14,-1.64,-1.09,1.67
2019-04-12,002557,65.26,65.97,67.16,65.26,107775,248409197.0,2.91,1.18,0.77,2.13
2019-04-15,002557,65.99,65.03,67.21,64.98,91021,208826929.0,3.38,-1.42,-0.94,1.8
2019-04-16,002557,64.93,64.27,65.23,62.75,132236,290288064.0,3.81,-1.17,-0.76,2.61
2019-04-17,002557,64.47,65.81,66.37,64.34,106540,242162185.0,3.16,2.4,1.54,2.1
2019-04-18,002557,65.69,67.44,67.84,65.18,116153,270033152.0,4.04,2.48,1.63,2.29
2019-04-19,002557,67.21,66.95,67.46,66.57,56785,132137138.0,1.32,-0.73,-0.49,1.12
2019-04-22,002557,66.85,66.27,67.23,65.56,54130,124283544.0,2.49,-1.02,-0.68,1.07
2019-04-23,002557,66.29,68.58,69.89,66.22,107957,257389421.0,5.54,3.49,2.31,2.13
2019-04-24,002557,68.83,69.24,69.87,67.31,72514,173359987.0,3.73,0.96,0.66,1.43
2019-04-25,002557,68.12,66.83,68.55,65.79,129406,301592944.0,3.99,-3.48,-2.41,2.55
2019-04-26,002557,66.14,64.75,66.67,64.32,52086,118103920.0,3.52,-3.11,-2.08,1.03
2019-04-29,002557,64.75,64.7,66.5,64.47,66029,149693249.0,3.14,-0.08,-0.05,1.3
2019-04-30,002557,65.15,65.05,66.19,64.47,42196,95534892.0,2.66,0.54,0.35,0.83
2019-05-06,002557,63.76,60.36,63.86,59.45,70164,149361271.0,6.78,-7.21,-4.69,1.38
2019-05-07,002557,60.57,63.91,64.29,60.57,85687,185947107.0,6.16,5.88,3.55,1.69
2019-05-08,002557,63.25,62.67,64.8,62.21,72870,159300284.0,4.05,-1.94,-1.24,1.44
2019-05-09,002557,62.7,60.92,62.97,60.54,47120,99254225.0,3.88,-2.79,-1.75,0.93
2019-05-10,002557,61.33,62.95,63.23,60.01,54189,115193555.0,5.29,3.33,2.03,1.07
2019-05-13,002557,61.99,62.92,63.96,61.96,38133,83018661.0,3.18,-0.05,-0.03,0.75
2019-05-14,002557,62.24,62.24,63.48,61.66,45611,97976769.0,2.89,-1.08,-0.68,0.9
2019-05-15,002557,62.49,64.7,64.72,62.49,69291,152727539.0,3.58,3.95,2.46,1.37
2019-05-16,002557,64.32,65.26,66.04,64.32,65046,147148604.0,2.66,0.87,0.56,1.28
2019-05-17,002557,65.48,64.7,66.83,64.32,64039,145736505.0,3.85,-0.86,-0.56,1.26
2019-05-20,002557,63.81,63.94,64.77,62.19,44440,97597489.0,3.99,-1.17,-0.76,0.88
2019-05-21,002557,63.73,63.66,64.42,62.72,56721,124351124.0,2.66,-0.44,-0.28,1.12
2019-05-22,002557,63.66,63.58,63.91,62.67,42162,92038524.0,1.95,-0.13,-0.08,0.83
2019-05-23,002557,63.25,63.63,64.24,62.21,46195,100950639.0,3.19,0.08,0.05,0.91
2019-05-24,002557,63.63,61.99,63.63,61.43,45702,98123928.0,3.46,-2.58,-1.64,0.9
2019-05-27,002557,61.99,62.67,63.13,61.3,36030,76954658.0,2.95,1.1,0.68,0.71
2019-05-28,002557,62.49,63.81,64.88,62.26,46695,103171637.0,4.18,1.82,1.14,0.92
2019-05-29,002557,63.33,64.52,64.7,62.8,33192,73527327.0,2.98,1.11,0.71,0.65
2019-05-30,002557,64.14,65.58,65.66,63.38,37037,82756469.0,3.53,1.64,1.06,0.73
2019-05-31,002557,65.94,64.82,66.24,64.01,44781,98031485.0,3.4,-1.16,-0.76,0.88
2019-06-03,002557,64.72,66.02,66.42,63.91,45031,99914900.0,3.87,1.85,1.2,0.89
2019-06-04,002557,65.79,65.84,66.55,64.82,29998,66732003.0,2.62,-0.27,-0.18,0.59
2019-06-05,002557,65.99,68.32,69.01,64.93,81292,186510887.0,6.2,3.77,2.48,1.6
2019-06-06,002557,67.56,67.84,68.63,67.36,39448,91451542.0,1.86,-0.7,-0.48,0.78
2019-06-10,002557,68.25,67.06,68.45,66.17,42683,97045207.0,3.36,-1.15,-0.78,0.84
2019-06-11,002557,67.06,68.2,68.63,66.75,44845,103274453.0,2.8,1.7,1.14,0.88
2019-06-12,002557,67.87,66.8,68.02,66.45,40992,93260157.0,2.3,-2.05,-1.4,0.81
2019-06-13,002557,66.55,66.12,66.73,65.33,36374,81146481.0,2.1,-1.02,-0.68,0.72
2019-06-14,002557,66.17,65.48,66.52,64.72,33474,74376003.0,2.72,-0.97,-0.64,0.66
2019-06-17,002557,65.05,65.41,66.02,64.22,43454,95839265.0,2.75,-0.11,-0.07,0.86
2019-06-18,002557,65.28,66.12,66.22,65.28,20089,44855190.0,1.44,1.09,0.71,0.4
2019-06-19,002557,66.8,66.65,67.46,66.24,39819,90474463.0,1.85,0.8,0.53,0.79
2019-06-20,002557,66.73,68.45,68.58,66.24,49813,115164547.0,3.51,2.7,1.8,0.98
2019-06-21,002557,68.53,68.32,69.34,67.87,34518,80611691.0,2.15,-0.19,-0.13,0.68
2019-06-24,002557,67.87,71.29,71.97,67.18,88110,208975780.0,7.01,4.35,2.97,1.74
2019-06-25,002557,70.48,70.22,70.83,69.49,61090,146864760.0,1.88,-1.5,-1.07,1.2
2019-06-26,002557,70.22,71.92,72.66,69.84,76927,189316274.0,4.02,2.42,1.7,1.52
2019-06-27,002557,71.97,72.89,74.05,71.77,82001,206060670.0,3.17,1.35,0.97,1.62
2019-06-28,002557,72.53,73.27,74.58,72.33,56510,142503962.0,3.09,0.52,0.38,1.11
2019-07-01,002557,74.41,78.59,79.35,74.41,97988,260019045.0,6.74,7.26,5.32,1.93
2019-07-02,002557,78.21,76.94,78.21,75.62,76549,203095699.0,3.3,-2.1,-1.65,1.51
2019-07-03,002557,76.36,75.62,77.98,74.36,82367,217294315.0,4.7,-1.72,-1.32,1.62
2019-07-04,002557,75.83,74.74,75.93,73.95,57580,149075548.0,2.62,-1.16,-0.88,1.14
2019-07-05,002557,75.37,76.69,77.14,74.53,50429,132433103.0,3.49,2.61,1.95,0.99
2019-07-08,002557,76.64,73.29,76.64,72.33,70719,179246795.0,5.62,-4.43,-3.4,1.39
2019-07-09,002557,73.32,73.87,74.43,72.66,42979,109578297.0,2.42,0.79,0.58,0.85
2019-07-10,002557,74.79,73.14,75.17,72.91,25824,65933468.0,3.06,-0.99,-0.73,0.51
2019-07-11,002557,74.08,74.46,75.02,73.65,32216,82713191.0,1.87,1.8,1.32,0.64
2019-07-12,002557,74.08,74.18,75.32,72.38,38896,99119322.0,3.95,-0.38,-0.28,0.77
2019-07-15,002557,74.28,76.18,76.89,72.78,47551,124160228.0,5.54,2.7,2.0,0.94
2019-07-16,002557,75.62,74.1,76.43,73.39,46179,119140137.0,3.99,-2.73,-2.08,0.91
2019-07-17,002557,74.33,74.28,75.07,73.44,21518,55212685.0,2.2,0.24,0.18,0.42
2019-07-18,002557,74.03,74.81,74.91,73.42,14855,38218064.0,2.01,0.71,0.53,0.29
2019-07-19,002557,74.76,75.78,76.41,74.31,29002,75972511.0,2.81,1.3,0.97,0.57
2019-07-22,002557,76.05,74.84,77.52,74.41,23787,62376671.0,4.1,-1.24,-0.94,0.47
2019-07-23,002557,74.36,76.43,77.35,74.36,31418,83148208.0,4.0,2.12,1.59,0.62
2019-07-24,002557,76.38,77.83,78.39,75.55,31173,83633887.0,3.72,1.83,1.4,0.61
2019-07-25,002557,77.91,78.82,79.68,76.69,25145,68442714.0,3.84,1.27,0.99,0.5
2019-07-26,002557,78.59,78.03,78.72,77.47,16155,43838994.0,1.59,-1.0,-0.79,0.32
2019-07-29,002557,78.21,80.24,80.49,78.08,27180,75250376.0,3.09,2.83,2.21,0.54
2019-07-30,002557,80.39,79.55,81.15,78.46,47858,132680449.0,3.35,-0.86,-0.69,0.94
2019-07-31,002557,78.01,76.66,78.56,76.11,37105,99137767.0,3.08,-3.63,-2.89,0.73
2019-08-01,002557,76.31,75.22,76.87,74.15,37488,97438265.0,3.55,-1.88,-1.44,0.74
2019-08-02,002557,74.38,73.8,74.96,72.91,28455,72664432.0,2.73,-1.89,-1.42,0.56
2019-08-05,002557,73.98,73.82,75.27,73.24,25932,66393894.0,2.75,0.03,0.02,0.51
2019-08-06,002557,73.14,74.15,74.18,70.68,26452,66349753.0,4.74,0.45,0.33,0.52
2019-08-07,002557,74.66,75.09,75.83,74.15,17866,46367611.0,2.27,1.27,0.94,0.35
2019-08-08,002557,75.19,74.28,75.93,73.95,17240,44554281.0,2.64,-1.08,-0.81,0.34
2019-08-09,002557,75.17,72.76,75.55,72.58,24163,61068998.0,4.0,-2.05,-1.52,0.48
2019-08-12,002557,72.81,73.39,73.52,71.44,34865,86599912.0,2.86,0.87,0.63,0.69
2019-08-13,002557,72.63,70.27,72.68,66.98,45804,109805235.0,7.77,-4.25,-3.12,0.9
2019-08-14,002557,71.01,69.56,71.72,69.34,47216,113506068.0,3.39,-1.01,-0.71,0.93
2019-08-15,002557,68.68,72.23,72.51,68.68,39966,97654670.0,5.51,3.84,2.67,0.79
2019-08-16,002557,73.39,73.87,75.17,70.83,75527,189875070.0,6.01,2.27,1.64,1.49
2019-08-19,002557,74.05,75.93,76.23,74.05,63208,164990894.0,2.95,2.79,2.06,1.25
2019-08-20,002557,76.56,76.23,76.56,75.19,37039,96946627.0,1.8,0.4,0.3,0.73
2019-08-21,002557,76.03,75.17,76.03,74.79,18390,47786907.0,1.63,-1.39,-1.06,0.36
2019-08-22,002557,75.17,74.71,75.55,74.63,17965,46515291.0,1.22,-0.61,-0.46,0.35
2019-08-23,002557,75.19,77.58,77.68,74.91,41131,109014099.0,3.71,3.84,2.87,0.81
2019-08-26,002557,75.55,75.93,77.22,75.55,29535,77787600.0,2.15,-2.13,-1.65,0.58
2019-08-27,002557,76.56,77.14,77.65,75.4,31541,83806671.0,2.96,1.59,1.21,0.62
2019-08-28,002557,77.45,75.09,77.45,74.86,33475,87414520.0,3.36,-2.66,-2.05,0.66
2019-08-29,002557,75.09,74.66,75.45,73.39,37871,97738726.0,2.74,-0.57,-0.43,0.75
2019-08-30,002557,71.39,70.71,73.09,70.48,120028,295489008.0,3.5,-5.29,-3.95,2.37
2019-09-02,002557,70.6,70.35,71.47,69.41,86059,207155337.0,2.91,-0.51,-0.36,1.7
2019-09-03,002557,70.73,70.6,70.98,69.36,53635,128595119.0,2.3,0.36,0.25,1.06
2019-09-04,002557,70.1,70.0,70.5,69.39,45982,109820466.0,1.57,-0.85,-0.6,0.91
2019-09-05,002557,70.02,71.11,72.45,70.0,59845,146608087.0,3.5,1.59,1.11,1.18
2019-09-06,002557,71.24,71.24,72.05,70.71,39560,96668789.0,1.88,0.18,0.13,0.78
2019-09-09,002557,71.29,70.96,71.67,70.15,47327,114466971.0,2.13,-0.39,-0.28,0.93
2019-09-10,002557,70.96,73.34,73.9,70.4,69979,174598679.0,4.93,3.35,2.38,1.38
2019-09-11,002557,73.8,73.47,73.85,72.43,30775,77204230.0,1.94,0.18,0.13,0.61
2019-09-12,002557,73.14,72.43,73.6,71.69,39577,98499668.0,2.6,-1.42,-1.04,0.78
2019-09-16,002557,71.62,70.93,72.35,70.58,43707,106719796.0,2.44,-2.07,-1.5,0.86
2019-09-17,002557,71.11,70.35,71.36,69.87,31925,77121211.0,2.1,-0.82,-0.58,0.63
2019-09-18,002557,70.58,72.51,72.89,70.1,66051,163739285.0,3.97,3.07,2.16,1.3
2019-09-19,002557,72.63,71.82,72.84,71.14,38731,95358483.0,2.34,-0.95,-0.69,0.76
2019-09-20,002557,71.62,73.7,74.61,71.59,67098,170018556.0,4.2,2.62,1.88,1.32
2019-09-23,002557,73.52,72.91,73.6,71.82,30898,77209922.0,2.42,-1.07,-0.79,0.61
2019-09-24,002557,73.11,73.16,73.6,71.92,41186,103350195.0,2.3,0.34,0.25,0.81
2019-09-25,002557,72.68,74.31,75.02,72.68,41688,106531250.0,3.2,1.57,1.15,0.82
2019-09-26,002557,74.0,73.09,74.28,72.07,40884,102706110.0,2.97,-1.64,-1.22,0.81
2019-09-27,002557,72.73,72.13,72.89,71.87,20684,51393248.0,1.4,-1.31,-0.96,0.41
2019-09-30,002557,72.25,73.87,74.31,71.67,49438,125228546.0,3.66,2.41,1.74,0.98
2019-10-08,002557,73.57,75.24,75.52,73.42,37913,98053936.0,2.84,1.85,1.37,0.75
2019-10-09,002557,74.63,75.42,76.16,74.2,40279,104760323.0,2.6,0.24,0.18,0.79
2019-10-10,002557,75.75,75.88,76.61,74.58,36490,95515199.0,2.69,0.61,0.46,0.72
2019-10-11,002557,76.28,75.98,77.4,75.65,34199,90678490.0,2.31,0.13,0.1,0.67
2019-10-14,002557,76.49,77.14,77.17,75.17,35397,93860475.0,2.63,1.53,1.16,0.7
2019-10-15,002557,77.22,79.81,79.86,76.49,53287,145325704.0,4.37,3.46,2.67,1.05
2019-10-16,002557,79.27,81.91,82.67,78.03,61283,173466984.0,5.81,2.63,2.1,1.21
2019-10-17,002557,81.91,82.75,83.74,80.97,59917,173222851.0,3.38,1.03,0.84,1.18
2019-10-18,002557,87.84,90.1,90.1,87.46,42360,134198467.0,3.19,8.88,7.35,0.84
2019-10-21,002557,92.79,93.42,96.46,90.78,153345,504685600.0,6.3,3.68,3.32,3.02
2019-10-22,002557,92.15,94.18,95.6,90.88,95609,314987616.0,5.05,0.81,0.76,1.89
2019-10-23,002557,93.01,93.04,94.94,92.63,50754,168428677.0,2.45,-1.21,-1.14,1.0
2019-10-24,002557,94.1,92.99,94.97,91.01,42880,141139001.0,4.26,-0.05,-0.05,0.85
2019-10-25,002557,92.91,93.37,94.05,92.1,38955,128970661.0,2.1,0.41,0.38,0.77
2019-10-28,002557,92.81,93.19,94.13,92.81,40609,134691345.0,1.41,-0.19,-0.18,0.8
2019-10-29,002557,93.5,97.27,99.22,92.15,78954,269612704.0,7.59,4.38,4.08,1.56
2019-10-30,002557,96.21,93.55,97.27,92.63,64589,216314472.0,4.77,-3.82,-3.72,1.27
2019-10-31,002557,93.55,94.18,95.14,91.64,43054,143838047.0,3.74,0.67,0.63,0.85
2019-11-01,002557,93.5,94.59,95.14,92.61,37455,125206237.0,2.69,0.44,0.41,0.74
2019-11-04,002557,94.94,93.52,96.46,93.24,48257,162109947.0,3.4,-1.13,-1.07,0.95
2019-11-05,002557,93.29,93.44,95.35,92.81,59720,198469480.0,2.72,-0.09,-0.08,1.18
2019-11-06,002557,94.0,92.76,94.69,92.05,34360,113614202.0,2.83,-0.73,-0.68,0.68
2019-11-07,002557,93.42,93.67,95.35,92.91,48513,162332799.0,2.63,0.98,0.91,0.96
2019-11-08,002557,94.31,94.15,97.09,93.44,72772,246390853.0,3.9,0.51,0.48,1.44
2019-11-11,002557,93.42,92.0,93.67,87.79,67298,219251892.0,6.25,-2.28,-2.15,1.33
2019-11-12,002557,92.18,90.1,93.29,88.68,61735,197475651.0,5.01,-2.07,-1.9,1.22
2019-11-13,002557,90.78,90.07,92.0,88.98,46364,148428871.0,3.35,-0.03,-0.03,0.91
2019-11-14,002557,89.87,93.57,95.83,89.87,79664,265352726.0,6.62,3.89,3.5,1.57
2019-11-15,002557,94.36,95.42,97.8,94.36,75115,256037367.0,3.68,1.98,1.85,1.48
2019-11-18,002557,95.47,98.24,98.36,93.55,49426,169229698.0,5.04,2.96,2.82,0.97
2019-11-19,002557,98.34,98.21,99.0,95.98,70554,245039487.0,3.07,-0.03,-0.03,1.39
2019-11-20,002557,97.48,98.24,98.87,96.41,37173,129328468.0,2.5,0.03,0.03,0.73
2019-11-21,002557,98.29,98.34,101.63,97.09,62953,222374754.0,4.62,0.1,0.1,1.24
2019-11-22,002557,98.01,97.09,100.09,95.45,48456,169080009.0,4.72,-1.27,-1.25,0.96
2019-11-25,002557,93.32,92.84,94.56,89.57,73235,240380377.0,5.14,-4.38,-4.25,1.44
2019-11-26,002557,93.72,91.92,95.17,91.82,33235,109780518.0,3.61,-0.99,-0.92,0.66
2019-11-27,002557,92.2,92.56,93.75,91.49,29559,97309688.0,2.46,0.7,0.64,0.58
2019-11-28,002557,92.91,91.64,93.42,90.81,31028,101027800.0,2.82,-0.99,-0.92,0.61
2019-11-29,002557,91.75,91.29,93.09,89.21,43101,138825704.0,4.23,-0.38,-0.35,0.85
2019-12-02,002557,91.26,91.52,93.67,90.61,41674,135938224.0,3.35,0.25,0.23,0.82
2019-12-03,002557,90.91,90.93,91.54,88.73,44018,140930795.0,3.07,-0.64,-0.59,0.87
2019-12-04,002557,90.66,90.25,91.77,89.9,21935,70289038.0,2.06,-0.75,-0.68,0.43
2019-12-05,002557,90.91,91.14,91.64,90.07,38410,123825323.0,1.74,0.99,0.89,0.76
2019-12-06,002557,91.32,92.48,92.63,90.63,34008,110837329.0,2.19,1.47,1.34,0.67
2019-12-09,002557,93.27,91.37,94.69,90.66,54690,178827921.0,4.36,-1.2,-1.11,1.08
2019-12-10,002557,91.9,92.61,92.61,90.2,33199,107722230.0,2.64,1.36,1.24,0.65
2019-12-11,002557,92.35,92.28,92.86,90.93,32835,106982410.0,2.08,-0.36,-0.33,0.65
2019-12-12,002557,92.35,95.45,95.65,91.8,58260,195835928.0,4.17,3.44,3.17,1.15
2019-12-13,002557,95.45,99.55,100.42,94.74,63203,220557931.0,5.95,4.3,4.1,1.25
2019-12-16,002557,98.41,100.21,100.21,97.48,38105,134968184.0,2.74,0.66,0.66,0.75
2019-12-17,002557,99.35,97.8,99.5,96.74,43775,152941684.0,2.75,-2.4,-2.41,0.86
2019-12-18,002557,97.04,96.23,97.73,95.24,47595,163280530.0,2.55,-1.61,-1.57,0.94
2019-12-19,002557,96.61,96.11,96.94,95.45,26101,89504474.0,1.55,-0.12,-0.12,0.51
2019-12-20,002557,96.21,96.46,97.45,95.4,25225,86612127.0,2.13,0.36,0.35,0.5
2019-12-23,002557,95.8,95.6,97.86,94.18,39557,135496834.0,3.82,-0.89,-0.86,0.78
2019-12-24,002557,95.57,98.19,98.24,94.79,32298,111649361.0,3.61,2.71,2.59,0.64
2019-12-25,002557,97.98,96.84,97.98,95.95,25151,86714563.0,2.07,-1.37,-1.35,0.5
2019-12-26,002557,96.44,95.55,97.63,94.74,46145,157008386.0,2.98,-1.33,-1.29,0.91
2019-12-27,002557,95.78,94.23,96.18,93.42,45592,153511072.0,2.89,-1.38,-1.32,0.9
2019-12-30,002557,93.67,93.75,93.93,92.51,55091,182484519.0,1.51,-0.51,-0.48,1.09
2019-12-31,002557,92.94,95.37,95.37,92.91,54360,182630437.0,2.62,1.73,1.62,1.07
2020-01-02,002557,95.62,94.74,96.13,93.01,71976,240648968.0,3.27,-0.66,-0.63,1.42
2020-01-03,002557,94.43,95.27,95.85,94.05,47835,161480387.0,1.9,0.56,0.53,0.94
2020-01-06,002557,94.64,94.13,96.08,93.22,37582,126178933.0,3.0,-1.2,-1.14,0.74
2020-01-07,002557,94.08,96.59,96.84,93.8,41108,139992907.0,3.23,2.61,2.46,0.81
2020-01-08,002557,96.21,94.08,96.97,93.95,32575,110172300.0,3.13,-2.6,-2.51,0.64
2020-01-09,002557,94.64,95.88,95.88,93.6,32542,109599530.0,2.42,1.91,1.8,0.64
2020-01-10,002557,95.7,98.64,100.49,95.68,67698,239127117.0,5.02,2.88,2.76,1.34
2020-01-13,002557,98.95,102.04,102.75,97.35,70354,254105936.0,5.47,3.45,3.4,1.39
2020-01-14,002557,101.66,101.35,103.76,99.33,50265,182544982.0,4.34,-0.68,-0.69,0.99
2020-01-15,002557,101.61,102.47,105.0,100.75,51358,189807968.0,4.19,1.11,1.12,1.01
2020-01-16,002557,102.22,106.09,106.85,101.96,51889,196165866.0,4.77,3.53,3.62,1.02
2020-01-17,002557,106.35,106.8,108.43,104.57,34837,133791230.0,3.64,0.67,0.71,0.69
2020-01-20,002557,105.69,106.83,107.62,105.69,36409,139763798.0,1.81,0.03,0.03,0.72
2020-01-21,002557,106.45,105.87,108.12,104.7,34944,133032318.0,3.2,-0.9,-0.96,0.69
2020-01-22,002557,105.59,104.9,105.99,100.52,36916,138547636.0,5.17,-0.92,-0.97,0.73
2020-01-23,002557,104.32,100.26,105.87,99.07,44103,161415759.0,6.48,-4.42,-4.64,0.87
2020-02-03,002557,91.16,91.16,92.81,91.16,35360,114302433.0,1.65,-9.08,-9.1,0.7
2020-02-04,002557,91.16,93.04,94.86,90.58,78068,256218773.0,4.7,2.06,1.88,1.54
2020-02-05,002557,92.89,94.43,96.71,92.0,61375,205758392.0,5.06,1.49,1.39,1.21
2020-02-06,002557,95.45,96.94,97.48,92.43,61889,209431341.0,5.35,2.66,2.51,1.22
2020-02-07,002557,96.21,96.99,98.39,94.43,49834,170885003.0,4.09,0.05,0.05,0.98
2020-02-10,002557,96.23,96.54,96.99,95.22,36132,123704528.0,1.82,-0.46,-0.45,0.71
2020-02-11,002557,97.3,97.5,98.54,95.57,28329,98201371.0,3.08,0.99,0.96,0.56
2020-02-12,002557,96.84,97.6,98.39,96.0,23896,82770846.0,2.45,0.1,0.1,0.47
2020-02-13,002557,96.71,95.45,97.5,94.74,29187,99750612.0,2.83,-2.2,-2.15,0.58
2020-02-14,002557,94.69,94.31,95.3,93.8,32713,109764362.0,1.57,-1.19,-1.14,0.65
2020-02-17,002557,94.31,95.19,95.5,92.91,47771,160656305.0,2.75,0.93,0.88,0.94
2020-02-18,002557,95.19,97.4,98.44,93.6,70643,243622469.0,5.08,2.32,2.21,1.39
2020-02-19,002557,97.48,98.62,99.93,96.59,58683,206668379.0,3.43,1.25,1.22,1.16
2020-02-20,002557,99.1,103.51,104.75,98.77,78661,288270032.0,6.06,4.96,4.89,1.55
2020-02-21,002557,104.32,112.94,112.94,101.56,60129,232356714.0,10.99,9.11,9.43,1.19
2020-02-24,002557,112.96,114.66,120.54,109.24,127713,524683712.0,10.01,1.52,1.72,2.52
2020-02-25,002557,113.14,116.94,116.99,110.71,75727,315033536.0,5.48,1.99,2.28,1.49
2020-02-26,002557,116.23,111.29,116.23,110.66,57026,233542916.0,4.76,-4.83,-5.65,1.12
2020-02-27,002557,112.18,119.43,121.51,111.27,95755,408991808.0,9.2,7.31,8.14,1.89
2020-02-28,002557,113.7,114.49,120.97,113.19,67545,286163280.0,6.51,-4.14,-4.94,1.33
2020-03-02,002557,115.32,116.18,118.92,113.7,54222,228919828.0,4.56,1.48,1.69,1.07
2020-03-03,002557,116.72,114.13,118.11,112.43,84869,354411792.0,4.89,-1.76,-2.05,1.67
2020-03-04,002557,113.34,119.02,119.17,112.71,72480,305439776.0,5.66,4.28,4.89,1.43
2020-03-05,002557,119.71,121.3,127.13,117.5,88353,396352464.0,8.09,1.92,2.28,1.74
2020-03-06,002557,121.15,120.8,123.31,118.64,38251,168078668.0,3.85,-0.41,-0.5,0.75
2020-03-09,002557,118.72,113.88,119.02,113.17,62585,261816685.0,4.84,-5.73,-6.92,1.23
2020-03-10,002557,113.88,115.96,116.72,111.34,33943,141436484.0,4.72,1.83,2.08,0.67
2020-03-11,002557,116.18,116.01,119.17,114.21,45284,191522377.0,4.28,0.04,0.05,0.89
2020-03-12,002557,114.08,112.61,115.68,110.89,44547,181571191.0,4.13,-2.93,-3.4,0.88
2020-03-13,002557,105.59,110.94,113.45,105.59,49150,196114667.0,6.98,-1.48,-1.67,0.97
2020-03-16,002557,112.2,103.05,112.43,103.05,76633,299584544.0,8.46,-7.11,-7.89,1.51
2020-03-17,002557,105.41,106.83,109.39,103.96,77758,299898688.0,5.27,3.67,3.78,1.53
2020-03-18,002557,112.41,103.05,113.57,103.05,58402,229966785.0,9.85,-3.54,-3.78,1.15
2020-03-19,002557,104.47,106.5,109.69,103.05,62167,237980974.0,6.44,3.35,3.45,1.23
2020-03-20,002557,107.44,109.42,109.52,105.59,41276,160456460.0,3.69,2.74,2.92,0.81
2020-03-23,002557,108.02,107.44,110.07,105.59,31921,124383510.0,4.09,-1.81,-1.98,0.63
2020-03-24,002557,110.05,114.61,115.35,108.68,53633,218133601.0,6.21,6.67,7.17,1.06
2020-03-25,002557,116.87,114.56,117.58,112.46,57545,238192658.0,4.47,-0.04,-0.05,1.14
2020-03-26,002557,114.08,117.5,119.17,112.84,42919,182919863.0,5.53,2.57,2.94,0.85
2020-03-27,002557,118.44,116.99,121.13,116.51,35183,151312833.0,3.93,-0.43,-0.51,0.69
2020-03-30,002557,116.94,117.1,119.66,115.37,27960,119049161.0,3.67,0.09,0.11,0.55
2020-03-31,002557,119.53,123.61,124.6,117.76,55161,243675391.0,5.84,5.56,6.51,1.09
2020-04-01,002557,123.59,123.08,128.25,121.68,57585,261879794.0,5.32,-0.43,-0.53,1.14
2020-04-02,002557,124.35,122.22,125.79,118.52,59571,264319661.0,5.91,-0.7,-0.86,1.17
2020-04-03,002557,121.56,121.68,125.08,120.49,33498,149794693.0,3.76,-0.44,-0.54,0.66
2020-04-07,002557,123.31,125.33,126.86,122.52,45871,209382623.0,3.57,3.0,3.65,0.9
2020-04-08,002557,124.68,127.21,127.21,123.76,35056,160808195.0,2.75,1.5,1.88,0.69
2020-04-09,002557,126.65,139.0,139.0,126.15,81843,404808336.0,10.1,9.27,11.79,1.61
2020-04-10,002557,136.46,133.85,138.19,131.95,46888,232456212.0,4.49,-3.71,-5.15,0.92
2020-04-13,002557,134.31,132.99,135.37,128.99,66029,321188464.0,4.77,-0.64,-0.86,1.3
2020-04-14,002557,132.69,130.94,132.69,128.73,87009,415803968.0,2.98,-1.54,-2.05,1.72
2020-04-15,002557,131.7,130.38,132.41,129.49,49753,238160699.0,2.23,-0.43,-0.56,0.98
2020-04-16,002557,130.38,134.44,135.7,129.77,81057,396291296.0,4.55,3.11,4.06,1.6
2020-04-17,002557,133.73,130.35,135.04,128.1,72598,346371056.0,5.16,-3.04,-4.09,1.43
2020-04-20,002557,130.3,133.22,134.36,129.01,40855,197807880.0,4.1,2.2,2.87,0.81
2020-04-21,002557,134.0,134.23,134.31,129.52,38433,186369876.0,3.6,0.76,1.01,0.76
2020-04-22,002557,133.47,140.77,141.91,132.46,62712,320464176.0,7.04,4.87,6.54,1.24
2020-04-23,002557,144.37,142.07,145.61,138.24,87255,456746832.0,5.24,0.92,1.3,1.72
2020-04-24,002557,141.91,135.8,143.61,135.27,58983,299873296.0,5.87,-4.41,-6.27,1.16
2020-04-27,002557,137.27,137.0,138.92,134.23,49340,248706162.0,3.45,0.88,1.2,0.97
2020-04-28,002557,137.02,140.85,141.58,136.01,47967,246414147.0,4.07,2.81,3.85,0.95
2020-04-29,002557,140.93,133.22,140.93,132.86,53919,268768320.0,5.73,-5.42,-7.63,1.06
2020-04-30,002557,134.26,131.14,134.79,127.74,79897,382713792.0,5.29,-1.56,-2.08,1.58
2020-05-06,002557,132.03,134.26,135.4,129.06,71269,346751824.0,4.83,2.38,3.12,1.41
2020-05-07,002557,134.26,135.53,138.01,133.8,41916,208676931.0,3.14,0.95,1.27,0.83
2020-05-08,002557,136.01,138.42,141.56,135.42,54182,276421520.0,4.53,2.13,2.89,1.07
2020-05-11,002557,138.42,133.78,139.73,131.8,74388,365809184.0,5.73,-3.35,-4.64,1.47
2020-05-12,002557,134.64,137.02,138.21,132.71,46967,235650516.0,4.11,2.42,3.24,0.93
2020-05-13,002557,137.17,141.61,144.12,136.87,82209,429800400.0,5.29,3.35,4.59,1.62
2020-05-14,002557,142.37,141.66,144.09,139.58,40380,210663428.0,3.18,0.04,0.05,0.8
2020-05-15,002557,141.84,142.02,143.43,139.3,51367,268693296.0,2.92,0.25,0.36,1.01
2020-05-18,002557,143.31,149.7,151.95,142.85,75453,416431808.0,6.41,5.41,7.68,1.49
2020-05-19,002557,150.96,151.62,161.1,146.7,52178,289206784.0,9.62,1.28,1.92,1.03
2020-05-20,002557,150.96,144.47,152.46,143.64,63214,343643600.0,5.82,-4.72,-7.15,1.25
2020-05-21,002557,145.64,147.64,151.57,144.6,54666,300207120.0,4.82,2.19,3.17,1.08
2020-05-22,002557,148.68,145.67,149.37,144.4,39972,216083661.0,3.37,-1.33,-1.97,0.79
2020-05-25,002557,145.67,152.69,152.69,144.88,52917,293865440.0,5.36,4.82,7.02,1.04
2020-05-26,002557,152.28,155.53,157.28,149.8,48220,274868240.0,4.9,1.86,2.84,0.95
2020-05-27,002557,155.17,155.86,157.78,151.22,40523,232692484.0,4.22,0.21,0.33,0.8
2020-05-28,002557,154.99,155.05,157.3,151.24,36005,205912236.0,3.89,-0.52,-0.81,0.71
2020-05-29,002557,155.27,157.58,160.85,154.31,63684,374902624.0,4.22,1.63,2.53,1.26
2020-06-01,002557,159.84,157.17,160.55,155.27,52946,308431856.0,3.35,-0.26,-0.41,1.04
2020-06-02,002557,156.95,151.14,156.95,147.67,78632,439794624.0,5.9,-3.84,-6.03,1.55
2020-06-03,002557,149.09,148.35,149.62,146.4,67532,369198608.0,2.13,-1.85,-2.79,1.33
2020-06-04,002557,148.18,154.16,154.28,147.62,69402,388803952.0,4.49,3.92,5.81,1.37
2020-06-05,002557,154.77,151.04,154.77,148.83,49495,275772144.0,3.85,-2.02,-3.12,0.98
2020-06-08,002557,149.72,146.35,150.58,140.6,105684,564800832.0,6.61,-3.11,-4.69,2.08
2020-06-09,002557,144.85,147.67,148.05,143.89,65549,354611696.0,2.84,0.9,1.32,1.29
2020-06-10,002557,146.65,147.92,149.09,146.2,39273,214549352.0,1.96,0.17,0.25,0.77
2020-06-11,002557,147.92,146.63,150.05,145.41,60116,323287872.0,3.14,-0.87,-1.29,1.19
2020-06-12,002557,144.3,146.96,151.72,143.31,81819,445787408.0,5.74,0.23,0.33,1.61
2020-06-15,002557,149.75,153.09,155.48,149.59,69697,391110496.0,4.01,4.17,6.13,1.37
2020-06-16,002557,153.09,152.05,154.26,150.63,66432,369534064.0,2.37,-0.68,-1.04,1.31
2020-06-17,002557,152.1,155.27,155.53,150.74,45935,257938034.0,3.15,2.12,3.22,0.91
2020-06-18,002557,155.27,152.16,155.86,149.72,44297,246092357.0,3.95,-2.0,-3.11,0.87
2020-06-19,002557,152.36,157.2,158.44,151.39,64953,370718832.0,4.63,3.31,5.04,1.28
2020-06-22,002557,158.32,150.53,158.54,149.42,87155,482159280.0,5.8,-4.24,-6.67,1.72
2020-06-23,002557,149.92,149.59,150.84,147.16,72619,395364704.0,2.44,-0.62,-0.94,1.43
2020-06-24,002557,147.95,147.19,149.59,146.35,58477,314705968.0,2.17,-1.6,-2.4,1.15
2020-06-29,002557,146.83,147.82,149.24,144.63,52758,284843216.0,3.13,0.43,0.63,1.04
2020-06-30,002557,148.2,148.4,151.01,147.41,40522,220519271.0,2.44,0.39,0.58,0.8
2020-07-01,002557,149.09,148.05,151.47,147.52,60833,332172400.0,2.66,-0.24,-0.35,1.2
2020-07-02,002557,149.95,149.77,152.79,146.68,68193,373668560.0,4.13,1.16,1.72,1.35
2020-07-03,002557,148.89,144.96,149.77,142.34,102763,541446192.0,4.96,-3.21,-4.81,2.03
2020-07-06,002557,143.23,143.59,145.13,141.48,132911,691681840.0,2.52,-0.95,-1.37,2.62
2020-07-07,002557,143.31,146.4,148.2,142.07,116210,615333088.0,4.27,1.96,2.81,2.29
2020-07-08,002557,147.39,146.3,148.43,145.01,84964,453978528.0,2.34,-0.07,-0.1,1.68
2020-07-09,002557,147.03,149.77,149.95,145.08,105854,569274208.0,3.33,2.37,3.47,2.09
2020-07-10,002557,150.96,146.3,153.3,145.21,130471,711690592.0,5.4,-2.32,-3.47,2.57
2020-07-13,002557,145.64,153.75,153.75,144.37,152862,842753088.0,6.41,5.09,7.45,3.02
2020-07-14,002557,156.36,145.39,156.74,142.02,183606,987455088.0,9.57,-5.44,-8.36,3.62
2020-07-15,002557,144.98,147.49,149.52,142.95,121482,652688576.0,4.52,1.44,2.1,2.4
2020-07-16,002557,147.49,135.25,149.95,134.41,146931,761535744.0,10.54,-8.3,-12.24,2.9
2020-07-17,002557,133.85,139.05,141.43,133.17,114362,573172528.0,6.11,2.81,3.8,2.26
2020-07-20,002557,141.33,138.64,141.33,136.13,129171,646786096.0,3.74,-0.29,-0.41,2.55
2020-07-21,002557,138.59,139.91,142.22,137.71,98107,497839472.0,3.25,0.92,1.27,1.94
2020-07-22,002557,141.08,140.98,142.8,138.26,78657,402376480.0,3.24,0.76,1.07,1.55
2020-07-23,002557,139.81,139.05,141.91,136.82,90434,456724896.0,3.61,-1.37,-1.93,1.78
2020-07-24,002557,139.33,134.23,140.22,133.75,94454,467537104.0,4.65,-3.47,-4.82,1.86
2020-07-27,002557,136.82,146.55,146.55,136.82,182671,968645072.0,7.25,9.18,12.32,3.6
2020-07-28,002557,149.82,158.44,160.09,149.24,252755,1446060864.0,7.4,8.11,11.89,4.99
2020-07-29,002557,156.92,160.6,161.1,155.48,137568,801232304.0,3.55,1.36,2.16,2.71
2020-07-30,002557,160.09,159.73,163.49,157.55,80474,473894272.0,3.7,-0.54,-0.87,1.59
2020-07-31,002557,158.06,157.81,161.48,155.55,111110,645214576.0,3.71,-1.2,-1.92,2.19
2020-08-03,002557,158.8,162.35,164.04,156.31,117060,694135472.0,4.9,2.88,4.54,2.31
2020-08-04,002557,163.13,163.18,167.9,161.97,88623,535883872.0,3.65,0.51,0.83,1.75
2020-08-05,002557,163.13,172.0,174.51,162.65,105957,668045648.0,7.27,5.41,8.82,2.09
2020-08-06,002557,173.14,171.95,173.27,164.8,94654,594452944.0,4.92,-0.03,-0.05,1.87
2020-08-07,002557,168.15,172.51,175.17,168.15,67659,428023040.0,4.08,0.33,0.56,1.33
2020-08-10,002557,172.56,173.27,173.27,166.73,68720,431451616.0,3.79,0.44,0.76,1.36
2020-08-11,002557,173.96,174.18,178.01,170.31,132214,848862176.0,4.44,0.53,0.91,2.61
2020-08-12,002557,174.18,173.53,176.82,165.41,133533,843384256.0,6.55,-0.37,-0.65,2.63
2020-08-13,002557,176.11,172.16,178.19,170.74,57825,370895200.0,4.29,-0.79,-1.37,1.14
2020-08-14,002557,172.79,176.57,178.06,172.0,71551,464305776.0,3.52,2.56,4.41,1.41
2020-08-17,002557,177.81,174.03,179.58,173.3,66229,429957344.0,3.56,-1.44,-2.54,1.31
2020-08-18,002557,174.13,177.07,184.68,171.5,99440,655636256.0,7.57,1.75,3.04,1.96
2020-08-19,002557,177.07,183.36,187.82,175.76,74917,508432688.0,6.81,3.55,6.29,1.48
2020-08-20,002557,180.27,175.6,182.14,173.32,76763,500782832.0,4.81,-4.23,-7.76,1.51
2020-08-21,002557,177.83,181.64,183.94,175.96,74334,498882016.0,4.54,3.44,6.04,1.47
2020-08-24,002557,181.41,183.74,185.08,177.66,57592,387021680.0,4.09,1.16,2.1,1.14
2020-08-25,002557,181.81,183.41,184.53,178.34,40871,276190240.0,3.37,-0.18,-0.33,0.81
2020-08-26,002557,185.44,183.44,187.57,182.32,35890,245861671.0,2.86,0.02,0.03,0.71
2020-08-27,002557,187.97,188.48,190.48,183.56,42760,297459504.0,3.77,2.75,5.04,0.84
2020-08-28,002557,186.2,189.24,189.77,185.06,36724,255978528.0,2.5,0.4,0.76,0.72
2020-08-31,002557,189.24,186.58,190.41,185.34,45191,315389520.0,2.68,-1.41,-2.66,0.89
2020-09-01,002557,185.69,186.28,188.43,184.35,47356,327620160.0,2.19,-0.16,-0.3,0.93
2020-09-02,002557,187.29,182.42,191.45,180.88,61021,417702832.0,5.67,-2.07,-3.86,1.2
2020-09-03,002557,181.94,179.58,187.7,178.04,64901,438187664.0,5.3,-1.56,-2.84,1.28
2020-09-04,002557,177.18,173.04,179.51,171.17,62363,400862064.0,4.64,-3.64,-6.54,1.23
2020-09-07,002557,176.57,166.17,180.37,165.67,80572,505343296.0,8.5,-3.97,-6.87,1.59
2020-09-08,002557,167.9,165.29,172.64,161.61,50054,304217120.0,6.64,-0.53,-0.88,0.99
2020-09-09,002557,165.49,160.88,168.05,158.49,61662,365791120.0,5.78,-2.67,-4.41,1.22
2020-09-10,002557,160.09,160.34,164.4,159.58,47014,279422704.0,3.0,-0.34,-0.54,0.93
2020-09-11,002557,160.47,164.63,167.62,158.75,63263,382805872.0,5.53,2.68,4.29,1.25
2020-09-14,002557,165.67,166.71,167.95,163.39,46838,285185904.0,2.77,1.26,2.08,0.92
2020-09-15,002557,166.4,170.79,172.0,165.41,48713,304497760.0,3.95,2.45,4.08,0.96
2020-09-16,002557,170.79,165.95,174.11,163.66,47295,289803504.0,6.12,-2.83,-4.84,0.93
2020-09-17,002557,166.17,160.67,166.68,157.96,74972,442686128.0,5.25,-3.18,-5.28,1.48
2020-09-18,002557,159.99,163.13,163.28,155.27,62634,369722544.0,4.99,1.53,2.46,1.24
2020-09-21,002557,161.86,157.81,163.79,157.68,39811,233423378.0,3.75,-3.26,-5.32,0.79
2020-09-22,002557,157.81,160.12,164.93,156.57,48610,287706016.0,5.3,1.46,2.31,0.96
2020-09-23,002557,162.02,159.84,162.24,158.7,35911,211385426.0,2.21,-0.17,-0.28,0.71
2020-09-24,002557,159.84,157.55,160.85,156.79,32220,186846929.0,2.54,-1.43,-2.29,0.64
2020-09-25,002557,158.06,157.81,161.21,157.12,44998,262201321.0,2.6,0.17,0.26,0.89
2020-09-28,002557,159.51,157.3,159.96,156.03,27531,159560810.0,2.49,-0.32,-0.51,0.54
2020-09-29,002557,157.33,161.18,162.27,156.82,45678,269635152.0,3.46,2.47,3.88,0.9
2020-09-30,002557,161.21,158.06,163.64,156.21,56454,328485984.0,4.61,-1.94,-3.12,1.11
2020-10-09,002557,160.6,168.28,168.99,160.6,75763,464186368.0,5.31,6.47,10.22,1.49
2020-10-12,002557,168.3,166.76,169.22,164.78,74919,458931664.0,2.64,-0.9,-1.52,1.48
2020-10-13,002557,163.89,163.13,165.64,159.84,61842,368273936.0,3.48,-2.18,-3.63,1.22
2020-10-14,002557,162.32,165.29,165.67,160.09,67097,402161952.0,3.42,1.32,2.16,1.32
2020-10-15,002557,165.26,163.74,168.07,163.26,48250,293461472.0,2.91,-0.94,-1.55,0.95
2020-10-16,002557,164.4,172.33,179.0,164.4,138294,891569760.0,8.92,5.25,8.59,2.73
2020-10-19,002557,174.74,163.18,174.82,158.85,166519,999188704.0,9.27,-5.31,-9.15,3.28
2020-10-20,002557,161.53,161.69,162.37,159.66,80252,474668976.0,1.66,-0.91,-1.49,1.58
2020-10-21,002557,162.22,169.62,171.93,161.05,98911,612091536.0,6.73,4.9,7.93,1.95
2020-10-22,002557,171.88,168.23,172.13,164.6,47422,292116160.0,4.44,-0.82,-1.39,0.94
2020-10-23,002557,167.09,164.1,168.71,162.83,32885,200092124.0,3.5,-2.45,-4.13,0.65
2020-10-26,002557,161.33,160.09,162.35,157.48,39363,231346302.0,2.97,-2.44,-4.01,0.78
2020-10-27,002557,159.33,159.25,161.59,156.57,40324,235277382.0,3.14,-0.52,-0.84,0.8
2020-10-28,002557,158.62,162.68,165.57,158.14,55021,327555648.0,4.67,2.15,3.43,1.09
2020-10-29,002557,163.61,168.18,168.66,161.21,50758,310720112.0,4.58,3.38,5.5,1.0
2020-10-30,002557,172.97,161.97,173.6,160.44,79621,490093680.0,7.82,-3.69,-6.21,1.57
2020-11-02,002557,163.0,160.32,166.22,158.92,59593,354378464.0,4.51,-1.02,-1.65,1.18
2020-11-03,002557,160.37,153.63,161.13,150.23,125004,699606224.0,6.8,-4.17,-6.69,2.47
2020-11-04,002557,153.63,154.74,155.45,151.67,61164,344050912.0,2.46,0.72,1.11,1.21
2020-11-05,002557,155.25,154.87,158.21,153.98,58880,335237760.0,2.73,0.08,0.13,1.16
2020-11-06,002557,154.59,150.46,154.59,148.78,93819,514988544.0,3.75,-2.85,-4.41,1.85
2020-11-09,002557,150.51,148.81,151.67,147.9,99901,543690784.0,2.51,-1.1,-1.65,1.97
2020-11-10,002557,148.43,147.41,149.14,144.88,72586,388745920.0,2.86,-0.94,-1.4,1.43
2020-11-11,002557,146.35,146.43,149.09,145.92,58171,313002832.0,2.15,-0.66,-0.98,1.15
2020-11-12,002557,146.55,149.32,149.59,145.67,69134,373687952.0,2.68,1.97,2.89,1.36
2020-11-13,002557,148.18,146.86,148.73,143.11,54833,290918976.0,3.76,-1.65,-2.46,1.08
2020-11-16,002557,145.94,149.42,149.44,142.12,96939,515428496.0,4.98,1.74,2.56,1.91
2020-11-17,002557,148.2,147.11,148.5,145.59,64277,344561888.0,1.95,-1.55,-2.31,1.27
2020-11-18,002557,146.93,149.82,150.08,145.84,67085,365470240.0,2.88,1.84,2.71,1.32
2020-11-19,002557,148.3,149.32,150.41,146.65,41831,227204745.0,2.51,-0.33,-0.5,0.83
2020-11-20,002557,149.19,153.85,154.49,148.38,69363,389266592.0,4.09,3.03,4.53,1.37
2020-11-23,002557,154.01,152.59,154.66,150.2,55129,306167488.0,2.9,-0.82,-1.26,1.09
2020-11-24,002557,151.47,153.8,155.88,150.53,42227,238021286.0,3.51,0.79,1.21,0.83
2020-11-25,002557,154.34,150.53,154.34,150.03,32160,178125128.0,2.8,-2.13,-3.27,0.63
2020-11-26,002557,150.1,153.14,154.23,150.1,43606,243154274.0,2.74,1.73,2.61,0.86
2020-11-27,002557,154.31,153.9,156.54,153.47,28853,163799978.0,2.0,0.5,0.76,0.57
2020-11-30,002557,153.73,147.79,153.75,146.78,58475,317783744.0,4.53,-3.97,-6.11,1.15
2020-12-01,002557,147.79,151.57,152.23,147.41,64317,354996944.0,3.26,2.56,3.78,1.27
2020-12-02,002557,153.02,153.27,153.73,150.46,39049,217636969.0,2.16,1.12,1.7,0.77
2020-12-03,002557,151.88,155.43,156.29,151.77,41753,237378488.0,2.95,1.41,2.16,0.82
2020-12-04,002557,154.87,161.69,164.88,154.34,98877,583838768.0,6.78,4.03,6.26,1.95
2020-12-07,002557,161.71,159.99,162.07,157.05,62904,368000368.0,3.1,-1.05,-1.7,1.24
2020-12-08,002557,158.59,159.61,159.99,156.87,48996,284903472.0,1.95,-0.24,-0.38,0.97
2020-12-09,002557,161.51,157.93,161.51,156.39,43920,256168336.0,3.21,-1.05,-1.68,0.87
2020-12-10,002557,156.79,160.19,161.74,155.53,49644,290036944.0,3.93,1.43,2.26,0.98
2020-12-11,002557,160.44,159.73,162.52,157.58,39712,233381566.0,3.08,-0.29,-0.46,0.78
2020-12-14,002557,159.73,160.57,160.85,156.67,48381,282054080.0,2.62,0.53,0.84,0.95
2020-12-15,002557,160.34,161.97,163.39,158.32,51254,303471904.0,3.16,0.87,1.4,1.01
2020-12-16,002557,161.86,165.01,166.68,161.86,55423,335684384.0,2.98,1.88,3.04,1.09
2020-12-17,002557,165.36,165.67,167.21,162.55,48159,291170016.0,2.82,0.4,0.66,0.95
2020-12-18,002557,163.54,158.82,164.53,157.33,68385,401485552.0,4.35,-4.13,-6.85,1.35
2020-12-21,002557,158.82,159.23,160.22,157.05,41117,240255015.0,2.0,0.26,0.41,0.81
2020-12-22,002557,158.34,152.23,159.96,152.03,63708,361156352.0,4.98,-4.4,-7.0,1.26
2020-12-23,002557,152.92,153.75,154.77,150.08,46215,258335059.0,3.08,1.0,1.52,0.91
2020-12-24,002557,153.5,147.54,153.5,147.54,53546,291645536.0,3.88,-4.04,-6.21,1.06
2020-12-25,002557,147.52,146.81,148.38,144.75,35186,187783791.0,2.46,-0.49,-0.73,0.69
2020-12-28,002557,146.63,144.83,146.81,143.61,44238,233929034.0,2.18,-1.35,-1.98,0.87
2020-12-29,002557,145.11,145.08,147.36,144.07,49216,260435926.0,2.27,0.17,0.25,0.97
2020-12-30,002557,144.75,148.94,149.44,144.27,52022,279811008.0,3.56,2.66,3.86,1.03
2020-12-31,002557,147.95,147.54,150.3,146.43,55618,299867680.0,2.6,-0.94,-1.4,1.1
2021-01-04,002557,147.16,151.85,153.25,146.22,71161,389749840.0,4.76,2.92,4.31,1.4
2021-01-05,002557,151.37,159.41,160.6,150.51,133000,762687664.0,6.64,4.98,7.56,2.62
2021-01-06,002557,159.41,166.22,166.68,157.83,119183,712005440.0,5.55,4.27,6.81,2.35
2021-01-07,002557,166.22,168.3,170.15,165.16,101179,624081664.0,3.0,1.25,2.08,2.0
2021-01-08,002557,169.72,169.67,174.69,168.18,105446,666833904.0,3.87,0.81,1.37,2.08
2021-01-11,002557,169.55,173.04,178.34,168.96,103662,670312592.0,5.53,1.99,3.37,2.04
2021-01-12,002557,172.03,173.04,175.55,170.48,86792,553051824.0,2.93,0.0,0.0,1.71
2021-01-13,002557,173.93,166.38,174.39,162.62,138382,850240320.0,6.8,-3.85,-6.66,2.73
2021-01-14,002557,166.35,161.26,168.91,160.93,70325,424170976.0,4.8,-3.08,-5.12,1.39
2021-01-15,002557,161.28,157.2,161.86,154.41,67387,388936848.0,4.62,-2.52,-4.06,1.33
2021-01-18,002557,157.81,153.45,159.03,152.99,82145,464820112.0,3.84,-2.39,-3.75,1.62
2021-01-19,002557,153.9,158.21,160.93,153.65,105723,611947696.0,4.74,3.1,4.76,2.09
2021-01-20,002557,158.37,167.19,169.6,157.86,122786,747840128.0,7.42,5.68,8.98,2.42
2021-01-21,002557,167.14,175.45,175.71,164.8,125380,790653856.0,6.53,4.94,8.26,2.47
2021-01-22,002557,175.3,172.79,177.18,170.99,87035,558465024.0,3.53,-1.52,-2.66,1.72
2021-01-25,002557,173.27,178.09,179.74,171.75,95776,625451968.0,4.62,3.07,5.3,1.89
2021-01-26,002557,176.97,174.24,180.6,173.27,99367,649203488.0,4.12,-2.16,-3.85,1.96
2021-01-27,002557,174.26,176.57,179.81,173.8,69180,453210544.0,3.45,1.34,2.33,1.36
2021-01-28,002557,175.68,171.55,181.69,171.14,65131,422193872.0,5.97,-2.84,-5.02,1.28
2021-01-29,002557,173.93,168.99,176.8,165.16,75415,475198736.0,6.79,-1.49,-2.56,1.49
2021-02-01,002557,167.85,166.5,170.33,165.16,67446,415820784.0,3.06,-1.47,-2.49,1.33
2021-02-02,002557,171.24,182.04,182.04,171.24,53269,354436480.0,6.49,9.33,15.54,1.05
2021-02-03,002557,185.34,180.14,185.74,177.73,119415,803006288.0,4.4,-1.04,-1.9,2.36
2021-02-04,002557,178.6,181.76,184.68,176.06,112842,763388320.0,4.79,0.9,1.62,2.23
2021-02-05,002557,183.39,184.68,188.23,179.74,94004,642855648.0,4.67,1.61,2.92,1.85
2021-02-08,002557,184.58,180.07,184.58,174.41,99845,660842480.0,5.51,-2.5,-4.61,1.97
2021-02-09,002557,178.6,177.1,180.01,174.46,81843,537087392.0,3.08,-1.65,-2.97,1.61
2021-02-10,002557,178.04,179.63,180.62,173.3,70179,463780928.0,4.13,1.43,2.53,1.38
2021-02-18,002557,179.56,166.71,182.27,164.88,133202,832814544.0,9.68,-7.19,-12.92,2.63
2021-02-19,002557,166.58,163.39,167.72,160.72,81808,492101824.0,4.2,-1.99,-3.32,1.61
2021-02-22,002557,162.04,156.26,163.49,156.08,93052,542888192.0,4.54,-4.36,-7.13,1.84
2021-02-23,002557,154.89,154.97,157.2,154.08,58903,335926096.0,2.0,-0.83,-1.29,1.16
2021-02-24,002557,155.25,150.46,155.96,149.95,76796,426143888.0,3.88,-2.91,-4.51,1.51
2021-02-25,002557,151.67,148.94,152.23,147.54,51999,284508352.0,3.12,-1.01,-1.52,1.03
2021-02-26,002557,149.34,155.32,162.73,148.45,154351,882628080.0,9.59,4.28,6.38,3.04
2021-03-01,002557,155.48,153.04,156.79,147.92,101800,570478080.0,5.71,-1.47,-2.28,2.01
2021-03-02,002557,153.5,148.25,154.16,146.22,104901,573047344.0,5.19,-3.13,-4.79,2.07
2021-03-03,002557,147.36,148.23,148.81,145.41,53133,285892896.0,2.29,-0.01,-0.02,1.05
2021-03-04,002557,147.16,141.71,147.19,140.37,76868,399743504.0,4.6,-4.4,-6.52,1.52
2021-03-05,002557,141.58,142.95,144.12,137.53,63729,325955280.0,4.65,0.88,1.24,1.26
2021-03-08,002557,142.34,137.27,143.97,137.1,60224,305737888.0,4.81,-3.97,-5.68,1.19
2021-03-09,002557,136.74,139.94,142.5,131.47,80185,400708816.0,8.04,1.95,2.67,1.58
2021-03-10,002557,141.18,138.06,144.63,136.97,63070,319344272.0,5.47,-1.34,-1.88,1.24
2021-03-11,002557,138.04,138.36,139.51,136.01,43426,216892468.0,2.54,0.22,0.3,0.86
2021-03-12,002557,138.92,136.87,140.72,135.78,43006,214123741.0,3.57,-1.08,-1.49,0.85
2021-03-15,002557,134.74,131.19,136.49,130.23,74600,357661792.0,4.57,-4.15,-5.68,1.47
2021-03-16,002557,131.6,136.01,137.1,128.07,98188,470550048.0,6.88,3.67,4.82,1.94
2021-03-17,002557,134.99,139.02,139.02,132.84,52707,261180351.0,4.54,2.21,3.01,1.04
2021-03-18,002557,138.54,139.56,140.32,137.4,35095,177401227.0,2.1,0.39,0.54,0.69
2021-03-19,002557,137.78,139.68,142.45,136.41,37447,190670315.0,4.33,0.09,0.12,0.74
2021-03-22,002557,139.45,141.2,141.79,136.89,36554,186220269.0,3.51,1.09,1.52,0.72
2021-03-23,002557,140.52,139.02,141.33,137.86,31596,159713780.0,2.46,-1.54,-2.18,0.62
2021-03-24,002557,138.19,139.02,140.77,136.01,28954,145807656.0,3.42,0.0,0.0,0.57
2021-03-25,002557,137.73,138.49,138.95,135.53,25881,129285677.0,2.46,-0.38,-0.53,0.51
2021-03-26,002557,139.18,140.87,141.61,138.16,37335,189943351.0,2.49,1.72,2.38,0.74
2021-03-29,002557,142.83,139.18,142.83,135.75,56909,285221840.0,5.03,-1.2,-1.69,1.12
2021-03-30,002557,138.04,137.98,139.86,135.88,62210,310334288.0,2.86,-0.86,-1.2,1.23
2021-03-31,002557,137.45,135.27,137.91,134.87,34661,170883973.0,2.2,-1.96,-2.71,0.68
2021-04-01,002557,135.27,132.03,136.13,130.35,88154,421449840.0,4.27,-2.4,-3.24,1.74
2021-04-02,002557,132.71,138.09,139.18,132.08,92377,458376976.0,5.38,4.59,6.06,1.82
2021-04-06,002557,138.24,138.92,139.43,137.45,41454,208599203.0,1.43,0.6,0.83,0.82
2021-04-07,002557,138.9,137.05,139.51,136.29,29160,145199687.0,2.32,-1.35,-1.87,0.58
2021-04-08,002557,137.35,139.15,139.89,134.56,35037,175657270.0,3.89,1.53,2.1,0.69
2021-04-09,002557,137.78,133.47,139.56,133.04,55337,271602464.0,4.69,-4.08,-5.68,1.09
2021-04-12,002557,134.44,132.99,135.17,132.0,46683,225355210.0,2.38,-0.36,-0.48,0.92
2021-04-13,002557,133.73,135.22,136.26,132.76,30599,149611627.0,2.63,1.68,2.23,0.6
2021-04-14,002557,134.84,141.28,141.79,134.41,54015,272648864.0,5.46,4.48,6.06,1.07
2021-04-15,002557,139.3,141.43,141.71,138.09,43218,219984566.0,2.56,0.11,0.15,0.85
2021-04-16,002557,141.43,142.14,142.7,139.61,50457,259183558.0,2.18,0.5,0.71,1.0
2021-04-19,002557,142.4,145.69,147.49,142.19,65321,346392272.0,3.73,2.5,3.55,1.29
2021-04-20,002557,145.69,147.92,148.66,145.08,57772,309455072.0,2.46,1.53,2.23,1.14
2021-04-21,002557,147.41,151.04,151.12,146.65,62074,340064032.0,3.02,2.11,3.12,1.22
2021-04-22,002557,152.69,148.3,152.69,145.89,81380,440315216.0,4.5,-1.81,-2.74,1.61
2021-04-23,002557,149.19,148.3,149.87,146.02,48798,263953108.0,2.6,0.0,0.0,0.96
2021-04-26,002557,148.35,143.38,149.44,142.85,49607,263417482.0,4.44,-3.32,-4.92,0.98
2021-04-27,002557,143.71,147.44,147.67,142.6,41488,219573439.0,3.54,2.83,4.06,0.82
2021-04-28,002557,147.29,151.07,151.09,145.92,47515,260046139.0,3.51,2.46,3.63,0.94
2021-04-29,002557,151.7,148.02,151.72,145.39,35321,190668302.0,4.19,-2.02,-3.05,0.7
2021-04-30,002557,148.78,147.79,148.81,146.3,24458,131836563.0,1.7,-0.16,-0.23,0.48
2021-05-06,002557,147.52,141.15,147.79,140.39,57550,298536208.0,5.01,-4.49,-6.64,1.14
2021-05-07,002557,144.37,140.87,145.89,140.39,42202,218864293.0,3.9,-0.2,-0.28,0.83
2021-05-10,002557,138.09,138.49,141.25,137.53,31016,156837631.0,2.64,-1.69,-2.38,0.61
2021-05-11,002557,138.21,140.27,142.19,137.48,30996,157179289.0,3.4,1.29,1.78,0.61
2021-05-12,002557,140.32,144.63,145.08,138.92,30586,158536282.0,4.39,3.11,4.36,0.6
2021-05-13,002557,144.37,146.53,146.73,142.8,37318,196950062.0,2.72,1.31,1.9,0.74
2021-05-14,002557,147.06,145.03,147.26,143.84,29189,154997975.0,2.33,-1.02,-1.5,0.58
2021-05-17,002557,144.6,149.67,152.0,144.12,49516,270247568.0,5.43,3.2,4.64,0.98
2021-05-18,002557,149.7,149.52,150.43,147.54,18001,98000220.0,1.93,-0.1,-0.15,0.36
2021-05-19,002557,149.52,143.87,149.54,143.31,40625,215358860.0,4.17,-3.78,-5.65,0.8
2021-05-20,002557,144.63,142.98,146.15,141.74,42737,223498173.0,3.07,-0.62,-0.89,0.84
2021-05-21,002557,143.61,141.1,146.22,140.32,46188,239659739.0,4.13,-1.31,-1.88,0.91
2021-05-24,002557,140.98,143.26,143.43,139.78,29267,151270508.0,2.59,1.53,2.16,0.58
2021-05-25,002557,143.49,147.74,148.23,142.34,43729,232854819.0,4.11,3.13,4.48,0.86
2021-05-26,002557,148.1,148.66,149.59,146.25,35453,191883354.0,2.26,0.62,0.92,0.7
2021-05-27,002557,147.67,148.68,150.03,147.16,39472,214651712.0,1.93,0.01,0.02,0.78
2021-05-28,002557,149.7,143.49,149.95,142.57,45022,238055825.0,4.96,-3.49,-5.19,0.89
2021-05-31,002557,142.67,140.57,144.17,139.84,66673,342516528.0,3.02,-2.03,-2.92,1.32
2021-06-01,002557,140.57,140.04,141.38,139.25,47064,239686200.0,1.52,-0.38,-0.53,0.93
2021-06-02,002557,140.32,137.71,140.54,137.53,46152,231938861.0,2.15,-1.66,-2.33,0.91
2021-06-03,002557,137.78,140.37,141.2,136.56,51979,263266245.0,3.37,1.93,2.66,1.03
2021-06-04,002557,140.32,141.76,142.04,139.48,35756,183969244.0,1.82,0.99,1.39,0.71
2021-06-07,002557,141.76,141.2,142.47,140.34,29886,153608272.0,1.5,-0.4,-0.56,0.59
2021-06-08,002557,141.63,137.0,141.63,134.99,51612,257294570.0,4.7,-2.97,-4.2,1.02
2021-06-09,002557,136.44,135.65,137.6,134.74,30568,150474997.0,2.09,-0.99,-1.35,0.6
2021-06-10,002557,136.64,134.89,136.74,134.77,28560,140003004.0,1.45,-0.56,-0.76,0.56
2021-06-11,002557,134.79,131.9,134.94,130.68,46821,219966310.0,3.16,-2.22,-2.99,0.92
2021-06-15,002557,131.65,124.45,131.65,123.38,90746,403733648.0,6.27,-5.65,-7.45,1.79
2021-06-16,002557,124.55,123.33,125.28,122.47,50470,220162808.0,2.26,-0.9,-1.12,1.0
2021-06-17,002557,125.59,127.82,130.08,125.23,79076,358945376.0,3.93,3.64,4.49,1.56
2021-06-18,002557,127.46,131.34,131.6,126.63,69547,319767392.0,3.89,2.75,3.52,1.37
2021-06-21,002557,131.19,128.02,131.32,127.92,37731,172810531.0,2.59,-2.53,-3.32,0.74
2021-06-22,002557,128.05,127.41,129.37,126.96,26013,117937431.0,1.88,-0.48,-0.61,0.51
2021-06-23,002557,127.24,127.64,128.35,124.6,36408,163343285.0,2.94,0.18,0.23,0.72
2021-06-24,002557,127.49,126.48,127.95,125.36,23301,104067821.0,2.03,-0.91,-1.16,0.46
2021-06-25,002557,126.35,126.5,127.34,125.54,33858,151543158.0,1.42,0.02,0.02,0.67
2021-06-28,002557,126.32,125.87,127.06,125.26,44135,196342705.0,1.42,-0.5,-0.63,0.87
2021-06-29,002557,125.79,123.69,125.82,123.33,41223,180800469.0,1.98,-1.73,-2.18,0.81
2021-06-30,002557,124.35,122.32,124.5,122.22,24287,105600075.0,1.84,-1.11,-1.37,0.48
2021-07-01,002557,122.44,128.45,129.57,121.3,64914,290457328.0,6.76,5.01,6.13,1.28
2021-07-02,002557,129.67,125.92,132.71,124.35,91518,416837840.0,6.51,-1.97,-2.53,1.81
2021-07-05,002557,124.57,121.2,124.57,119.78,66321,284151088.0,3.8,-3.75,-4.72,1.31
2021-07-06,002557,120.11,118.39,121.0,116.01,74338,306943152.0,4.12,-2.32,-2.81,1.47
2021-07-07,002557,119.23,116.94,119.23,116.61,55802,230564613.0,2.21,-1.22,-1.45,1.1
2021-07-08,002557,117.43,114.61,117.63,114.26,59289,238701660.0,2.88,-1.99,-2.33,1.17
2021-07-09,002557,114.59,116.36,116.61,113.7,41379,166825061.0,2.54,1.53,1.75,0.82
2021-07-12,002557,116.23,116.36,117.25,115.09,57152,232258542.0,1.86,0.0,0.0,1.13
2021-07-13,002557,116.61,119.99,120.24,115.22,51923,216068678.0,4.31,3.12,3.63,1.02
2021-07-14,002557,119.53,123.74,125.06,118.54,91762,398598448.0,5.43,3.13,3.75,1.81
2021-07-15,002557,123.15,118.59,123.33,116.69,73796,308544000.0,5.37,-4.16,-5.15,1.46
2021-07-16,002557,118.59,115.73,119.12,115.22,68868,280451744.0,3.29,-2.41,-2.86,1.36
2021-07-19,002557,114.97,114.18,116.28,111.75,56016,222218628.0,3.91,-1.34,-1.55,1.1
2021-07-20,002557,114.46,114.79,116.13,113.7,32038,128796308.0,2.13,0.53,0.61,0.63
2021-07-21,002557,114.87,113.47,116.69,112.84,56676,226409241.0,3.35,-1.15,-1.32,1.12
2021-07-22,002557,113.45,112.15,114.21,111.67,39880,156465427.0,2.24,-1.16,-1.32,0.79
2021-07-23,002557,112.05,108.96,112.08,108.12,64245,243268642.0,3.53,-2.84,-3.19,1.27
2021-07-26,002557,109.29,108.33,109.62,106.6,53325,199646840.0,2.77,-0.58,-0.63,1.05
2021-07-27,002557,108.68,105.08,109.29,104.47,67131,245552229.0,4.45,-3.0,-3.25,1.32
2021-07-28,002557,104.27,106.63,107.06,103.81,57794,210623812.0,3.09,1.48,1.55,1.14
2021-07-29,002557,107.46,105.59,108.15,103.81,85561,312409840.0,4.07,-0.98,-1.04,1.69
2021-07-30,002557,105.21,108.71,108.81,104.35,62483,231379616.0,4.22,2.95,3.12,1.23
2021-08-02,002557,107.84,111.95,112.76,105.61,71735,274985440.0,6.58,2.98,3.24,1.41
2021-08-03,002557,111.42,114.66,115.52,110.66,72934,290595808.0,4.34,2.42,2.71,1.44
2021-08-04,002557,119.53,113.83,119.53,112.08,68377,271763952.0,6.5,-0.72,-0.83,1.35
2021-08-05,002557,113.19,114.08,115.7,112.43,39610,158276486.0,2.87,0.22,0.25,0.78
2021-08-06,002557,113.19,112.05,114.49,110.68,39519,154846261.0,3.34,-1.78,-2.03,0.78
2021-08-09,002557,111.67,121.96,121.96,111.54,88067,367748048.0,9.3,8.84,9.91,1.74
2021-08-10,002557,121.1,128.53,131.9,119.17,169654,759250512.0,10.44,5.39,6.57,3.35
2021-08-11,002557,128.5,127.36,129.67,125.87,72241,327001056.0,2.96,-0.91,-1.17,1.42
2021-08-12,002557,127.29,122.14,127.29,122.06,79676,347631216.0,4.11,-4.1,-5.22,1.57
2021-08-13,002557,121.81,120.49,123.23,118.85,52868,223735618.0,3.59,-1.35,-1.65,1.04
2021-08-16,002557,121.33,124.3,128.12,119.63,67343,295154912.0,7.05,3.16,3.81,1.33
2021-08-17,002557,123.59,120.59,126.6,119.88,61818,267007273.0,5.41,-2.98,-3.71,1.22
2021-08-18,002557,120.57,117.76,121.1,115.78,48658,201221183.0,4.41,-2.35,-2.83,0.96
2021-08-19,002557,117.63,118.16,120.82,117.05,41276,172387356.0,3.2,0.34,0.4,0.81
2021-08-20,002557,112.76,113.8,114.84,109.62,87729,343615040.0,4.42,-3.69,-4.36,1.73
2021-08-23,002557,113.45,117.98,118.54,110.66,62656,254456506.0,6.92,3.67,4.18,1.24
2021-08-24,002557,117.05,113.19,117.53,111.92,82174,328439712.0,4.76,-4.06,-4.79,1.62
2021-08-25,002557,112.69,114.21,115.55,112.43,35395,141284665.0,2.76,0.9,1.02,0.7
2021-08-26,002557,114.13,113.07,115.73,111.65,43297,171439490.0,3.57,-1.0,-1.14,0.85
2021-08-27,002557,113.47,111.49,113.5,110.53,47956,186337611.0,2.63,-1.4,-1.58,0.95
2021-08-30,002557,110.56,108.91,110.56,106.91,61375,230779458.0,3.27,-2.31,-2.58,1.21
2021-08-31,002557,108.83,105.87,109.85,104.45,69835,256334843.0,4.96,-2.79,-3.04,1.38
2021-09-01,002557,106.58,111.72,112.25,104.37,77511,293107664.0,7.44,5.53,5.85,1.53
2021-09-02,002557,111.16,108.58,111.42,107.84,61421,232810681.0,3.2,-2.81,-3.14,1.21
2021-09-03,002557,108.07,110.66,111.42,106.25,49852,189917084.0,4.76,1.92,2.08,0.98
2021-09-06,002557,109.64,114.97,117.2,109.64,67156,267703551.0,6.83,3.89,4.31,1.32
2021-09-07,002557,116.77,125.16,125.16,115.25,141304,606981536.0,8.62,8.86,10.19,2.79
2021-09-08,002557,123.84,120.54,125.08,119.78,86279,370048880.0,4.23,-3.69,-4.62,1.7
2021-09-09,002557,119.53,120.59,121.53,118.64,39847,168943399.0,2.4,0.04,0.05,0.79
2021-09-10,002557,120.59,119.78,121.23,118.77,35217,148477505.0,2.04,-0.67,-0.81,0.69
2021-09-13,002557,120.8,118.39,120.8,116.99,32947,137068307.0,3.18,-1.16,-1.39,0.65
2021-09-14,002557,118.26,118.29,120.92,116.99,41827,174056115.0,3.32,-0.08,-0.1,0.82
2021-09-15,002557,117.88,115.98,117.88,114.28,42299,171230281.0,3.04,-1.95,-2.31,0.83
2021-09-16,002557,115.98,120.49,123.54,114.84,55315,233263785.0,7.5,3.89,4.51,1.09
2021-09-17,002557,120.37,123.71,127.9,117.5,73366,320182032.0,8.63,2.67,3.22,1.45
2021-09-22,002557,122.39,124.04,125.72,120.39,38531,167797621.0,4.31,0.27,0.33,0.76
2021-09-23,002557,122.72,125.49,126.7,122.06,51402,227285957.0,3.74,1.17,1.45,1.01
2021-09-24,002557,125.54,131.09,132.97,124.32,103471,481669696.0,6.89,4.46,5.6,2.04
2021-09-27,002557,131.88,133.98,136.51,130.53,98789,470370912.0,4.56,2.2,2.89,1.95
2021-09-28,002557,132.2,133.62,133.98,127.92,64257,301655072.0,4.52,-0.27,-0.36,1.27
2021-09-29,002557,131.39,129.16,133.47,128.02,49156,225418015.0,4.08,-3.34,-4.46,0.97
2021-09-30,002557,129.19,130.89,131.82,128.66,39437,182872304.0,2.45,1.34,1.73,0.78
2021-10-08,002557,131.27,134.03,134.23,130.38,36180,170594265.0,2.94,2.4,3.14,0.71
2021-10-11,002557,133.5,132.97,134.94,130.13,36506,172340169.0,3.59,-0.79,-1.06,0.72
2021-10-12,002557,131.9,132.64,134.74,130.46,48468,228497068.0,3.22,-0.25,-0.33,0.96
2021-10-13,002557,132.38,134.77,138.42,132.38,65587,316754192.0,4.55,1.61,2.13,1.29
2021-10-14,002557,135.25,130.94,135.58,127.69,61495,284485216.0,5.85,-2.84,-3.83,1.21
2021-10-15,002557,130.13,128.4,132.58,127.13,43833,201357943.0,4.16,-1.94,-2.54,0.86
2021-10-18,002557,128.48,124.14,128.58,123.59,48039,211363702.0,3.89,-3.32,-4.26,0.95
2021-10-19,002557,123.92,130.18,132.43,123.23,53145,241540240.0,7.41,4.87,6.04,1.05
2021-10-20,002557,131.34,127.03,134.38,126.5,42006,191427359.0,6.05,-2.42,-3.15,0.83
2021-10-21,002557,128.99,125.92,128.99,125.39,26883,120208817.0,2.83,-0.87,-1.11,0.53
2021-10-22,002557,126.2,137.2,137.2,126.12,124683,600857184.0,8.8,8.96,11.28,2.46
2021-10-25,002557,138.52,147.34,149.62,138.31,224653,1159512288.0,8.24,7.39,10.14,4.43
2021-10-26,002557,147.52,142.95,147.92,141.84,101396,525196032.0,4.13,-2.98,-4.39,2.0
2021-10-27,002557,142.72,141.94,144.3,138.92,70922,359408528.0,3.76,-0.71,-1.01,1.4
2021-10-28,002557,141.76,151.72,154.82,140.32,114029,607488864.0,10.22,6.89,9.78,2.25
2021-10-29,002557,148.3,157.3,161.53,147.69,155899,881353200.0,9.12,3.68,5.58,3.07
2021-11-01,002557,157.05,156.01,158.37,150.46,91577,511977024.0,5.03,-0.82,-1.29,1.81
2021-11-02,002557,154.97,160.06,162.65,152.69,110135,634553568.0,6.38,2.6,4.05,2.17
2021-11-03,002557,159.08,159.05,163.97,155.05,79612,461249696.0,5.57,-0.63,-1.01,1.57
2021-11-04,002557,159.05,158.19,162.93,157.12,74692,431193024.0,3.65,-0.54,-0.86,1.47
2021-11-05,002557,157.76,156.39,159.46,155.05,53867,306102176.0,2.79,-1.14,-1.8,1.06
2021-11-08,002557,153.35,156.16,157.3,153.35,49539,278501376.0,2.53,-0.15,-0.23,0.98
2021-11-09,002557,155.02,155.02,159.08,153.88,34124,192241313.0,3.33,-0.73,-1.14,0.67
2021-11-10,002557,156.03,153.55,156.11,148.81,56448,309132048.0,4.71,-0.95,-1.47,1.11
2021-11-11,002557,152.84,153.57,156.08,151.98,44887,249468916.0,2.67,0.01,0.02,0.89
2021-11-12,002557,155.02,151.14,155.02,148.76,58144,315779856.0,4.08,-1.58,-2.43,1.15
2021-11-15,002557,151.09,155.5,157.28,148.99,60927,338889248.0,5.48,2.88,4.36,1.2
2021-11-16,002557,154.82,151.83,158.01,151.27,53342,295114656.0,4.33,-2.36,-3.67,1.05
2021-11-17,002557,152.28,154.61,155.78,149.98,49396,273505248.0,3.82,1.83,2.78,0.97
2021-11-18,002557,154.56,153.27,159.66,151.22,59429,333425200.0,5.46,-0.87,-1.34,1.17
2021-11-19,002557,150.99,152.89,154.46,150.86,28210,155515773.0,2.35,-0.25,-0.38,0.56
2021-11-22,002557,153.6,151.09,153.88,149.11,44574,242520125.0,3.12,-1.18,-1.8,0.88
2021-11-23,002557,150.94,149.19,152.16,146.91,55424,297522128.0,3.47,-1.26,-1.9,1.09
2021-11-24,002557,149.62,150.84,153.25,148.94,31934,173828859.0,2.89,1.11,1.65,0.63
2021-11-25,002557,151.04,150.2,152.86,147.16,35118,188590296.0,3.78,-0.42,-0.64,0.69
2021-11-26,002557,150.13,148.78,150.2,146.96,21254,113335436.0,2.16,-0.95,-1.42,0.42
2021-11-29,002557,148.38,150.28,150.56,144.83,32197,171567245.0,3.85,1.01,1.5,0.64
2021-11-30,002557,149.95,148.89,153.4,147.41,29864,160575558.0,3.99,-0.92,-1.39,0.59
2021-12-01,002557,149.19,147.09,149.62,145.89,33697,178513413.0,2.51,-1.21,-1.8,0.66
2021-12-02,002557,147.03,147.69,150.71,146.86,28972,155098287.0,2.62,0.41,0.6,0.57
2021-12-03,002557,148.99,150.2,151.22,146.81,39419,212436084.0,2.99,1.7,2.51,0.78
2021-12-06,002557,150.2,149.67,156.79,148.73,42797,234876816.0,5.37,-0.35,-0.53,0.84
2021-12-07,002557,149.62,154.79,161.61,148.96,66885,376682704.0,8.45,3.42,5.12,1.32
2021-12-08,002557,155.37,160.32,163.54,154.51,75810,438970432.0,5.83,3.57,5.53,1.5
2021-12-09,002557,160.06,159.38,163.89,158.82,64356,376087504.0,3.16,-0.59,-0.94,1.27
2021-12-10,002557,159.58,159.63,161.38,156.79,35426,203623514.0,2.88,0.16,0.25,0.7
2021-12-13,002557,159.63,159.66,162.9,157.61,39559,230015349.0,3.31,0.02,0.03,0.78
2021-12-14,002557,158.92,156.79,158.92,155.53,40128,227852099.0,2.12,-1.8,-2.87,0.79
2021-12-15,002557,156.64,154.06,157.25,152.0,67417,373475760.0,3.35,-1.74,-2.73,1.33
2021-12-16,002557,153.5,162.42,165.11,152.74,61259,354962704.0,8.03,5.43,8.36,1.21
2021-12-17,002557,164.63,161.21,164.8,158.24,37560,218136535.0,4.04,-0.74,-1.21,0.74
2021-12-20,002557,159.71,161.46,164.91,158.24,47941,280902816.0,4.14,0.16,0.25,0.95
2021-12-21,002557,159.71,167.01,169.47,159.71,55069,334346016.0,6.04,3.44,5.55,1.09
2021-12-22,002557,166.98,165.24,168.51,163.39,43103,259236547.0,3.07,-1.06,-1.77,0.85
2021-12-23,002557,164.65,166.45,167.82,163.92,28334,170973972.0,2.36,0.73,1.21,0.56
2021-12-24,002557,168.48,178.6,179.48,166.93,87753,562088704.0,7.54,7.3,12.15,1.73
2021-12-27,002557,178.6,176.72,181.71,174.79,65953,428272096.0,3.87,-1.05,-1.88,1.3
2021-12-28,002557,173.8,173.73,176.54,171.75,52567,332664976.0,2.71,-1.69,-2.99,1.04
2021-12-29,002557,173.32,168.96,174.24,168.51,45729,284680880.0,3.3,-2.75,-4.77,0.9
2021-12-30,002557,167.21,168.46,169.65,166.0,38857,236722415.0,2.16,-0.3,-0.5,0.77
2021-12-31,002557,168.46,168.61,169.01,165.62,39878,243225618.0,2.01,0.09,0.15,0.79
2022-01-04,002557,167.64,169.93,170.58,159.48,67649,405407248.0,6.58,0.78,1.32,1.33
2022-01-05,002557,169.49,161.97,171.95,160.09,66989,401173488.0,6.98,-4.68,-7.96,1.32
2022-01-06,002557,160.77,160.19,164.32,155.12,59134,342525424.0,5.68,-1.1,-1.78,1.17
2022-01-07,002557,162.45,157.0,162.45,156.29,38645,221678212.0,3.85,-1.99,-3.19,0.76
2022-01-10,002557,155.78,159.0,159.41,154.01,40111,227891737.0,3.44,1.27,2.0,0.79
2022-01-11,002557,158.82,156.74,158.82,154.51,39774,224653714.0,2.71,-1.42,-2.26,0.78
2022-01-12,002557,156.9,159.03,160.34,155.6,35457,203068110.0,3.02,1.46,2.29,0.7
2022-01-13,002557,155.91,154.77,159.43,153.14,36318,204931084.0,3.96,-2.68,-4.26,0.72
2022-01-14,002557,153.25,152.23,156.41,151.39,26095,144528574.0,3.24,-1.64,-2.54,0.51
2022-01-17,002557,152.08,154.72,156.03,150.23,28548,159155952.0,3.81,1.64,2.49,0.56
2022-01-18,002557,154.21,153.25,154.69,151.07,30503,167892499.0,2.34,-0.95,-1.47,0.6
2022-01-19,002557,152.86,157.48,158.57,151.47,33090,185729245.0,4.63,2.76,4.23,0.65
2022-01-20,002557,157.25,159.08,160.6,153.25,37549,215041121.0,4.67,1.02,1.6,0.74
2022-01-21,002557,159.08,160.39,166.63,157.17,49438,289366464.0,5.95,0.82,1.31,0.98
2022-01-24,002557,158.72,160.19,162.07,155.3,37701,217841652.0,4.22,-0.12,-0.2,0.74
2022-01-25,002557,159.51,155.75,160.01,155.07,24723,140664016.0,3.08,-2.77,-4.44,0.49
2022-01-26,002557,154.97,155.75,158.47,154.03,19717,111447091.0,2.85,0.0,0.0,0.39
2022-01-27,002557,156.14,153.17,157.07,150.25,38524,212950228.0,4.38,-1.66,-2.58,0.76
2022-01-28,002557,155.37,151.8,157.0,150.25,26559,146509260.0,4.41,-0.89,-1.37,0.52
2022-02-07,002557,152.71,151.47,155.65,150.71,26146,144079852.0,3.25,-0.22,-0.33,0.52
2022-02-08,002557,151.42,153.25,153.35,145.16,34384,185415387.0,5.41,1.18,1.78,0.68
2022-02-09,002557,153.02,157.1,158.29,151.75,22543,126598099.0,4.27,2.51,3.85,0.44
2022-02-10,002557,157.05,159.61,164.63,156.31,36048,208536646.0,5.3,1.6,2.51,0.71
2022-02-11,002557,158.26,160.17,162.35,157.17,25761,149480969.0,3.25,0.35,0.56,0.51
2022-02-14,002557,159.23,156.52,160.6,154.61,25885,146563602.0,3.74,-2.28,-3.65,0.51
2022-02-15,002557,156.31,155.32,158.82,153.57,23752,133357972.0,3.35,-0.77,-1.2,0.47
2022-02-16,002557,155.17,155.15,155.78,149.95,24397,134601639.0,3.75,-0.11,-0.17,0.48
2022-02-17,002557,155.27,155.27,158.62,153.45,24260,136252153.0,3.33,0.08,0.12,0.48
2022-02-18,002557,154.89,152.71,155.27,150.71,27336,150355496.0,2.94,-1.65,-2.56,0.54
2022-02-21,002557,152.66,150.81,153.88,148.68,26167,142190463.0,3.41,-1.24,-1.9,0.52
2022-02-22,002557,149.29,149.19,150.05,146.48,27138,144583448.0,2.37,-1.07,-1.62,0.54
2022-02-23,002557,155.15,156.29,159.51,153.9,73801,417512976.0,3.76,4.76,7.1,1.46
2022-02-24,002557,159.84,161.36,166.68,158.09,90003,526457856.0,5.5,3.24,5.07,1.78
2022-02-25,002557,162.85,161.36,166.28,160.09,56761,335655712.0,3.84,0.0,0.0,1.12
2022-02-28,002557,160.09,164.15,165.36,159.51,48717,289403792.0,3.63,1.73,2.79,0.96
2022-03-01,002557,164.17,164.02,165.97,160.47,47023,278443632.0,3.35,-0.08,-0.13,0.93
2022-03-02,002557,163.21,162.19,164.1,160.12,23544,138255918.0,2.43,-1.12,-1.83,0.46
2022-03-03,002557,163.18,159.03,163.18,156.97,23915,137273404.0,3.83,-1.95,-3.16,0.47
2022-03-04,002557,157.76,162.24,162.98,154.08,41411,241261714.0,5.6,2.02,3.21,0.82
2022-03-07,002557,159.61,158.14,159.61,155.1,40252,229426865.0,2.78,-2.53,-4.1,0.79
2022-03-08,002557,159.03,153.37,160.9,152.79,33811,191913759.0,5.13,-3.02,-4.77,0.67
2022-03-09,002557,154.77,149.98,156.06,143.61,40880,219872563.0,8.12,-2.21,-3.39,0.81
2022-03-10,002557,151.09,144.98,152.89,143.54,58055,304971200.0,6.23,-3.33,-5.0,1.15
2022-03-11,002557,141.46,141.53,143.87,138.87,74146,373424080.0,3.45,-2.38,-3.45,1.46
2022-03-14,002557,141.13,136.49,141.94,135.5,57808,284241152.0,4.55,-3.56,-5.04,1.14
2022-03-15,002557,134.0,126.32,134.0,126.22,99279,457877792.0,5.7,-7.45,-10.17,1.96
2022-03-16,002557,127.95,130.94,133.47,124.22,74035,339701376.0,7.32,3.66,4.62,1.46
2022-03-17,002557,136.82,137.91,142.57,136.26,114685,571553408.0,4.82,5.32,6.97,2.26
2022-03-18,002557,136.92,137.38,138.87,132.03,67071,326058560.0,4.96,-0.38,-0.53,1.32
2022-03-21,002557,137.02,143.36,144.78,137.02,53879,274657520.0,5.65,4.35,5.98,1.06
2022-03-22,002557,142.34,141.84,144.02,140.32,27756,140865705.0,2.58,-1.06,-1.52,0.55
2022-03-23,002557,142.27,141.36,143.76,140.27,35959,182713177.0,2.46,-0.34,-0.48,0.71
2022-03-24,002557,139.13,140.22,143.05,139.13,24775,124696261.0,2.77,-0.81,-1.14,0.49
2022-03-25,002557,140.22,139.58,143.59,137.81,38230,192577004.0,4.12,-0.46,-0.64,0.75
2022-03-28,002557,137.73,137.45,139.53,135.63,42313,207623009.0,2.79,-1.53,-2.13,0.83
2022-03-29,002557,137.27,139.38,142.09,136.79,38436,192326335.0,3.86,1.4,1.93,0.76
2022-03-30,002557,143.49,145.51,145.64,139.94,44981,233224452.0,4.09,4.4,6.13,0.89
2022-03-31,002557,145.44,149.32,150.94,144.17,37189,199132288.0,4.65,2.62,3.81,0.73
2022-04-01,002557,148.43,149.24,151.98,144.58,33183,178537100.0,4.96,-0.05,-0.08,0.65
2022-04-06,002557,148.56,147.52,148.83,143.11,35908,188050037.0,3.83,-1.15,-1.72,0.71
2022-04-07,002557,147.44,146.98,150.46,145.08,33797,179021430.0,3.65,-0.37,-0.54,0.67
2022-04-08,002557,148.56,149.06,150.15,144.88,31300,166122959.0,3.59,1.42,2.08,0.62
2022-04-11,002557,151.22,156.62,159.18,150.08,87866,495859920.0,6.1,5.07,7.56,1.73
2022-04-12,002557,157.55,159.81,161.66,156.62,72081,415834960.0,3.22,2.04,3.19,1.42
2022-04-13,002557,159.76,153.17,159.89,152.18,41318,232488462.0,4.82,-4.15,-6.64,0.81
2022-04-14,002557,155.73,154.97,158.06,151.22,32679,183708029.0,4.47,1.18,1.8,0.64
2022-04-15,002557,155.58,162.8,163.13,151.22,40461,230139456.0,7.69,5.05,7.83,0.8
2022-04-18,002557,160.95,160.32,161.33,155.1,61349,350742976.0,3.83,-1.52,-2.48,1.21
2022-04-19,002557,158.57,156.57,159.33,152.76,74185,417680224.0,4.1,-2.34,-3.75,1.46
2022-04-20,002557,156.97,163.31,165.89,155.3,70763,417532256.0,6.76,4.3,6.74,1.4
2022-04-21,002557,163.31,160.04,165.51,159.53,47555,279326704.0,3.66,-2.0,-3.27,0.94
2022-04-22,002557,158.64,159.51,161.36,156.54,41741,239312763.0,3.01,-0.33,-0.53,0.82
2022-04-25,002557,157.55,156.29,163.23,153.75,67935,391445872.0,5.94,-2.02,-3.22,1.34
2022-04-26,002557,157.73,158.26,163.89,156.49,72673,420101808.0,4.73,1.26,1.97,1.43
2022-04-27,002557,156.9,158.54,159.53,153.63,43924,249449895.0,3.73,0.18,0.28,0.87
2022-04-28,002557,152.94,147.87,155.48,144.88,112951,603446000.0,6.69,-6.73,-10.67,2.23
2022-04-29,002557,147.87,147.74,151.22,145.89,69859,372983248.0,3.6,-0.09,-0.13,1.38
2022-05-05,002557,153.12,154.56,160.98,150.76,75670,425758016.0,6.92,4.62,6.82,1.49
2022-05-06,002557,154.59,152.66,154.89,146.91,45430,248647752.0,5.16,-1.23,-1.9,0.9
2022-05-09,002557,151.07,159.76,160.6,149.37,49293,280875264.0,7.36,4.65,7.1,0.97
2022-05-10,002557,160.98,158.01,161.0,155.78,43705,249557290.0,3.27,-1.1,-1.75,0.86
2022-05-11,002557,157.23,151.22,157.53,150.38,77551,425931456.0,4.53,-4.3,-6.79,1.53
2022-05-12,002557,148.25,150.03,153.27,146.4,45630,247130265.0,4.54,-0.79,-1.19,0.9
2022-05-13,002557,149.27,149.54,151.8,148.12,30235,162749395.0,2.45,-0.33,-0.49,0.6
2022-05-16,002557,149.52,148.3,149.52,147.03,25342,134835612.0,1.67,-0.83,-1.24,0.5
2022-05-17,002557,148.3,146.35,148.58,144.58,31211,163493043.0,2.7,-1.31,-1.95,0.62
2022-05-18,002557,145.54,148.38,149.9,141.36,44840,235162351.0,5.84,1.39,2.03,0.88
2022-05-19,002557,145.97,149.57,151.34,144.88,27391,146703680.0,4.35,0.8,1.19,0.54
2022-05-20,002557,148.68,155.02,156.24,148.43,39023,216827707.0,5.22,3.64,5.45,0.77
2022-05-23,002557,155.02,151.72,155.02,149.19,46394,253752619.0,3.76,-2.13,-3.3,0.92
2022-05-24,002557,150.38,150.18,153.52,149.19,29471,160441671.0,2.85,-1.02,-1.54,0.58
2022-05-25,002557,150.2,150.3,152.28,148.63,23215,125366593.0,2.43,0.08,0.12,0.46
2022-05-26,002557,150.2,149.09,151.07,146.78,23708,126691787.0,2.85,-0.81,-1.21,0.47
2022-05-27,002557,150.0,148.33,150.3,145.84,28711,152397760.0,2.99,-0.51,-0.76,0.57
2022-05-30,002557,150.36,147.72,152.48,146.4,32581,173805950.0,4.1,-0.41,-0.61,0.64
2022-05-31,002557,147.74,153.73,154.72,146.12,45717,251064674.0,5.82,4.07,6.01,0.9
2022-06-01,002557,153.73,145.87,154.03,145.39,60706,322802896.0,5.62,-5.11,-7.86,1.2
2022-06-02,002557,145.56,150.13,152.79,144.37,57171,307896160.0,5.77,2.92,4.26,1.13
2022-06-06,002557,150.0,157.23,158.06,149.29,57425,323983888.0,5.84,4.73,7.1,1.13
2022-06-07,002557,157.96,157.93,159.58,155.6,38399,219326993.0,2.53,0.45,0.7,0.76
2022-06-08,002557,156.54,154.56,157.55,152.76,42410,237156033.0,3.03,-2.13,-3.37,0.84
2022-06-09,002557,152.94,149.62,155.02,148.94,52088,282795040.0,3.93,-3.2,-4.94,1.03
2022-06-10,002557,149.34,151.95,154.26,147.57,44523,242077073.0,4.47,1.56,2.33,0.88
2022-06-13,002557,152.05,151.42,152.16,146.65,36937,199250090.0,3.63,-0.35,-0.53,0.73
2022-06-14,002557,149.44,152.74,152.97,147.87,28366,153729156.0,3.37,0.87,1.32,0.56
2022-06-15,002557,152.41,154.69,159.76,151.67,37062,209166957.0,5.3,1.28,1.95,0.73
2022-06-16,002557,155.25,160.09,164.63,155.25,54762,319986880.0,6.06,3.49,5.4,1.08
2022-06-17,002557,158.39,156.44,159.2,154.79,34786,196858914.0,2.75,-2.28,-3.65,0.69
2022-06-20,002557,157.81,153.9,157.83,152.43,61743,342998320.0,3.45,-1.62,-2.54,1.22
2022-06-21,002557,153.75,151.93,155.53,149.7,44413,242866514.0,3.79,-1.28,-1.97,0.88
2022-06-22,002557,151.34,148.38,151.85,148.3,46791,247751934.0,2.34,-2.34,-3.55,0.92
2022-06-23,002557,149.39,152.1,152.61,146.78,46257,245946474.0,3.93,2.51,3.72,0.91
2022-06-24,002557,152.16,155.27,155.4,150.33,46283,251984592.0,3.33,2.08,3.17,0.91
2022-06-27,002557,155.25,158.9,161.23,154.08,61798,349244688.0,4.6,2.34,3.63,1.22
2022-06-28,002557,158.72,154.34,160.34,153.83,40301,222552467.0,4.1,-2.87,-4.56,0.79
2022-06-29,002557,155.88,156.11,157.68,152.56,53576,297605136.0,3.32,1.15,1.77,1.06
2022-06-30,002557,156.29,159.53,161.89,156.11,61990,352436864.0,3.7,2.19,3.42,1.22
2022-07-01,002557,159.2,153.96,160.85,153.14,49002,270733408.0,4.83,-3.49,-5.57,0.97
2022-07-04,002557,154.64,156.34,158.14,153.37,44059,244621785.0,3.1,1.55,2.38,0.87
2022-07-05,002557,156.36,151.22,156.41,149.19,76449,409767344.0,4.62,-3.27,-5.12,1.51
2022-07-06,002557,151.83,148.81,151.95,147.06,50256,265179701.0,3.23,-1.59,-2.41,0.99
2022-07-07,002557,148.81,148.33,150.46,146.73,37604,197690346.0,2.51,-0.32,-0.48,0.74
2022-07-08,002557,150.0,145.77,150.0,144.91,49720,257573552.0,3.43,-1.73,-2.56,0.98
2022-07-11,002557,145.79,144.07,146.86,141.51,38742,196438227.0,3.67,-1.17,-1.7,0.76
2022-07-12,002557,143.69,140.39,144.83,140.22,43041,215332092.73,3.2,-2.55,-3.68,0.85
2022-07-13,002557,140.42,144.35,145.77,140.42,50924,258910608.15,3.81,2.82,3.96,1.0
2022-07-14,002557,144.35,143.64,145.26,142.47,29252,148530906.89,1.93,-0.49,-0.71,0.58
2022-07-15,002557,143.23,144.17,146.93,142.02,36464,187088458.87,3.42,0.37,0.53,0.72
2022-07-18,002557,144.47,142.4,145.26,141.96,35647,180252621.3,2.29,-1.23,-1.77,0.7
2022-07-19,002557,141.96,141.74,142.98,139.13,38112,188630051.0,2.7,-0.46,-0.66,0.75
2022-07-20,002557,142.07,143.03,145.26,140.47,28174,142206119.2,3.38,0.91,1.29,0.56
2022-07-21,002557,143.26,140.87,143.26,140.87,17597,87668019.29,1.67,-1.51,-2.16,0.35
2022-07-22,002557,140.82,138.09,141.89,136.79,25396,123566001.16,3.62,-1.97,-2.78,0.5
2022-07-25,002557,138.92,142.93,143.23,137.4,46949,234695439.69,4.22,3.5,4.84,0.93
2022-07-26,002557,142.22,143.05,145.92,142.22,25514,129642139.52,2.59,0.08,0.12,0.5
2022-07-27,002557,143.05,139.84,143.28,139.51,25827,127736126.25,2.64,-2.24,-3.21,0.51
2022-07-28,002557,140.16,138.67,141.13,137.65,33065,161615750.06,2.49,-0.84,-1.17,0.65
2022-07-29,002557,138.72,136.39,138.92,133.29,53583,254305592.6,4.06,-1.64,-2.28,1.06
2022-08-01,002557,135.58,140.34,141.76,133.88,45141,220897648.57,5.78,2.9,3.95,0.89
2022-08-02,002557,138.62,141.96,142.4,137.38,75609,374196494.67,3.58,1.15,1.62,1.49
2022-08-03,002557,141.96,142.6,144.42,141.46,32111,161731427.8,2.09,0.45,0.64,0.63
2022-08-04,002557,142.12,148.1,149.65,140.7,73056,377538639.03,6.28,3.86,5.5,1.44
2022-08-05,002557,148.28,149.65,150.96,147.03,43457,229823806.66,2.65,1.05,1.55,0.86
2022-08-08,002557,149.57,149.37,150.84,147.03,37490,198028217.15,2.55,-0.19,-0.28,0.74
2022-08-09,002557,148.25,149.09,149.95,148.05,19654,103938321.54,1.27,-0.19,-0.28,0.39
2022-08-10,002557,148.3,147.79,151.09,146.98,21279,111816621.63,2.76,-0.87,-1.3,0.42
2022-08-11,002557,147.92,150.46,151.09,147.79,28885,153490936.55,2.23,1.81,2.67,0.57
2022-08-12,002557,150.48,151.29,151.9,149.06,38655,206611064.76,1.89,0.55,0.83,0.76
2022-08-15,002557,151.42,149.11,152.46,147.74,48643,256832902.43,3.12,-1.44,-2.18,0.96
2022-08-16,002557,148.25,147.19,150.46,146.22,44338,231512591.96,2.84,-1.29,-1.92,0.87
2022-08-17,002557,147.59,146.98,147.92,145.74,24899,128828511.89,1.48,-0.14,-0.21,0.49
2022-08-18,002557,146.88,148.56,149.54,145.79,45111,235863073.76,2.55,1.07,1.58,0.89
2022-08-19,002557,141.91,135.63,141.91,135.22,146894,699890664.28,4.5,-8.7,-12.93,2.9
2022-08-22,002557,137.1,135.58,138.29,134.36,77028,367915381.19,2.9,-0.04,-0.05,1.52
2022-08-23,002557,134.99,133.47,136.21,131.9,64244,300352076.27,3.18,-1.56,-2.11,1.27
2022-08-24,002557,135.32,132.41,135.53,132.13,41370,193111483.46,2.55,-0.79,-1.06,0.82
2022-08-25,002557,132.41,136.24,138.8,132.41,65354,312645433.12,4.83,2.89,3.83,1.29
2022-08-26,002557,136.56,134.26,138.21,133.6,42604,201953083.48,3.38,-1.45,-1.98,0.84
2022-08-29,002557,132.53,133.02,134.87,130.84,34599,160433988.91,3.0,-0.92,-1.24,0.68
2022-08-30,002557,132.91,134.77,136.89,129.92,61769,287894502.12,5.24,1.32,1.75,1.22
2022-08-31,002557,134.03,135.2,137.81,132.64,43786,207548069.12,3.84,0.32,0.43,0.86
2022-09-01,002557,133.6,133.32,134.77,132.64,31951,149130092.38,1.58,-1.39,-1.88,0.63
2022-09-02,002557,133.32,131.82,137.12,131.39,43708,205313038.27,4.3,-1.13,-1.5,0.86
2022-09-05,002557,131.67,130.73,131.67,128.55,28378,128492212.81,2.37,-0.83,-1.09,0.56
2022-09-06,002557,130.66,133.22,134.06,129.92,26096,121328288.96,3.17,1.9,2.49,0.51
2022-09-07,002557,132.79,133.37,135.37,131.95,23804,111509038.16,2.57,0.11,0.15,0.47
2022-09-08,002557,133.37,134.36,136.13,132.79,23056,108692102.87,2.5,0.74,0.99,0.45
2022-09-09,002557,133.6,135.47,136.13,133.4,22961,108356905.98,2.03,0.83,1.11,0.45
2022-09-13,002557,138.39,135.45,138.87,135.15,22547,107650563.3,2.75,-0.01,-0.02,0.44
2022-09-14,002557,135.25,134.79,136.03,133.98,15757,74257622.32,1.51,-0.49,-0.66,0.31
2022-09-15,002557,134.74,135.22,136.54,134.0,28188,133720104.63,1.88,0.32,0.43,0.56
2022-09-16,002557,135.6,135.68,137.4,133.88,27547,130170043.73,2.6,0.34,0.46,0.54
2022-09-19,002557,134.97,135.2,136.64,132.53,24558,115663186.97,3.03,-0.35,-0.48,0.48
2022-09-20,002557,135.27,135.32,136.77,133.85,16429,77765784.25,2.16,0.09,0.12,0.32
2022-09-21,002557,134.89,132.41,135.88,132.33,17951,83830487.22,2.62,-2.15,-2.91,0.35
2022-09-22,002557,131.82,129.54,132.66,129.54,14258,64963831.18,2.36,-2.17,-2.87,0.28
2022-09-23,002557,129.8,126.81,130.3,123.21,52060,228186718.02,5.47,-2.11,-2.73,1.03
2022-09-26,002557,126.58,132.28,132.97,125.31,59969,274048226.57,6.04,4.31,5.47,1.18
2022-09-27,002557,133.14,138.64,139.43,131.62,52093,249230959.52,5.9,4.81,6.36,1.03
2022-09-28,002557,139.43,137.17,140.16,136.64,36439,177059102.5,2.54,-1.06,-1.47,0.72
2022-09-29,002557,136.64,134.33,138.64,133.98,30478,145164574.87,3.4,-2.07,-2.84,0.6
2022-09-30,002557,134.36,132.0,135.32,131.67,19853,92282511.77,2.72,-1.73,-2.33,0.39
2022-10-10,002557,132.0,128.25,132.56,127.92,22109,99566944.28,3.52,-2.84,-3.75,0.44
2022-10-11,002557,127.87,126.75,128.83,124.78,49078,215004328.03,3.16,-1.17,-1.5,0.97
2022-10-12,002557,126.75,127.49,128.02,123.33,31131,135355546.21,3.7,0.58,0.74,0.61
2022-10-13,002557,126.75,125.82,130.51,125.49,28040,124620042.39,3.94,-1.31,-1.67,0.55
2022-10-14,002557,126.81,131.47,133.55,125.49,46101,209586389.94,6.41,4.49,5.65,0.91
2022-10-17,002557,129.64,127.26,132.69,126.02,38378,170908800.09,5.07,-3.2,-4.21,0.76
2022-10-18,002557,127.11,125.36,127.74,124.98,27543,120428499.25,2.17,-1.49,-1.9,0.54
2022-10-19,002557,125.13,120.24,125.23,120.01,53596,224478942.07,4.16,-4.08,-5.12,1.06
2022-10-20,002557,119.76,119.91,120.75,118.31,30252,124448957.31,2.03,-0.27,-0.33,0.6
2022-10-21,002557,118.79,119.66,120.16,117.37,28156,115419456.62,2.33,-0.21,-0.25,0.56
2022-10-24,002557,119.35,119.15,121.23,117.37,31231,128489418.31,3.23,-0.43,-0.51,0.62
2022-10-25,002557,117.88,115.85,119.48,115.4,35210,141359568.39,3.42,-2.77,-3.3,0.69
2022-10-26,002557,116.82,120.42,121.94,115.63,42360,175222989.08,5.45,3.94,4.57,0.84
2022-10-27,002557,122.44,126.15,129.21,121.68,65909,287917592.38,6.25,4.76,5.73,1.3
2022-10-28,002557,125.23,123.33,126.91,122.72,37364,160875113.94,3.32,-2.24,-2.82,0.74
2022-10-31,002557,121.68,127.21,128.45,119.48,37721,165010204.51,7.27,3.15,3.88,0.74
2022-11-01,002557,126.75,130.96,131.27,125.11,37966,169905987.8,4.84,2.95,3.75,0.75
2022-11-02,002557,129.54,134.97,136.08,129.54,41649,194640293.69,4.99,3.06,4.01,0.82
2022-11-03,002557,134.77,134.61,136.01,133.14,20079,94530511.08,2.13,-0.27,-0.36,0.4
2022-11-04,002557,133.4,137.91,141.1,133.14,31301,151943586.08,5.91,2.45,3.3,0.62
2022-11-07,002557,138.42,135.3,139.0,134.26,29572,140108777.46,3.44,-1.89,-2.61,0.58
2022-11-08,002557,135.96,134.71,136.59,133.75,17563,82696705.76,2.1,-0.44,-0.59,0.35
2022-11-09,002557,134.79,132.71,135.09,132.33,14449,67272927.99,2.05,-1.48,-2.0,0.28
2022-11-10,002557,132.71,134.41,134.64,131.57,17252,80410272.74,2.31,1.28,1.7,0.34
2022-11-11,002557,135.65,139.43,140.65,133.55,43556,210385425.46,5.28,3.73,5.02,0.86
2022-11-14,002557,140.04,133.95,140.57,133.09,35795,170115302.29,5.36,-3.93,-5.48,0.71
2022-11-15,002557,134.77,133.88,134.97,131.82,29936,139779396.16,2.35,-0.05,-0.07,0.59
2022-11-16,002557,134.13,133.5,135.4,132.89,31330,146822952.04,1.87,-0.28,-0.38,0.62
2022-11-17,002557,133.6,135.63,137.4,132.71,27775,131707804.15,3.51,1.6,2.13,0.55
2022-11-18,002557,135.02,136.06,137.65,134.21,25405,121487395.64,2.54,0.32,0.43,0.5
2022-11-21,002557,136.06,136.21,136.49,132.84,21454,101090689.16,2.68,0.11,0.15,0.42
2022-11-22,002557,135.55,132.53,137.02,131.57,18363,85652987.32,4.0,-2.7,-3.68,0.36
2022-11-23,002557,131.95,130.96,133.09,129.7,18418,84144257.74,2.56,-1.18,-1.57,0.36
2022-11-24,002557,130.84,130.13,132.58,129.49,16669,75864303.42,2.36,-0.63,-0.83,0.33
2022-11-25,002557,130.05,130.2,131.37,129.49,8386,38048458.55,1.44,0.05,0.07,0.17
2022-11-28,002557,129.26,131.39,131.82,125.94,28223,126576783.88,4.52,0.91,1.19,0.56
2022-11-29,002557,131.06,133.78,134.18,130.08,21332,99062930.12,3.12,1.82,2.39,0.42
2022-11-30,002557,133.09,133.42,134.84,132.38,22184,103441556.54,1.84,-0.27,-0.36,0.44
2022-12-01,002557,135.12,139.38,140.67,135.12,76559,372498244.5,4.16,4.47,5.96,1.51
2022-12-02,002557,140.29,141.38,143.26,138.21,61235,302072862.13,3.62,1.43,2.0,1.21
2022-12-05,002557,143.0,143.99,148.3,141.48,93790,479604884.99,4.82,1.85,2.61,1.85
2022-12-06,002557,144.22,147.54,148.56,142.75,62294,323035278.95,4.04,2.47,3.55,1.23
2022-12-07,002557,147.03,149.06,150.23,145.41,32471,170124067.19,3.27,1.03,1.52,0.64
2022-12-08,002557,148.05,147.82,149.82,147.06,25124,131613046.05,1.85,-0.83,-1.24,0.5
2022-12-09,002557,149.06,150.18,151.19,146.78,29829,157790612.45,2.98,1.6,2.36,0.59
2022-12-12,002557,150.68,150.84,152.1,148.81,48830,260308890.21,2.19,0.44,0.66,0.96
2022-12-13,002557,149.54,150.71,151.93,147.85,41138,218633394.27,2.7,-0.09,-0.13,0.81
2022-12-14,002557,148.78,150.58,151.04,147.54,61325,324893198.21,2.32,-0.09,-0.13,1.21
2022-12-15,002557,150.76,146.17,150.76,145.59,39006,203466153.85,3.43,-2.93,-4.41,0.77
2022-12-16,002557,145.97,147.14,147.21,143.74,24210,124708489.04,2.37,0.66,0.97,0.48
2022-12-19,002557,147.16,146.53,148.2,145.26,19508,101125550.87,2.0,-0.41,-0.61,0.38
2022-12-20,002557,146.55,141.74,146.98,140.39,31407,157041280.33,4.5,-3.27,-4.79,0.62
2022-12-21,002557,141.96,141.69,144.09,140.14,27153,135454249.2,2.79,-0.04,-0.05,0.54
2022-12-22,002557,142.67,141.33,146.0,140.39,28397,142679278.62,3.96,-0.25,-0.36,0.56
2022-12-23,002557,141.2,140.47,143.23,138.85,24598,122239238.17,3.1,-0.61,-0.86,0.49
2022-12-26,002557,141.63,140.57,143.74,140.06,25341,126724067.58,2.62,0.07,0.1,0.5
2022-12-27,002557,140.62,142.6,144.5,140.09,22956,115527893.55,3.14,1.44,2.03,0.45
2022-12-28,002557,142.98,139.94,142.98,137.98,51035,250417392.37,3.51,-1.87,-2.66,1.01
2022-12-29,002557,138.97,140.14,140.54,136.41,36119,175837773.47,2.95,0.14,0.2,0.71
2022-12-30,002557,140.93,141.96,143.46,139.76,33798,168692639.82,2.64,1.3,1.82,0.67
2023-01-03,002557,140.95,136.26,141.94,135.35,59716,285417807.68,4.64,-4.02,-5.7,1.18
2023-01-04,002557,132.69,138.06,138.85,132.03,59357,283820158.1,5.01,1.32,1.8,1.17
2023-01-05,002557,138.06,140.9,143.13,136.39,67600,331969178.77,4.88,2.06,2.84,1.33
2023-01-06,002557,139.23,136.34,139.94,135.93,56453,271393688.18,2.85,-3.24,-4.56,1.11
2023-01-09,002557,137.1,140.9,141.56,136.29,57752,283286596.04,3.87,3.34,4.56,1.14
2023-01-10,002557,140.19,139.53,141.38,138.44,29645,145170938.72,2.09,-0.97,-1.37,0.58
2023-01-11,002557,139.28,138.19,140.37,136.92,24163,117541416.76,2.47,-0.96,-1.34,0.48
2023-01-12,002557,136.95,135.37,138.54,135.37,31083,148406911.61,2.29,-2.04,-2.82,0.61
2023-01-13,002557,135.12,138.92,138.97,133.35,57560,274636804.54,4.15,2.62,3.55,1.14
2023-01-16,002557,138.16,135.75,139.94,134.87,91155,438662841.01,3.65,-2.28,-3.17,1.8
2023-01-17,002557,134.61,136.03,136.64,134.38,26153,124503403.86,1.66,0.21,0.28,0.52
2023-01-18,002557,136.03,135.09,136.59,134.03,31082,147162554.47,1.88,-0.69,-0.94,0.61
2023-01-19,002557,134.41,137.1,137.38,133.7,34628,165095703.37,2.72,1.49,2.01,0.68
2023-01-20,002557,137.35,136.97,138.92,136.46,28976,139571311.66,1.79,-0.09,-0.13,0.57
2023-01-30,002557,138.97,134.06,139.35,133.35,58658,277878240.99,4.38,-2.12,-2.91,1.16
2023-01-31,002557,134.06,130.81,134.46,130.58,83756,386932876.09,2.89,-2.42,-3.25,1.65
2023-02-01,002557,130.81,132.08,133.32,130.79,33818,156135280.06,1.93,0.97,1.27,0.67
2023-02-02,002557,132.03,133.37,134.16,131.01,41598,192973189.28,2.38,0.98,1.29,0.82
2023-02-03,002557,133.4,131.6,133.4,129.95,37360,171111163.24,2.59,-1.33,-1.77,0.74
2023-02-06,002557,130.63,129.97,131.72,129.49,34657,157345528.96,1.69,-1.24,-1.63,0.68
2023-02-07,002557,130.0,131.37,132.0,129.62,29486,134618951.92,1.83,1.08,1.4,0.58
2023-02-08,002557,131.39,130.4,131.82,129.85,33501,152556419.14,1.5,-0.74,-0.97,0.66
2023-02-09,002557,129.85,131.62,132.08,129.8,29874,136683505.0,1.75,0.94,1.22,0.59
2023-02-10,002557,131.52,136.29,136.36,131.32,54618,257673686.04,3.83,3.55,4.67,1.08
2023-02-13,002557,136.29,136.79,137.35,134.61,39763,189620059.61,2.01,0.37,0.5,0.78
2023-02-14,002557,137.55,135.65,137.55,134.99,20676,98390017.22,1.87,-0.83,-1.14,0.41
2023-02-15,002557,135.68,135.35,136.51,134.89,20674,98065087.48,1.19,-0.22,-0.3,0.41
2023-02-16,002557,134.66,135.45,137.27,134.23,28269,134688323.87,2.25,0.07,0.1,0.56
2023-02-17,002557,134.79,133.85,138.04,133.85,24599,116703116.48,3.09,-1.18,-1.6,0.49
2023-02-20,002557,134.13,132.36,134.61,131.82,60676,280764187.65,2.08,-1.11,-1.49,1.2
2023-02-21,002557,132.43,131.9,133.09,130.89,33817,155473108.7,1.66,-0.35,-0.46,0.67
2023-02-22,002557,131.6,133.37,135.12,130.89,45555,212353290.23,3.21,1.11,1.47,0.9
2023-02-23,002557,133.45,133.85,134.31,132.28,31445,146395837.16,1.52,0.36,0.48,0.62
2023-02-24,002557,133.73,130.96,133.8,130.25,36296,165844588.19,2.65,-2.16,-2.89,0.72
2023-02-27,002557,130.96,130.25,131.75,127.67,65513,295601311.62,3.12,-0.54,-0.71,1.29
2023-02-28,002557,130.05,131.32,132.08,129.44,35823,163767196.09,2.03,0.82,1.07,0.71
2023-03-01,002557,131.32,132.08,132.71,130.96,24832,114299084.03,1.33,0.58,0.76,0.49
2023-03-02,002557,132.08,134.11,135.04,131.47,42161,197097397.12,2.7,1.54,2.03,0.83
2023-03-03,002557,134.82,132.84,137.6,132.84,35254,166228363.15,3.55,-0.95,-1.27,0.7
2023-03-06,002557,133.14,131.62,133.73,130.81,27268,125124286.08,2.2,-0.92,-1.22,0.54
2023-03-07,002557,131.11,129.24,131.6,128.68,40075,180678189.39,2.22,-1.81,-2.38,0.79
2023-03-08,002557,128.91,127.51,129.59,126.63,48721,215784953.32,2.29,-1.34,-1.73,0.96
2023-03-09,002557,127.49,126.73,128.02,126.55,25055,110580600.49,1.15,-0.61,-0.78,0.49
2023-03-10,002557,126.15,125.33,126.91,124.6,31267,136160117.58,1.82,-1.1,-1.4,0.62
2023-03-13,002557,124.93,127.11,127.72,124.68,41790,183924176.22,2.43,1.42,1.78,0.82
2023-03-14,002557,126.22,125.03,127.34,124.85,42345,184550109.68,1.96,-1.64,-2.08,0.84
2023-03-15,002557,125.49,125.33,126.75,124.37,33341,144862608.5,1.9,0.24,0.3,0.66
2023-03-16,002557,124.85,124.52,126.35,123.71,31129,134329902.83,2.11,-0.65,-0.81,0.61
2023-03-17,002557,124.95,123.08,125.74,122.22,41069,175508047.49,2.83,-1.16,-1.44,0.81
2023-03-20,002557,122.67,122.04,122.67,119.94,29225,122554492.17,2.22,-0.84,-1.04,0.58
2023-03-21,002557,122.14,125.36,125.46,122.04,34562,148587805.61,2.8,2.72,3.32,0.68
2023-03-22,002557,125.89,123.51,125.97,122.75,23444,100437190.81,2.57,-1.48,-1.85,0.46
2023-03-23,002557,123.21,122.34,123.79,121.96,22972,97342074.67,1.48,-0.95,-1.17,0.45
2023-03-24,002557,122.32,122.83,124.35,122.32,19306,82317325.71,1.66,0.4,0.49,0.38
2023-03-27,002557,122.85,121.3,123.54,120.67,25832,108133011.64,2.34,-1.25,-1.53,0.51
2023-03-28,002557,121.56,121.38,121.86,120.16,21137,88185359.8,1.4,0.07,0.08,0.42
2023-03-29,002557,121.38,121.25,121.89,120.09,18504,77143731.11,1.48,-0.11,-0.13,0.36
2023-03-30,002557,121.43,123.59,124.19,120.9,41491,176096333.02,2.71,1.93,2.34,0.82
2023-03-31,002557,123.05,122.55,124.52,121.84,29662,126099303.9,2.17,-0.84,-1.04,0.59
2023-04-03,002557,122.57,122.27,123.21,121.15,45841,193409367.73,1.68,-0.23,-0.28,0.9
2023-04-04,002557,121.81,122.44,124.22,120.8,56257,238153829.67,2.8,0.14,0.17,1.11
2023-04-06,002557,122.44,123.23,124.57,121.76,33963,145019817.99,2.3,0.65,0.79,0.67
2023-04-07,002557,123.23,125.33,125.61,123.05,44510,191996263.03,2.08,1.7,2.1,0.88
2023-04-10,002557,125.39,124.6,126.2,123.74,41156,178045451.7,1.96,-0.58,-0.73,0.81
2023-04-11,002557,124.6,122.67,125.23,122.29,46048,196164806.24,2.36,-1.55,-1.93,0.91
2023-04-12,002557,122.83,119.1,123.59,118.69,64921,268748063.74,3.99,-2.91,-3.57,1.28
2023-04-13,002557,118.44,119.83,120.72,117.81,29789,122717319.15,2.44,0.61,0.73,0.59
2023-04-14,002557,119.81,118.77,122.32,118.14,33134,135905796.59,3.49,-0.88,-1.06,0.65
2023-04-17,002557,118.39,118.49,119.56,118.16,38918,158859071.37,1.18,-0.24,-0.28,0.77
2023-04-18,002557,118.9,120.19,122.44,118.06,52116,216868203.17,3.7,1.43,1.7,1.03
2023-04-19,002557,120.24,120.87,121.89,119.66,28093,116993129.2,1.86,0.57,0.68,0.55
2023-04-20,002557,120.8,117.76,120.8,117.07,44075,178939869.05,3.09,-2.57,-3.11,0.87
2023-04-21,002557,119.12,119.71,122.14,118.9,51190,212868443.7,2.75,1.66,1.95,1.01
2023-04-24,002557,120.92,122.14,124.42,119.94,68497,290210009.94,3.74,2.03,2.43,1.35
2023-04-25,002557,121.99,125.36,126.25,121.71,67697,291596556.51,3.72,2.64,3.22,1.34
2023-04-26,002557,121.41,121.61,122.75,115.4,98448,409520759.11,5.86,-2.99,-3.75,1.94
2023-04-27,002557,122.09,125.11,126.15,121.05,62391,268373968.42,4.19,2.88,3.5,1.23
2023-04-28,002557,126.58,124.98,126.78,123.97,35060,151844125.11,2.25,-0.1,-0.13,0.69
2023-05-04,002557,123.71,126.88,128.4,123.71,51655,226951984.34,3.75,1.52,1.9,1.02
2023-05-05,002557,126.2,125.23,127.39,121.71,61462,265660210.7,4.48,-1.3,-1.65,1.21
2023-05-08,002557,125.41,123.23,127.16,122.34,30002,128181985.15,3.85,-1.6,-2.0,0.59
2023-05-09,002557,123.08,121.66,123.18,120.44,25607,107383792.91,2.22,-1.27,-1.57,0.51
2023-05-10,002557,121.66,122.95,123.33,120.8,28695,120879559.68,2.08,1.06,1.29,0.57
2023-05-11,002557,122.83,121.53,124.73,120.67,34292,144522050.91,3.3,-1.15,-1.42,0.68
2023-05-12,002557,121.61,121.76,123.86,121.23,17923,75615742.25,2.16,0.19,0.23,0.35
2023-05-15,002557,121.76,121.99,122.32,120.52,23109,96785447.22,1.48,0.19,0.23,0.46
2023-05-16,002557,121.63,123.59,125.18,121.48,30551,130918566.4,3.03,1.31,1.6,0.6
2023-05-17,002557,122.95,122.75,124.09,121.56,15953,67671715.28,2.05,-0.68,-0.84,0.31
2023-05-18,002557,123.15,121.96,123.15,121.2,13734,57904783.86,1.59,-0.64,-0.79,0.27
2023-05-19,002557,121.43,123.69,124.73,121.23,19530,83401103.25,2.87,1.42,1.73,0.39
2023-05-22,002557,123.71,126.27,126.5,122.88,22906,99781576.1,2.93,2.09,2.58,0.45
2023-05-23,002557,126.07,125.87,126.42,124.85,16701,72950765.53,1.24,-0.32,-0.4,0.33
2023-05-24,002557,126.58,123.97,126.58,123.51,14781,63479824.84,2.44,-1.51,-1.9,0.29
2023-05-25,002557,123.97,122.42,123.97,121.18,24491,103158662.55,2.25,-1.25,-1.55,0.48
2023-05-26,002557,122.95,122.27,122.95,121.71,8614,36413445.99,1.01,-0.12,-0.15,0.17
2023-05-29,002557,122.62,122.8,123.21,121.38,11763,49658456.24,1.5,0.43,0.53,0.23
2023-05-30,002557,121.94,122.32,123.15,121.48,9806,41385626.26,1.36,-0.39,-0.48,0.19
2023-05-31,002557,122.06,120.54,122.12,119.4,19465,80773618.91,2.22,-1.46,-1.78,0.38
2023-06-01,002557,119.83,119.56,121.68,118.85,19181,79329270.91,2.35,-0.81,-0.98,0.38
2023-06-02,002557,119.86,120.24,121.41,119.15,20990,86903230.37,1.89,0.57,0.68,0.41
2023-06-05,002557,120.39,117.63,120.39,117.12,28637,115983419.02,2.72,-2.17,-2.61,0.56
2023-06-06,002557,117.63,116.44,118.06,115.96,20869,83555385.58,1.79,-1.01,-1.19,0.41
2023-06-07,002557,116.51,117.55,118.06,116.51,16158,65178210.63,1.33,0.95,1.11,0.32
2023-06-08,002557,119.02,121.03,122.17,118.29,50826,211233157.98,3.3,2.96,3.48,1.0
2023-06-09,002557,120.75,121.94,122.62,119.91,30044,126188568.1,2.24,0.75,0.91,0.59
2023-06-12,002557,121.84,125.44,126.25,121.68,35003,151263561.48,3.75,2.87,3.5,0.69
2023-06-13,002557,125.46,124.52,126.73,123.97,24785,107356891.33,2.2,-0.73,-0.92,0.49
2023-06-14,002557,124.98,125.82,126.96,124.6,30902,135271538.01,1.9,1.04,1.3,0.61
2023-06-15,002557,125.94,126.37,127.01,124.55,34728,151911412.5,1.96,0.44,0.55,0.68
2023-06-16,002557,126.04,124.88,127.97,124.42,33156,144267888.38,2.81,-1.18,-1.49,0.65
2023-06-19,002557,124.78,122.93,125.03,121.48,42009,177972331.68,2.84,-1.56,-1.95,0.83
2023-06-20,002557,123.1,122.44,124.19,121.84,20965,86899835.34,1.91,-0.4,-0.49,0.41
2023-06-21,002557,121.89,122.39,123.59,121.68,16750,69388106.51,1.56,-0.04,-0.05,0.33
2023-06-26,002557,122.04,122.19,122.8,120.42,21058,86289714.98,1.94,-0.16,-0.2,0.42
2023-06-27,002557,121.94,122.06,123.74,121.0,19940,82308463.59,2.24,-0.11,-0.13,0.39
2023-06-28,002557,121.81,123.08,123.71,120.95,18934,78324911.64,2.26,0.84,1.02,0.37
2023-06-29,002557,123.31,123.21,124.7,122.5,20064,83699128.89,1.79,0.11,0.13,0.4
2023-06-30,002557,123.46,123.08,124.4,122.19,12898,53815204.7,1.79,-0.11,-0.13,0.25
2023-07-03,002557,123.36,123.56,124.09,122.19,12784,53319277.62,1.54,0.39,0.48,0.25
2023-07-04,002557,123.46,123.05,123.56,122.29,10433,43232372.35,1.03,-0.41,-0.51,0.21
2023-07-05,002557,122.9,121.3,122.9,120.82,17719,72372704.2,1.69,-1.42,-1.75,0.35
2023-07-06,002557,120.85,120.29,121.43,119.61,22842,92401462.99,1.5,-0.83,-1.01,0.45
2023-07-07,002557,119.83,119.3,120.16,118.29,33153,132457291.48,1.55,-0.82,-0.99,0.65
2023-07-10,002557,119.3,119.25,120.14,118.52,17422,69758110.86,1.36,-0.04,-0.05,0.34
2023-07-11,002557,119.25,118.95,119.53,117.3,28602,113222178.82,1.87,-0.25,-0.3,0.56
2023-07-12,002557,118.9,119.5,120.42,117.88,17409,69803384.69,2.14,0.46,0.55,0.34
2023-07-13,002557,119.2,120.75,121.51,119.15,20858,84573553.12,1.97,1.05,1.25,0.41
2023-07-14,002557,120.75,120.54,121.41,119.4,22709,91867690.55,1.66,-0.17,-0.21,0.45
2023-07-17,002557,119.96,119.83,120.37,118.97,13004,52148882.22,1.16,-0.59,-0.71,0.26
2023-07-18,002557,119.91,118.79,119.91,118.19,13480,53600544.65,1.44,-0.87,-1.04,0.27
2023-07-19,002557,118.64,118.85,119.35,118.21,8089,32224316.32,0.96,0.05,0.06,0.16
2023-07-20,002557,119.12,118.14,119.88,117.88,17164,68131910.0,1.68,-0.6,-0.71,0.34
2023-07-21,002557,118.14,119.58,120.39,117.88,18936,75858631.84,2.12,1.22,1.44,0.37
2023-07-24,002557,119.61,119.23,119.61,118.57,6533,26113400.92,0.87,-0.29,-0.35,0.13
2023-07-25,002557,119.61,119.66,121.05,119.4,12596,50758988.82,1.38,0.36,0.43,0.25
2023-07-26,002557,119.66,120.42,120.92,119.58,19697,79750325.4,1.12,0.64,0.76,0.39
2023-07-27,002557,120.06,119.35,120.9,119.12,21090,84671768.71,1.48,-0.89,-1.07,0.42
2023-07-28,002557,118.82,121.61,122.44,118.69,41912,170427528.32,3.14,1.89,2.26,0.83
2023-07-31,002557,122.01,121.81,124.32,121.23,19804,81570844.75,2.54,0.16,0.2,0.39
2023-08-01,002557,121.58,121.53,122.24,120.75,20400,83421253.4,1.22,-0.23,-0.28,0.4
2023-08-02,002557,121.56,121.3,121.79,120.52,12721,51885549.19,1.05,-0.19,-0.23,0.25
2023-08-03,002557,121.0,122.57,123.64,120.67,28549,117843797.5,2.45,1.05,1.27,0.56
2023-08-04,002557,123.0,122.32,123.89,121.94,17767,73492219.9,1.59,-0.2,-0.25,0.35
2023-08-07,002557,121.61,119.33,121.68,118.69,40588,163130078.99,2.44,-2.44,-2.99,0.8
2023-08-08,002557,119.91,119.4,119.91,118.77,13195,52787624.58,0.96,0.06,0.07,0.26
2023-08-09,002557,119.33,119.53,119.88,118.9,7415,29741895.1,0.82,0.11,0.13,0.15
2023-08-10,002557,119.15,120.26,121.51,118.92,21064,85156224.26,2.17,0.61,0.73,0.42
2023-08-11,002557,120.47,118.97,121.05,118.69,16062,64297863.49,1.96,-1.07,-1.29,0.32
2023-08-14,002557,118.67,118.77,119.1,117.68,12876,51045424.52,1.19,-0.17,-0.2,0.25
2023-08-15,002557,118.31,118.24,118.87,117.63,9478,37501682.84,1.04,-0.45,-0.53,0.19
2023-08-16,002557,117.88,118.01,118.14,117.35,8888,35062280.28,0.67,-0.19,-0.23,0.18
2023-08-17,002557,117.78,118.19,118.49,116.03,11666,45916114.1,2.08,0.15,0.18,0.23
2023-08-18,002557,118.01,116.72,118.19,116.41,22124,86561701.65,1.51,-1.24,-1.47,0.44
2023-08-21,002557,116.34,114.08,116.61,113.52,29093,111302815.34,2.65,-2.26,-2.64,0.57
2023-08-22,002557,114.71,112.1,115.22,111.54,39271,146834491.63,3.23,-1.74,-1.98,0.77
2023-08-23,002557,112.86,111.04,112.91,110.35,21989,81047617.85,2.28,-0.95,-1.06,0.43
2023-08-24,002557,110.78,112.53,113.52,110.4,22746,84885954.1,2.81,1.34,1.49,0.45
2023-08-25,002557,107.82,103.05,107.87,103.05,119008,401594774.55,4.28,-8.42,-9.48,2.35
2023-08-28,002557,104.7,99.63,105.13,96.03,147146,477468956.49,8.83,-3.32,-3.42,2.9
2023-08-29,002557,99.2,99.71,99.96,96.89,124421,398569169.3,3.08,0.08,0.08,2.45
2023-08-30,002557,99.88,101.4,101.43,98.97,83432,272730151.05,2.47,1.69,1.69,1.65
2023-08-31,002557,101.86,101.53,103.05,100.92,49391,163749298.38,2.1,0.13,0.13,0.97
2023-09-01,002557,101.66,103.64,104.09,101.66,53874,182244235.43,2.39,2.08,2.11,1.06
2023-09-04,002557,103.94,104.9,107.49,102.34,93160,318238227.31,4.97,1.22,1.26,1.84
2023-09-05,002557,105.21,106.37,107.23,105.21,54549,190841390.16,1.93,1.4,1.47,1.08
2023-09-06,002557,106.22,106.09,107.13,105.36,19873,69153109.45,1.66,-0.26,-0.28,0.39
2023-09-07,002557,105.97,105.59,106.27,105.36,16612,57639743.0,0.86,-0.47,-0.5,0.33
2023-09-08,002557,105.59,104.95,105.59,103.79,18943,64893652.2,1.7,-0.61,-0.64,0.37
2023-09-11,002557,104.65,105.87,106.47,103.69,34974,121190805.52,2.65,0.88,0.92,0.69
2023-09-12,002557,105.97,107.79,108.68,105.64,40499,143639024.03,2.87,1.81,1.92,0.8
2023-09-13,002557,107.59,106.68,109.26,106.3,38979,137869106.92,2.75,-1.03,-1.11,0.77
2023-09-14,002557,106.3,106.47,107.18,104.67,46563,161594715.99,2.35,-0.2,-0.21,0.92
2023-09-15,002557,106.47,104.62,107.11,104.24,29960,103046866.37,2.7,-1.74,-1.85,0.59
2023-09-18,002557,104.65,105.71,106.17,103.89,44975,155489336.95,2.18,1.04,1.09,0.89
2023-09-19,002557,105.44,105.97,106.07,104.22,26773,92389739.92,1.75,0.25,0.26,0.53
2023-09-20,002557,105.64,104.67,106.07,104.52,25187,86723761.6,1.46,-1.23,-1.3,0.5
2023-09-21,002557,104.45,103.81,104.7,102.95,39117,132947145.24,1.67,-0.82,-0.86,0.77
2023-09-22,002557,103.56,104.78,105.18,103.05,19604,66936402.84,2.05,0.93,0.97,0.39
2023-09-25,002557,104.73,103.86,104.73,103.76,16509,56255993.27,0.93,-0.88,-0.92,0.33
2023-09-26,002557,103.84,103.0,103.91,102.72,21352,71922905.96,1.15,-0.83,-0.86,0.42
2023-09-27,002557,102.72,102.29,103.99,101.71,38241,128352603.0,2.21,-0.69,-0.71,0.75
2023-09-28,002557,102.44,100.62,103.13,100.39,40710,133786276.38,2.68,-1.63,-1.67,0.8
2023-10-09,002557,100.72,101.99,102.6,99.73,29647,98315615.7,2.85,1.36,1.37,0.58
2023-10-10,002557,101.66,100.44,103.2,100.09,50107,164554334.73,3.05,-1.52,-1.55,0.99
2023-10-11,002557,100.47,100.62,101.86,100.37,31179,102390471.1,1.48,0.18,0.18,0.61
2023-10-12,002557,101.02,101.3,101.96,100.14,22988,75756360.73,1.81,0.68,0.68,0.45
2023-10-13,002557,101.05,100.57,101.13,99.63,17840,58072144.12,1.48,-0.72,-0.73,0.35
2023-10-16,002557,100.14,99.68,100.9,99.43,22981,74477055.27,1.46,-0.88,-0.89,0.45
2023-10-17,002557,99.68,99.88,100.54,99.07,33563,108637079.7,1.47,0.2,0.2,0.66
2023-10-18,002557,99.88,98.84,99.88,98.62,21109,67720601.07,1.26,-1.04,-1.04,0.42
2023-10-19,002557,98.03,96.97,98.87,96.84,27583,86845344.55,2.05,-1.89,-1.87,0.54
2023-10-20,002557,96.59,97.17,97.98,96.06,23313,73004723.08,1.98,0.21,0.2,0.46
2023-10-23,002557,96.66,97.02,98.11,95.98,23955,75262815.84,2.19,-0.15,-0.15,0.47
2023-10-24,002557,97.7,98.36,99.35,96.69,32951,104533089.51,2.74,1.38,1.34,0.65
2023-10-25,002557,99.28,100.92,101.76,98.46,39383,128711918.86,3.36,2.6,2.56,0.78
2023-10-26,002557,100.8,101.3,102.09,100.19,27474,90371749.36,1.88,0.38,0.38,0.54
2023-10-27,002557,103.94,109.67,109.67,103.31,74829,267232132.62,6.28,8.26,8.37,1.48
2023-10-30,002557,110.25,112.61,113.62,109.01,120269,447395294.25,4.2,2.68,2.94,2.37
2023-10-31,002557,112.43,111.54,113.12,111.34,60848,226268001.97,1.58,-0.95,-1.07,1.2
2023-11-01,002557,112.81,109.11,113.12,108.98,34298,124467672.41,3.71,-2.18,-2.43,0.68
2023-11-02,002557,109.36,107.97,109.36,107.01,37222,132407010.83,2.15,-1.04,-1.14,0.73
2023-11-03,002557,108.22,110.81,111.54,108.0,42228,154228690.68,3.28,2.63,2.84,0.83
2023-11-06,002557,110.91,111.27,112.15,110.05,35279,130032545.53,1.9,0.42,0.46,0.7
2023-11-07,002557,111.54,111.11,112.63,110.78,23078,85488170.62,1.66,-0.14,-0.16,0.46
2023-11-08,002557,110.99,110.35,111.24,109.59,28215,102997401.83,1.49,-0.68,-0.76,0.56
2023-11-09,002557,110.35,110.91,111.82,110.1,20635,75798715.52,1.56,0.51,0.56,0.41
2023-11-10,002557,110.15,111.04,111.52,109.87,23346,85506061.45,1.49,0.12,0.13,0.46
2023-11-13,002557,110.83,110.33,111.49,109.01,26981,97921787.56,2.23,-0.64,-0.71,0.53
2023-11-14,002557,110.35,110.61,110.91,110.02,15442,56556407.25,0.81,0.25,0.28,0.3
2023-11-15,002557,110.96,111.24,111.72,110.38,18653,68714746.81,1.21,0.57,0.63,0.37
2023-11-16,002557,111.44,111.04,111.52,110.15,20598,75631009.8,1.23,-0.18,-0.2,0.41
2023-11-17,002557,110.81,110.15,111.67,109.42,32383,118270720.7,2.03,-0.8,-0.89,0.64
2023-11-20,002557,109.82,112.13,112.25,109.29,40626,150093636.64,2.69,1.8,1.98,0.8
2023-11-21,002557,112.08,114.81,115.9,111.57,52879,202401193.51,3.86,2.39,2.68,1.04
2023-11-22,002557,114.81,114.38,115.42,113.8,36862,140972357.26,1.41,-0.37,-0.43,0.73
2023-11-23,002557,114.18,113.09,114.18,111.8,53111,199458479.93,2.08,-1.13,-1.29,1.05
2023-11-24,002557,112.99,113.57,114.03,112.61,17669,66710563.06,1.26,0.42,0.48,0.35
2023-11-27,002557,113.22,112.3,113.34,111.32,31083,115723281.87,1.78,-1.12,-1.27,0.61
2023-11-28,002557,112.3,113.52,113.95,111.19,30059,112519183.02,2.46,1.09,1.22,0.59
2023-11-29,002557,113.78,112.51,113.78,111.04,28850,107731857.01,2.41,-0.89,-1.01,0.57
2023-11-30,002557,113.5,114.54,114.81,112.41,33204,126062427.89,2.13,1.8,2.03,0.65
2023-12-01,002557,113.6,113.67,114.1,112.58,33139,125321467.61,1.33,-0.76,-0.87,0.65
2023-12-04,002557,113.04,112.94,114.08,111.62,26572,99594062.06,2.16,-0.64,-0.73,0.52
2023-12-05,002557,112.43,111.9,113.34,111.47,25940,96592245.14,1.66,-0.92,-1.04,0.51
2023-12-06,002557,111.52,110.68,111.52,108.38,36364,132437883.04,2.81,-1.09,-1.22,0.72
2023-12-07,002557,110.3,109.29,110.81,108.17,44399,159650136.52,2.39,-1.26,-1.39,0.88
2023-12-08,002557,109.44,108.88,109.92,108.2,21734,78403854.99,1.57,-0.38,-0.41,0.43
2023-12-11,002557,108.02,108.58,109.74,106.35,42372,151228226.9,3.11,-0.28,-0.3,0.84
2023-12-12,002557,108.58,109.57,109.85,108.02,27968,100741986.4,1.69,0.91,0.99,0.55
2023-12-13,002557,110.38,108.5,110.38,107.39,24290,87141468.68,2.73,-0.98,-1.07,0.48
2023-12-14,002557,108.73,108.1,109.26,107.64,17571,62722626.26,1.49,-0.37,-0.4,0.35
2023-12-15,002557,108.15,108.3,108.96,107.59,17961,64158897.19,1.27,0.19,0.2,0.35
2023-12-18,002557,107.74,107.29,108.63,106.53,20972,74137576.73,1.94,-0.93,-1.01,0.41
2023-12-19,002557,106.73,106.88,107.59,106.14,13318,46713047.69,1.35,-0.38,-0.41,0.26
2023-12-20,002557,107.03,105.23,107.03,105.03,31277,108527404.6,1.87,-1.54,-1.65,0.62
2023-12-21,002557,104.65,104.52,106.04,104.14,33638,115308987.59,1.81,-0.67,-0.71,0.66
2023-12-22,002557,104.93,103.69,104.93,103.03,28062,95256664.42,1.82,-0.79,-0.83,0.55
2023-12-25,002557,103.69,104.09,105.56,103.38,23449,79916750.0,2.1,0.39,0.4,0.46
2023-12-26,002557,104.07,102.55,104.35,101.84,16349,54742701.45,2.41,-1.48,-1.54,0.32
2023-12-27,002557,102.22,104.73,105.13,102.22,25790,87645653.14,2.84,2.13,2.18,0.51
2023-12-28,002557,104.73,105.64,106.12,103.46,37153,127932671.24,2.54,0.87,0.91,0.73
2023-12-29,002557,105.33,106.02,106.47,105.08,22204,77135472.45,1.32,0.36,0.38,0.44
2024-01-02,002557,105.97,103.41,105.97,101.43,62047,208659409.6,4.28,-2.46,-2.61,1.22
2024-01-03,002557,102.75,102.72,102.93,101.38,33258,110652579.0,1.5,-0.67,-0.69,0.66
2024-01-04,002557,102.29,100.21,102.52,100.11,34953,114492946.17,2.35,-2.44,-2.51,0.69
2024-01-05,002557,99.93,99.25,100.47,99.0,39704,128315092.48,1.47,-0.96,-0.96,0.78
2024-01-08,002557,99.2,99.0,100.09,98.44,30414,97856218.0,1.66,-0.25,-0.25,0.6
2024-01-09,002557,99.15,99.91,100.14,99.15,35460,114714869.71,1.0,0.92,0.91,0.7
2024-01-10,002557,99.55,100.52,101.56,98.89,55836,181935134.61,2.67,0.61,0.61,1.1
2024-01-11,002557,100.42,102.85,103.58,99.91,44569,148768837.85,3.65,2.32,2.33,0.88
2024-01-12,002557,102.57,104.93,106.14,102.57,42832,147570003.08,3.47,2.02,2.08,0.84
2024-01-15,002557,104.57,104.52,105.03,103.41,35675,121574782.13,1.54,-0.39,-0.41,0.7
2024-01-16,002557,104.24,105.03,105.08,103.31,22147,75708763.95,1.69,0.49,0.51,0.44
2024-01-17,002557,104.42,102.93,104.75,102.9,26418,89908090.94,1.76,-2.0,-2.1,0.52
2024-01-18,002557,102.93,101.91,103.41,100.64,28879,95399435.77,2.69,-0.99,-1.02,0.57
2024-01-19,002557,101.48,101.53,102.52,100.49,21939,72656803.54,1.99,-0.37,-0.38,0.43
2024-01-22,002557,101.25,98.03,101.25,97.65,31515,101565286.7,3.55,-3.45,-3.5,0.62
2024-01-23,002557,98.11,97.27,99.76,96.33,27262,85486138.64,3.5,-0.78,-0.76,0.54
2024-01-24,002557,97.88,98.24,99.66,96.11,33388,104906889.11,3.65,1.0,0.97,0.66
2024-01-25,002557,98.31,100.72,101.28,97.8,33469,108683491.63,3.54,2.52,2.48,0.66
2024-01-26,002557,100.39,98.72,100.85,98.16,40189,128941621.71,2.67,-1.99,-2.0,0.79
2024-01-29,002557,98.84,100.29,104.32,98.84,45267,150013985.15,5.55,1.59,1.57,0.89
2024-01-30,002557,98.57,97.6,100.01,96.49,26640,85186851.88,3.51,-2.68,-2.69,0.53
2024-01-31,002557,97.73,95.02,98.36,94.21,44426,136920531.65,4.25,-2.64,-2.58,0.88
2024-02-01,002557,94.26,94.81,96.84,93.6,34378,105188723.16,3.41,-0.22,-0.21,0.68
2024-02-02,002557,94.59,94.26,97.7,91.8,72995,221082128.86,6.22,-0.58,-0.55,1.44
2024-02-05,002557,93.39,96.31,98.59,92.02,68876,210114978.09,6.97,2.17,2.05,1.36
2024-02-06,002557,96.21,104.17,104.17,94.81,63101,206193279.96,9.72,8.16,7.86,1.24
2024-02-07,002557,104.17,106.78,106.8,103.38,82872,288054514.15,3.28,2.51,2.61,1.63
2024-02-08,002557,106.5,105.16,111.75,103.36,82559,292834128.11,7.86,-1.52,-1.62,1.63
2024-02-19,002557,105.49,103.48,106.35,102.29,66619,226187677.56,3.86,-1.6,-1.68,1.31
2024-02-20,002557,103.33,103.81,104.83,101.4,42703,143526892.9,3.31,0.32,0.33,0.84
2024-02-21,002557,102.52,104.65,107.74,102.04,45577,156947244.64,5.49,0.81,0.84,0.9
2024-02-22,002557,103.79,103.18,104.65,102.55,40822,137636375.98,2.01,-1.4,-1.47,0.81
2024-02-23,002557,103.18,102.93,103.18,101.4,35390,118003978.41,1.73,-0.24,-0.25,0.7
2024-02-26,002557,102.16,101.99,102.98,101.4,42646,142183291.72,1.54,-0.91,-0.94,0.84
2024-02-27,002557,101.61,103.58,103.81,101.4,45317,151185134.71,2.36,1.56,1.59,0.89
2024-02-28,002557,103.1,102.42,104.35,102.19,34637,116839008.67,2.09,-1.12,-1.16,0.68
2024-02-29,002557,102.42,104.22,104.4,102.04,35723,120429774.63,2.3,1.76,1.8,0.7
2024-03-01,002557,103.71,103.33,104.17,102.55,33333,112229399.27,1.55,-0.85,-0.89,0.66
2024-03-04,002557,103.23,104.32,104.78,102.67,40572,137694585.14,2.04,0.96,0.99,0.8
2024-03-05,002557,104.32,103.79,104.6,103.05,29704,100731466.42,1.49,-0.51,-0.53,0.59
2024-03-06,002557,103.69,103.05,104.32,102.67,19398,65440715.41,1.59,-0.71,-0.74,0.38
2024-03-07,002557,103.69,102.16,103.69,102.16,19740,66233796.48,1.48,-0.86,-0.89,0.39
2024-03-08,002557,102.16,102.65,102.98,101.61,18752,62557127.46,1.34,0.48,0.49,0.37
2024-03-11,002557,102.16,105.71,105.76,102.01,38387,131136799.93,3.65,2.98,3.06,0.76
2024-03-12,002557,105.33,106.88,107.39,104.85,27844,97461403.37,2.4,1.11,1.17,0.55
2024-03-13,002557,106.68,105.13,107.11,104.7,21758,75396905.0,2.25,-1.64,-1.75,0.43
2024-03-14,002557,104.95,105.51,106.2,104.12,31430,108635995.65,1.98,0.36,0.38,0.62
2024-03-15,002557,105.28,105.08,105.61,103.89,20358,69775469.47,1.63,-0.41,-0.43,0.4
2024-03-18,002557,104.95,106.58,107.06,103.81,24517,85243991.23,3.09,1.43,1.5,0.48
2024-03-19,002557,106.47,106.5,107.39,105.51,17105,59876494.6,1.76,-0.08,-0.08,0.34
2024-03-20,002557,106.4,105.99,107.87,105.84,13602,47738464.62,1.91,-0.48,-0.51,0.27
2024-03-21,002557,106.73,104.73,106.73,104.45,22443,77324504.0,2.15,-1.19,-1.26,0.44
2024-03-22,002557,104.9,102.93,106.25,102.49,24732,83674363.7,3.59,-1.72,-1.8,0.49
2024-03-25,002557,102.93,104.95,106.17,101.78,42473,146025667.86,4.27,1.96,2.02,0.84
2024-03-26,002557,104.45,105.84,107.87,104.45,48817,171160783.49,3.26,0.85,0.89,0.96
2024-03-27,002557,105.21,107.31,110.28,105.21,78214,280910636.95,4.79,1.39,1.47,1.54
2024-03-28,002557,106.6,107.29,109.09,105.99,38656,136995460.6,2.89,-0.02,-0.02,0.76
2024-03-29,002557,107.69,110.58,111.04,107.36,39898,144689012.25,3.43,3.07,3.29,0.79
2024-04-01,002557,110.51,111.34,111.98,109.26,41470,152821061.9,2.46,0.69,0.76,0.82
2024-04-02,002557,111.04,110.28,111.54,109.31,33693,123056866.04,2.0,-0.95,-1.06,0.66
2024-04-03,002557,110.56,109.19,111.52,108.86,43018,155902100.82,2.41,-0.99,-1.09,0.85
2024-04-08,002557,109.14,108.38,109.36,107.36,39700,141792502.38,1.83,-0.74,-0.81,0.78
2024-04-09,002557,108.35,108.0,109.34,107.72,37288,133560313.29,1.49,-0.35,-0.38,0.74
2024-04-10,002557,108.0,105.38,108.0,104.88,38872,135368438.83,2.89,-2.43,-2.62,0.77
2024-04-11,002557,105.38,105.79,107.08,104.78,34719,121018864.62,2.18,0.39,0.41,0.68
2024-04-12,002557,105.87,104.75,106.32,103.64,30901,105968819.11,2.53,-0.98,-1.04,0.61
2024-04-15,002557,104.5,103.86,106.6,102.55,38310,131091869.97,3.87,-0.85,-0.89,0.76
2024-04-16,002557,103.18,101.4,104.52,100.9,37803,126612081.1,3.49,-2.37,-2.46,0.75
2024-04-17,002557,101.4,103.13,103.58,100.39,56150,187111956.58,3.15,1.71,1.73,1.11
2024-04-18,002557,102.75,105.03,106.17,102.04,50606,173379336.94,4.0,1.84,1.9,1.0
2024-04-19,002557,104.35,103.36,105.41,102.93,42525,143927521.43,2.36,-1.59,-1.67,0.84
2024-04-22,002557,102.93,106.8,107.46,102.82,33158,115722103.12,4.49,3.33,3.44,0.65
2024-04-23,002557,106.47,108.33,109.01,105.71,42535,150978131.62,3.09,1.43,1.53,0.84
2024-04-24,002557,107.64,106.2,108.33,104.57,53624,186798242.7,3.47,-1.97,-2.13,1.06
2024-04-25,002557,105.69,104.78,106.2,104.42,25022,86100414.42,1.68,-1.34,-1.42,0.49
2024-04-26,002557,105.08,107.23,108.3,104.83,38149,134026084.1,3.31,2.34,2.45,0.75
2024-04-29,002557,107.26,107.62,108.02,105.71,43658,153918328.69,2.15,0.36,0.39,0.86
2024-04-30,002557,115.09,112.81,115.22,109.31,125384,470106688.75,5.49,4.82,5.19,2.47
2024-05-06,002557,112.96,110.61,113.45,109.06,144946,530081740.37,3.89,-1.95,-2.2,2.86
2024-05-07,002557,110.76,110.56,112.0,110.23,93546,343855304.84,1.6,-0.05,-0.05,1.85
2024-05-08,002557,110.66,110.38,111.85,110.05,50955,186750796.5,1.63,-0.16,-0.18,1.01
2024-05-09,002557,110.02,111.29,112.3,109.26,66623,245766493.6,2.75,0.82,0.91,1.31
2024-05-10,002557,111.29,112.46,112.76,110.78,40568,150589558.35,1.78,1.05,1.17,0.8
2024-05-13,002557,110.99,110.56,111.95,110.07,56013,205512321.45,1.67,-1.69,-1.9,1.1
2024-05-14,002557,110.58,110.66,111.47,109.64,50065,183595612.55,1.66,0.09,0.1,0.99
2024-05-15,002557,110.71,108.86,111.34,108.81,34764,126171269.0,2.29,-1.63,-1.8,0.69
2024-05-16,002557,108.81,107.26,109.19,106.14,72748,256967624.57,2.8,-1.47,-1.6,1.43
2024-05-17,002557,107.01,107.13,108.12,105.99,54773,192689498.66,1.99,-0.12,-0.13,1.08
2024-05-20,002557,107.11,106.22,108.68,105.33,66403,233207997.38,3.13,-0.85,-0.91,1.31
2024-05-21,002557,105.97,107.16,108.58,105.0,67881,239453556.87,3.37,0.88,0.94,1.34
2024-05-22,002557,107.31,105.38,107.62,105.08,50496,175594971.48,2.37,-1.66,-1.78,1.0
2024-05-23,002557,105.0,103.84,105.28,103.46,45271,154070110.74,1.73,-1.46,-1.54,0.89
2024-05-24,002557,103.18,101.53,103.91,101.28,43971,146804003.13,2.53,-2.22,-2.31,0.87
2024-05-27,002557,101.91,101.56,102.04,100.72,73286,241470874.87,1.3,0.03,0.03,1.45
2024-05-28,002557,102.01,101.51,102.04,100.69,61303,201941238.64,1.33,-0.05,-0.05,1.21
2024-05-29,002557,100.9,100.31,101.35,99.83,45141,147475135.74,1.5,-1.18,-1.2,0.89
2024-05-30,002557,99.83,99.93,100.57,99.17,35779,115816069.72,1.4,-0.38,-0.38,0.71
2024-05-31,002557,100.01,100.37,100.77,99.96,31178,101639920.24,0.81,0.44,0.44,0.61
2024-06-03,002557,100.62,99.58,100.67,98.92,50601,163070663.37,1.74,-0.79,-0.79,1.0
2024-06-04,002557,99.17,102.14,102.22,99.1,52528,172892496.82,3.13,2.57,2.56,1.04
2024-06-05,002557,101.78,100.59,102.11,100.42,39966,131187113.46,1.65,-1.52,-1.55,0.79
2024-06-06,002557,100.72,98.67,100.95,98.36,47770,153913646.0,2.57,-1.91,-1.92,0.94
2024-06-07,002557,98.92,97.91,99.5,97.8,30197,96013674.18,1.72,-0.77,-0.76,0.6
2024-06-11,002557,97.75,97.25,98.01,96.99,29588,92982370.47,1.04,-0.67,-0.66,0.58
2024-06-12,002557,97.35,97.63,98.08,96.79,35248,111063895.96,1.33,0.39,0.38,0.7
2024-06-13,002557,97.65,95.83,97.65,95.4,45977,142102457.16,2.3,-1.84,-1.8,0.91
2024-06-14,002557,96.61,96.49,96.99,94.36,66654,197531738.03,2.74,0.69,0.66,1.31
2024-06-17,002557,96.08,95.04,96.77,94.66,55718,165118900.46,2.19,-1.5,-1.45,1.1
2024-06-18,002557,95.04,94.26,95.37,93.85,44928,131604456.01,1.6,-0.82,-0.78,0.89
2024-06-19,002557,94.26,94.0,94.74,93.85,36285,105766861.2,0.94,-0.28,-0.26,0.72
2024-06-20,002557,94.64,93.6,94.99,93.01,47044,136581436.66,2.11,-0.43,-0.4,0.93
2024-06-21,002557,93.32,93.77,94.23,92.73,34941,100929544.62,1.6,0.18,0.17,0.69
2024-06-24,002557,93.09,92.33,93.19,91.52,46489,132172729.35,1.78,-1.54,-1.44,0.92
2024-06-25,002557,92.33,93.39,93.77,92.33,33714,96838350.94,1.56,1.15,1.06,0.66
2024-06-26,002557,92.63,94.33,94.46,92.23,34792,100589717.78,2.39,1.01,0.94,0.69
2024-06-27,002557,94.31,92.68,94.46,92.53,32600,93771910.59,2.05,-1.75,-1.65,0.64
2024-06-28,002557,92.33,91.75,93.47,91.72,31729,90460892.03,1.89,-1.0,-0.93,0.63
2024-07-01,002557,91.75,92.33,92.56,90.63,37699,106172573.09,2.1,0.63,0.58,0.74
2024-07-02,002557,92.0,91.87,92.73,91.64,32252,91395607.0,1.18,-0.5,-0.46,0.64
2024-07-03,002557,91.87,92.05,92.2,91.14,30346,85537120.45,1.15,0.2,0.18,0.6
2024-07-04,002557,92.08,90.0,92.25,89.49,54307,150103794.04,3.0,-2.23,-2.05,1.07
2024-07-05,002557,89.74,90.4,90.76,89.24,23880,65684202.71,1.69,0.44,0.4,0.47
2024-07-08,002557,90.1,89.03,90.28,88.86,33368,90977275.73,1.57,-1.52,-1.37,0.66
2024-07-09,002557,88.75,88.37,89.26,87.54,40538,108834714.88,1.93,-0.74,-0.66,0.8
2024-07-10,002557,88.45,87.89,89.39,87.72,44036,118480222.89,1.89,-0.54,-0.48,0.87
2024-07-11,002557,88.65,89.74,90.25,88.02,42925,116986876.73,2.54,2.1,1.85,0.85
2024-07-12,002557,90.1,89.19,90.1,88.83,32316,87950963.66,1.42,-0.61,-0.55,0.64
2024-07-15,002557,89.21,89.19,90.05,89.01,36960,100714313.32,1.17,0.0,0.0,0.73
2024-07-16,002557,88.88,89.19,89.34,88.75,21783,59054130.96,0.66,0.0,0.0,0.43
2024-07-17,002557,89.31,90.2,90.33,88.43,54239,148053655.64,2.13,1.13,1.01,1.07
2024-07-18,002557,89.92,90.33,90.86,89.11,50909,140231883.54,1.94,0.14,0.13,1.0
2024-07-19,002557,89.87,90.76,91.42,89.34,51700,143179645.57,2.3,0.48,0.43,1.02
2024-07-22,002557,90.99,88.75,90.99,88.07,77875,211035509.68,3.22,-2.21,-2.01,1.54
2024-07-23,002557,88.55,86.52,88.75,86.45,54055,143875589.3,2.59,-2.51,-2.23,1.07
2024-07-24,002557,86.22,85.61,86.7,85.51,44266,114774984.11,1.38,-1.05,-0.91,0.87
2024-07-25,002557,85.26,85.48,86.68,84.8,38180,98684962.91,2.2,-0.15,-0.13,0.75
2024-07-26,002557,85.76,86.4,86.7,85.59,36544,94956712.27,1.3,1.08,0.92,0.72
2024-07-29,002557,86.57,84.93,86.63,84.85,45192,116010471.75,2.06,-1.7,-1.47,0.89
2024-07-30,002557,84.67,84.12,85.05,83.91,41433,104632559.85,1.34,-0.95,-0.81,0.82
2024-07-31,002557,84.17,87.39,87.44,83.99,79502,206435821.95,4.1,3.89,3.27,1.57
2024-08-01,002557,87.26,86.75,88.22,86.27,52896,139552567.73,2.23,-0.73,-0.64,1.04
2024-08-02,002557,86.4,86.22,87.59,86.14,36209,94991450.57,1.67,-0.61,-0.53,0.71
2024-08-05,002557,86.45,86.63,88.65,85.89,61237,162399875.16,3.2,0.48,0.41,1.21
2024-08-06,002557,86.85,89.62,89.64,86.63,75982,205021204.24,3.47,3.45,2.99,1.5
2024-08-07,002557,89.03,89.36,89.62,88.35,51132,138584120.48,1.42,-0.29,-0.26,1.01
2024-08-08,002557,89.16,91.04,91.87,88.78,63737,177041388.25,3.46,1.88,1.68,1.26
2024-08-09,002557,91.04,89.39,91.54,89.36,43761,120407049.16,2.39,-1.81,-1.65,0.86
2024-08-12,002557,89.39,89.24,90.0,89.01,25034,68275003.56,1.11,-0.17,-0.15,0.49
2024-08-13,002557,89.03,89.34,89.44,88.63,21672,58753999.82,0.91,0.11,0.1,0.43
2024-08-14,002557,89.11,87.23,89.41,87.13,40007,106133349.85,2.55,-2.36,-2.11,0.79
2024-08-15,002557,87.26,87.16,87.87,86.68,28790,75980054.84,1.36,-0.08,-0.07,0.57
2024-08-16,002557,86.7,86.07,87.03,85.74,30884,80266001.58,1.48,-1.25,-1.09,0.61
2024-08-19,002557,85.66,85.97,87.34,85.66,31712,82635859.75,1.95,-0.12,-0.1,0.63
2024-08-20,002557,85.97,84.67,86.17,84.5,27595,70569624.3,1.94,-1.51,-1.3,0.54
2024-08-21,002557,84.57,83.96,84.75,83.81,25825,65223422.32,1.11,-0.84,-0.71,0.51
2024-08-22,002557,83.96,83.05,84.42,82.9,27522,68341694.17,1.81,-1.08,-0.91,0.54
2024-08-23,002557,82.98,85.0,85.41,82.77,42897,108209036.79,3.18,2.35,1.95,0.85
2024-08-26,002557,84.75,85.64,85.76,83.89,35343,90281388.95,2.2,0.75,0.64,0.7
2024-08-27,002557,85.26,85.61,86.3,85.03,28213,72777316.83,1.48,-0.04,-0.03,0.56
2024-08-28,002557,85.13,85.43,85.76,84.67,20856,53380905.0,1.27,-0.21,-0.18,0.41
2024-08-29,002557,82.21,83.81,84.17,80.29,143972,352285496.42,4.54,-1.9,-1.62,2.84
2024-08-30,002557,83.28,83.66,85.33,81.96,96824,241439883.84,4.02,-0.18,-0.15,1.91
2024-09-02,002557,82.98,81.38,83.28,80.92,91028,220960952.57,2.82,-2.73,-2.28,1.8
2024-09-03,002557,81.1,82.21,82.7,81.1,64444,157261360.05,1.97,1.02,0.83,1.27
2024-09-04,002557,81.91,81.73,82.77,81.38,36465,88691839.05,1.69,-0.58,-0.48,0.72
2024-09-05,002557,81.68,84.62,84.65,81.68,85325,214046705.82,3.63,3.54,2.89,1.68
2024-09-06,002557,84.62,85.03,85.76,83.86,50514,129020721.15,2.25,0.48,0.41,1.0
2024-09-09,002557,84.04,84.19,84.55,82.65,60999,152502111.85,2.23,-0.99,-0.84,1.2
2024-09-10,002557,84.5,84.04,85.28,83.28,41846,105390923.13,2.38,-0.18,-0.15,0.83
2024-09-11,002557,83.74,85.43,85.66,83.41,39871,101538636.8,2.68,1.65,1.39,0.79
2024-09-12,002557,85.31,84.62,85.89,84.29,40621,103818353.31,1.87,-0.95,-0.81,0.8
2024-09-13,002557,84.5,83.53,85.05,83.41,28600,72059809.98,1.94,-1.29,-1.09,0.56
2024-09-18,002557,83.3,83.2,83.46,82.47,24853,61399407.02,1.19,-0.4,-0.33,0.49
2024-09-19,002557,86.32,89.49,89.49,85.43,138067,369639209.21,4.88,7.56,6.29,2.72
2024-09-20,002557,88.7,89.46,89.57,87.49,118692,321067963.35,2.32,-0.03,-0.03,2.34
2024-09-23,002557,89.57,89.52,91.24,88.88,85370,235099685.21,2.64,0.07,0.06,1.68
2024-09-24,002557,92.08,93.6,94.03,88.98,146654,415565283.98,5.64,4.56,4.08,2.89
2024-09-25,002557,93.52,91.64,95.32,91.47,116485,334756811.51,4.11,-2.09,-1.96,2.3
2024-09-26,002557,91.64,97.2,97.83,91.52,146076,431191751.55,6.89,6.07,5.56,2.88
2024-09-27,002557,98.87,99.88,102.37,98.19,135504,426616833.9,4.3,2.76,2.68,2.67
2024-09-30,002557,103.18,105.28,107.34,101.66,156625,520931725.4,5.69,5.41,5.4,3.1
2024-10-08,002557,113.67,103.18,113.72,99.2,253828,849894869.33,13.79,-1.99,-2.1,5.02
2024-10-09,002557,100.67,96.97,100.67,95.78,152088,466204511.16,4.74,-6.02,-6.21,3.01
2024-10-10,002557,97.09,97.45,100.29,96.66,140389,431784309.31,3.74,0.49,0.48,2.77
2024-10-11,002557,97.8,95.35,99.0,94.61,108438,326217892.81,4.5,-2.15,-2.1,2.14
2024-10-14,002557,95.85,97.12,97.32,93.44,86012,255328268.63,4.07,1.86,1.77,1.7
2024-10-15,002557,96.74,96.06,98.16,95.85,75557,228413073.97,2.38,-1.09,-1.06,1.49
2024-10-16,002557,95.32,95.88,97.27,94.81,46879,139944902.17,2.56,-0.19,-0.18,0.93
2024-10-17,002557,96.23,94.66,96.64,94.64,51363,152363229.84,2.09,-1.27,-1.22,1.02
2024-10-18,002557,94.64,97.02,98.54,94.56,72372,217288551.64,4.2,2.49,2.36,1.43
2024-10-21,002557,96.71,96.23,97.35,94.84,69015,206173679.86,2.59,-0.81,-0.79,1.36
2024-10-22,002557,95.9,98.97,99.55,95.65,87097,266914843.29,4.05,2.85,2.74,1.72
2024-10-23,002557,98.87,99.02,99.68,98.06,51268,159324889.02,1.64,0.05,0.05,1.01
2024-10-24,002557,98.95,99.15,100.14,97.12,46409,144226559.55,3.05,0.13,0.13,0.92
2024-10-25,002557,102.8,104.4,104.47,101.1,150512,491542090.53,3.4,5.3,5.25,2.98
2024-10-28,002557,104.45,104.45,105.61,101.91,79962,263833633.25,3.54,0.05,0.05,1.58
2024-10-29,002557,104.7,101.66,104.93,101.4,63619,207872836.91,3.38,-2.67,-2.79,1.26
2024-10-30,002557,101.1,100.82,102.6,99.88,63177,201791309.47,2.68,-0.83,-0.84,1.25
2024-10-31,002557,99.93,101.2,101.78,98.77,54353,171523280.58,2.99,0.38,0.38,1.07
2024-11-01,002557,101.0,103.18,103.96,100.14,63499,206049848.4,3.77,1.96,1.98,1.26
2024-11-04,002557,103.13,103.56,104.45,102.01,60336,197765605.75,2.36,0.37,0.38,1.19
2024-11-05,002557,103.1,102.7,103.58,101.53,90609,293931184.88,1.98,-0.83,-0.86,1.79
2024-11-06,002557,102.39,102.06,103.05,101.53,54853,177237075.88,1.48,-0.62,-0.64,1.08
2024-11-07,002557,101.66,105.0,105.16,101.66,131422,435560796.6,3.43,2.88,2.94,2.6
2024-11-08,002557,105.92,102.75,106.73,102.39,100371,329120110.74,4.13,-2.14,-2.25,1.98
2024-11-11,002557,101.43,101.48,102.04,99.68,96408,305583918.33,2.3,-1.24,-1.27,1.91
2024-11-12,002557,101.58,101.58,103.13,100.69,72068,232289823.38,2.4,0.1,0.1,1.42
2024-11-13,002557,101.58,102.29,102.42,100.04,51354,164394234.28,2.34,0.7,0.71,1.02
2024-11-14,002557,101.94,100.92,103.64,100.82,55672,180139908.35,2.76,-1.34,-1.37,1.1
2024-11-15,002557,100.92,100.52,102.19,100.44,40138,128147809.69,1.73,-0.4,-0.4,0.79
2024-11-18,002557,100.37,97.09,100.85,96.66,87138,268934186.67,4.17,-3.41,-3.43,1.72
2024-11-19,002557,97.48,97.4,98.21,96.33,52145,158475670.37,1.94,0.32,0.31,1.03
2024-11-20,002557,97.22,97.48,98.11,96.36,43711,132514036.0,1.8,0.08,0.08,0.86
2024-11-21,002557,97.48,98.21,99.3,96.21,58809,179165944.92,3.17,0.75,0.73,1.16
2024-11-22,002557,97.86,95.32,98.16,95.32,45796,138238704.53,2.89,-2.94,-2.89,0.91
2024-11-25,002557,95.83,96.23,97.3,94.94,47058,140449979.81,2.48,0.95,0.91,0.93
2024-11-26,002557,95.95,96.28,97.2,95.57,34007,102217078.5,1.69,0.05,0.05,0.67
2024-11-27,002557,96.31,98.31,98.34,94.97,49785,150511175.78,3.5,2.11,2.03,0.98
2024-11-28,002557,98.29,96.21,98.29,95.95,50541,152309673.65,2.38,-2.14,-2.1,1.0
2024-11-29,002557,96.16,97.93,99.45,96.16,74791,229247482.7,3.42,1.79,1.72,1.48
2024-12-02,002557,98.11,98.16,99.07,97.22,71924,221495647.78,1.89,0.23,0.23,1.42
2024-12-03,002557,98.06,97.02,98.06,96.49,51757,156758618.2,1.6,-1.16,-1.14,1.02
2024-12-04,002557,96.39,97.37,98.26,96.03,55780,169826128.15,2.3,0.36,0.35,1.1
2024-12-05,002557,96.92,96.39,96.92,95.62,46042,137872069.77,1.34,-1.01,-0.98,0.91
2024-12-06,002557,96.11,96.51,96.99,95.83,49961,149885410.68,1.2,0.12,0.12,0.99
2024-12-09,002557,96.31,95.45,96.92,95.12,61405,183118886.3,1.87,-1.1,-1.06,1.21
2024-12-10,002557,98.39,96.82,99.96,96.69,133541,409270069.83,3.43,1.44,1.37,2.64
2024-12-11,002557,96.84,100.54,101.1,96.74,156082,489135115.88,4.5,3.84,3.72,3.09
2024-12-12,002557,101.15,104.62,105.21,99.5,176252,574464600.42,5.68,4.06,4.08,3.48
2024-12-13,002557,103.94,102.27,103.96,101.48,131934,427541005.86,2.37,-2.25,-2.35,2.61
2024-12-16,002557,101.91,100.82,102.65,100.39,83270,265670077.12,2.21,-1.42,-1.45,1.65
2024-12-17,002557,100.54,99.86,101.28,99.28,57718,181797922.17,1.98,-0.95,-0.96,1.14
2024-12-18,002557,99.91,98.01,100.31,97.78,106416,328435515.07,2.53,-1.85,-1.85,2.1
2024-12-19,002557,96.59,95.73,97.17,94.33,121110,359044801.1,2.9,-2.33,-2.28,2.39
2024-12-20,002557,96.26,98.49,102.37,96.23,194517,610614454.94,6.41,2.88,2.76,3.84
2024-12-23,002557,98.49,98.49,99.73,97.8,100983,312747974.77,1.96,0.0,0.0,2.0
2024-12-24,002557,98.13,100.97,101.4,97.53,108772,340737918.76,3.93,2.52,2.48,2.15
2024-12-25,002557,100.47,99.53,100.64,98.87,74823,234070655.76,1.75,-1.43,-1.44,1.48
2024-12-26,002557,99.53,99.83,100.24,99.0,67445,210964677.96,1.25,0.3,0.3,1.33
2024-12-27,002557,99.4,97.68,99.43,97.6,89466,275365937.18,1.83,-2.15,-2.15,1.77
2024-12-30,002557,97.25,95.83,97.91,95.57,97582,293567654.87,2.4,-1.89,-1.85,1.93
2024-12-31,002557,96.08,93.93,96.49,93.9,116192,342316854.02,2.7,-1.98,-1.9,2.3
2025-01-02,002557,93.95,95.32,97.3,93.93,162626,485025962.8,3.59,1.48,1.39,3.21
2025-01-03,002557,95.07,92.94,95.95,92.58,112420,326812151.66,3.54,-2.5,-2.38,2.22
2025-01-06,002557,92.94,93.24,94.38,92.15,67495,194703467.48,2.4,0.32,0.3,1.33
2025-01-07,002557,93.24,92.86,93.5,91.97,57745,164879159.2,1.64,-0.41,-0.38,1.14
2025-01-08,002557,92.96,92.41,93.17,91.06,64884,184029234.16,2.27,-0.48,-0.45,1.28
2025-01-09,002557,92.28,91.77,92.56,91.34,47273,133628221.38,1.32,-0.69,-0.64,0.93
2025-01-10,002557,91.77,90.02,91.9,90.0,61032,169532333.56,2.07,-1.91,-1.75,1.21
2025-01-13,002557,89.97,91.01,91.01,89.36,46583,128929752.98,1.83,1.1,0.99,0.92
2025-01-14,002557,91.19,92.58,92.79,91.14,75759,214346655.74,1.81,1.73,1.57,1.5
2025-01-15,002557,92.53,91.57,92.84,91.32,57944,163371590.33,1.64,-1.09,-1.01,1.15
2025-01-16,002557,91.57,91.09,92.48,90.5,66216,185582434.89,2.16,-0.52,-0.48,1.31
2025-01-17,002557,90.86,91.8,92.33,90.02,62056,172615138.48,2.54,0.78,0.71,1.23
2025-01-20,002557,92.02,91.64,92.73,91.32,56079,157132850.84,1.54,-0.17,-0.16,1.11
2025-01-21,002557,92.02,91.77,92.2,90.86,53666,148958780.09,1.46,0.14,0.13,1.06
2025-01-22,002557,91.47,91.06,91.67,90.53,49358,136239217.83,1.24,-0.77,-0.71,0.98
2025-01-23,002557,91.67,90.45,91.8,90.25,80900,223577560.27,1.7,-0.67,-0.61,1.6
2025-01-24,002557,90.07,90.05,90.55,89.24,87651,237970773.32,1.45,-0.44,-0.4,1.73
2025-01-27,002557,90.48,90.17,91.64,90.0,79147,217638831.72,1.82,0.13,0.12,1.56
2025-02-05,002557,90.66,88.98,90.66,88.78,76776,206250728.4,2.08,-1.32,-1.19,1.52
2025-02-06,002557,88.73,89.44,89.54,88.73,51745,139198469.86,0.91,0.52,0.46,1.02
2025-02-07,002557,89.49,90.12,90.83,88.86,82947,225426648.47,2.2,0.76,0.68,1.64
2025-02-10,002557,90.45,90.68,91.04,89.79,78341,214178584.8,1.39,0.62,0.56,1.55
2025-02-11,002557,90.99,90.05,90.99,89.36,57947,157329898.57,1.8,-0.69,-0.63,1.15
2025-02-12,002557,89.84,89.84,90.12,89.11,74283,200551900.87,1.12,-0.23,-0.21,1.47
2025-02-13,002557,89.77,90.1,90.66,89.49,80840,220428901.21,1.3,0.29,0.26,1.6
2025-02-14,002557,90.0,90.58,90.68,89.64,61226,167034599.01,1.15,0.53,0.48,1.21
2025-02-17,002557,91.39,90.3,91.7,90.17,92717,254858204.12,1.69,-0.31,-0.28,1.83
2025-02-18,002557,90.38,90.33,91.49,89.49,91849,251901519.8,2.21,0.03,0.03,1.82
2025-02-19,002557,89.64,90.28,90.33,89.11,75746,205381425.91,1.35,-0.06,-0.05,1.5
2025-02-20,002557,90.0,91.57,92.02,89.87,116667,322411207.05,2.38,1.43,1.29,2.31
2025-02-21,002557,91.57,90.88,91.72,90.45,94288,259609507.86,1.39,-0.75,-0.69,1.86
2025-02-24,002557,90.88,91.42,92.23,90.86,89072,247372555.77,1.51,0.59,0.54,1.76
2025-02-25,002557,91.01,89.97,91.75,89.84,62965,172701885.31,2.09,-1.59,-1.45,1.24
2025-02-26,002557,87.97,87.99,88.2,86.6,205422,537315698.92,1.78,-2.2,-1.98,4.06
2025-02-27,002557,88.05,89.19,89.41,87.51,132964,355112551.26,2.16,1.36,1.2,2.63
2025-02-28,002557,89.06,87.89,90.2,87.72,128488,345000066.21,2.78,-1.46,-1.3,2.54
2025-03-03,002557,87.89,87.03,88.93,86.68,109662,287977031.06,2.56,-0.98,-0.86,2.17
2025-03-04,002557,86.7,86.83,87.06,86.09,72849,188161708.13,1.11,-0.23,-0.2,1.44
2025-03-05,002557,86.88,86.52,87.11,86.3,54636,141045485.8,0.93,-0.36,-0.31,1.08
2025-03-06,002557,86.63,87.03,87.16,86.25,73408,190101610.47,1.05,0.59,0.51,1.45
2025-03-07,002557,86.98,86.7,87.16,86.45,74395,192908617.42,0.82,-0.38,-0.33,1.47
2025-03-10,002557,86.7,87.21,87.23,86.35,71697,185903479.39,1.01,0.59,0.51,1.42
2025-03-11,002557,86.73,87.82,87.82,86.6,80150,209582036.64,1.4,0.7,0.61,1.59
2025-03-12,002557,87.92,87.18,88.22,87.18,89669,234931164.62,1.18,-0.73,-0.64,1.78
2025-03-13,002557,87.11,86.95,87.44,86.7,60133,156522739.79,0.85,-0.26,-0.23,1.19
2025-03-14,002557,87.16,89.87,90.05,87.03,205028,549399884.94,3.47,3.36,2.92,4.06
2025-03-17,002557,90.2,89.52,90.91,89.52,116404,317300687.96,1.55,-0.39,-0.35,2.31
2025-03-18,002557,89.82,89.36,89.92,89.01,72020,194001475.07,1.02,-0.18,-0.16,1.43
2025-03-19,002557,89.36,89.52,89.62,88.91,51905,139543625.1,0.79,0.18,0.16,1.03
2025-03-20,002557,89.26,88.2,89.46,88.07,74276,197920769.54,1.55,-1.47,-1.32,1.47
2025-03-21,002557,88.07,87.59,88.43,87.21,57210,150609195.33,1.38,-0.69,-0.61,1.13
2025-03-24,002557,87.84,87.92,87.94,87.13,47416,124445061.73,0.92,0.38,0.33,0.94
2025-03-25,002557,87.82,88.63,88.65,87.39,61275,162069849.37,1.43,0.81,0.71,1.21
2025-03-26,002557,88.4,88.15,88.7,88.07,46124,122380810.67,0.71,-0.54,-0.48,0.91
2025-03-27,002557,88.05,88.43,88.55,87.77,36766,97475385.35,0.88,0.32,0.28,0.73
2025-03-28,002557,88.4,87.69,88.65,87.64,40238,106366362.97,1.14,-0.84,-0.74,0.8
2025-03-31,002557,87.61,86.85,87.92,86.8,53192,138912572.68,1.28,-0.96,-0.84,1.05
2025-04-01,002557,86.95,87.64,87.79,86.7,39030,102232761.46,1.26,0.91,0.79,0.77
2025-04-02,002557,87.64,87.94,88.4,87.39,41750,110300647.39,1.15,0.34,0.3,0.83
2025-04-03,002557,87.51,88.48,88.58,87.26,51054,135212582.86,1.5,0.61,0.54,1.01
2025-04-07,002557,85.86,82.62,87.46,81.73,124448,311393384.79,6.48,-6.62,-5.86,2.47
2025-04-08,002557,83.05,86.07,86.45,83.05,114852,290176553.41,4.12,4.18,3.45,2.28
2025-04-09,002557,85.31,87.49,87.82,84.47,93670,241138886.07,3.89,1.65,1.42,1.86
2025-04-10,002557,87.06,88.53,89.06,86.52,105228,278061024.18,2.9,1.19,1.04,2.08
2025-04-11,002557,87.66,87.39,88.15,87.06,68756,180406977.68,1.23,-1.29,-1.14,1.36
2025-04-14,002557,87.39,88.2,88.6,87.11,68188,180225653.53,1.71,0.93,0.81,1.35
2025-04-15,002557,88.12,89.92,90.61,87.59,159622,431682739.36,3.42,1.95,1.72,3.16
2025-04-16,002557,89.24,90.73,90.73,88.98,133832,364086760.72,1.95,0.9,0.81,2.65
2025-04-17,002557,90.1,91.37,92.28,89.41,145608,401825926.43,3.16,0.71,0.64,2.88
2025-04-18,002557,90.76,88.73,91.11,88.68,107764,291293883.48,2.66,-2.89,-2.64,2.13
2025-04-21,002557,88.43,88.73,89.16,88.1,73229,195028374.5,1.19,0.0,0.0,1.45
2025-04-22,002557,88.35,88.45,89.49,87.49,79676,211683430.62,2.25,-0.32,-0.28,1.58
2025-04-23,002557,88.1,86.7,88.22,86.65,96025,250616488.56,1.78,-1.98,-1.75,1.9
2025-04-24,002557,80.26,81.86,82.65,80.26,270948,648654025.86,2.76,-5.58,-4.84,5.37
2025-04-25,002557,81.58,81.61,82.24,81.1,102716,245677470.99,1.39,-0.31,-0.25,2.03
