日期,股票代码,开盘,收盘,最高,最低,成交量,成交额,振幅,涨跌幅,涨跌额,换手率
2017-01-10,002840,7.86,9.43,9.43,7.86,128,120381.0,23.97,43.97,2.88,0.03
2017-01-11,002840,10.37,10.37,10.37,10.37,52,53924.0,0.0,9.97,0.94,0.01
2017-01-12,002840,11.41,11.41,11.41,11.41,56,63371.0,0.0,10.03,1.04,0.01
2017-01-13,002840,12.55,12.55,12.55,12.55,174,218545.0,0.0,9.99,1.14,0.04
2017-01-16,002840,13.81,13.81,13.81,13.81,569,785457.0,0.0,10.04,1.26,0.13
2017-01-17,002840,15.19,15.19,15.19,15.19,411,624855.0,0.0,9.99,1.38,0.09
2017-01-18,002840,16.71,16.71,16.71,16.71,305,509287.0,0.0,10.01,1.52,0.07
2017-01-19,002840,18.38,18.38,18.38,18.38,910,1671826.0,0.0,9.99,1.67,0.2
2017-01-20,002840,20.22,20.22,20.22,20.22,4142,8375022.0,0.0,10.01,1.84,0.93
2017-01-23,002840,22.24,22.24,22.24,22.24,1418,3154454.0,0.0,9.99,2.02,0.32
2017-01-24,002840,24.46,22.7,24.46,22.6,271124,637056224.0,8.36,2.07,0.46,60.7
2017-01-25,002840,21.61,22.3,22.95,21.22,178669,392752608.0,7.62,-1.76,-0.4,40.0
2017-01-26,002840,22.21,23.2,23.5,21.88,169418,383667024.0,7.26,4.04,0.9,37.93
2017-02-03,002840,22.85,22.53,23.04,22.22,89108,201740057.0,3.53,-2.89,-0.67,19.95
2017-02-06,002840,23.1,24.78,24.78,23.1,183961,445327920.0,7.46,9.99,2.25,41.19
2017-02-07,002840,24.68,24.61,24.68,23.84,150418,365960368.0,3.39,-0.69,-0.17,33.68
2017-02-08,002840,24.43,25.39,26.55,24.15,165478,419428496.0,9.75,3.17,0.78,37.05
2017-02-09,002840,25.2,25.7,27.26,25.15,157253,411907408.0,8.31,1.22,0.31,35.21
2017-02-10,002840,25.65,25.85,26.2,25.25,112862,290303520.0,3.7,0.58,0.15,25.27
2017-02-13,002840,26.0,28.44,28.44,25.85,116323,316713520.0,10.02,10.02,2.59,26.04
2017-02-14,002840,29.8,31.28,31.28,27.98,126526,378681376.0,11.6,9.99,2.84,28.33
2017-02-15,002840,31.28,31.44,34.38,29.87,246004,792540944.0,14.42,0.51,0.16,55.08
2017-02-16,002840,30.11,29.1,30.64,28.44,160722,476478784.0,7.0,-7.44,-2.34,35.98
2017-02-17,002840,28.5,27.71,29.33,27.7,111692,315005888.0,5.6,-4.78,-1.39,25.01
2017-02-20,002840,27.4,27.12,27.6,26.62,73398,198839549.0,3.54,-2.13,-0.59,16.43
2017-02-21,002840,27.28,27.58,27.9,27.23,82299,226999178.0,2.47,1.7,0.46,18.43
2017-02-22,002840,27.36,26.71,27.4,26.4,81117,217779302.0,3.63,-3.15,-0.87,18.16
2017-02-23,002840,26.87,27.55,27.97,26.87,87468,239987784.0,4.12,3.14,0.84,19.58
2017-02-24,002840,27.8,29.0,29.96,27.49,126166,363065424.0,8.97,5.26,1.45,28.25
2017-02-27,002840,28.7,29.18,29.2,28.07,86754,248708232.0,3.9,0.62,0.18,19.42
2017-02-28,002840,28.85,29.4,29.49,28.56,75748,220151780.0,3.19,0.75,0.22,16.96
2017-03-01,002840,29.33,28.5,29.66,28.49,68950,200032698.0,3.98,-3.06,-0.9,15.44
2017-03-02,002840,28.39,28.88,29.3,28.06,77055,221592469.0,4.35,1.33,0.38,17.25
2017-03-03,002840,28.57,29.09,29.21,28.27,63153,182343175.0,3.25,0.73,0.21,14.14
2017-03-06,002840,29.14,30.51,30.69,28.93,131255,391700224.0,6.05,4.88,1.42,29.39
2017-03-07,002840,30.2,30.56,30.88,29.79,104548,317820496.0,3.57,0.16,0.05,23.41
2017-03-08,002840,30.65,31.65,32.61,30.65,121355,386318704.0,6.41,3.57,1.09,27.17
2017-03-09,002840,31.39,30.0,31.57,29.72,97072,295516064.0,5.85,-5.21,-1.65,21.73
2017-03-10,002840,29.76,30.02,30.58,29.76,52951,159906309.0,2.73,0.07,0.02,11.85
2017-03-13,002840,29.89,30.19,30.28,28.82,52142,154494368.0,4.86,0.57,0.17,11.67
2017-03-14,002840,30.0,30.59,30.93,29.98,59382,181460831.0,3.15,1.32,0.4,13.29
2017-03-15,002840,30.4,30.02,30.4,29.9,49242,148316807.0,1.63,-1.86,-0.57,11.02
2017-03-16,002840,30.15,31.17,31.98,30.15,93311,291059200.0,6.1,3.83,1.15,20.89
2017-03-17,002840,31.35,30.64,31.97,30.62,86740,271670208.0,4.33,-1.7,-0.53,19.42
2017-03-20,002840,30.22,31.66,31.66,30.02,68814,213724971.0,5.35,3.33,1.02,15.41
2017-03-21,002840,31.65,32.92,33.65,31.61,129722,423392640.0,6.44,3.98,1.26,29.04
2017-03-22,002840,32.35,32.91,33.31,31.89,101497,331046240.0,4.31,-0.03,-0.01,22.72
2017-03-23,002840,32.88,32.23,33.3,30.56,100164,321780304.0,8.33,-2.07,-0.68,22.42
2017-03-24,002840,31.69,32.24,32.77,31.65,59970,194041363.0,3.48,0.03,0.01,13.43
2017-03-27,002840,32.27,32.33,32.46,31.6,50494,161857701.0,2.67,0.28,0.09,11.3
2017-03-28,002840,32.38,31.12,32.45,31.01,61144,194054688.0,4.45,-3.74,-1.21,13.69
2017-03-29,002840,30.93,29.6,31.35,29.16,70343,211559678.0,7.04,-4.88,-1.52,15.75
2017-03-30,002840,29.35,28.78,29.35,28.26,44719,128924195.0,3.68,-2.77,-0.82,10.01
2017-03-31,002840,29.7,29.06,30.48,29.03,41477,122900153.0,5.04,0.97,0.28,9.29
2017-04-05,002840,28.8,29.78,29.99,28.46,31333,92128621.0,5.26,2.48,0.72,7.01
2017-04-06,002840,29.78,29.82,30.46,29.56,30196,90592974.0,3.02,0.13,0.04,6.76
2017-04-07,002840,29.6,28.94,29.91,28.86,31078,91304987.0,3.52,-2.95,-0.88,6.96
2017-04-10,002840,28.53,26.6,28.91,26.45,45835,125505272.0,8.5,-8.09,-2.34,10.26
2017-04-11,002840,26.5,27.3,27.37,26.16,26368,70928309.0,4.55,2.63,0.7,5.9
2017-04-12,002840,27.23,26.7,27.37,26.68,18397,49659231.0,2.53,-2.2,-0.6,4.12
2017-04-13,002840,26.8,26.78,27.22,26.7,11597,31224797.0,1.95,0.3,0.08,2.6
2017-04-14,002840,26.7,26.22,26.83,26.22,12756,33838859.0,2.28,-2.09,-0.56,2.86
2017-04-17,002840,25.0,24.65,25.5,24.2,28725,71234215.0,4.96,-5.99,-1.57,6.43
2017-04-18,002840,24.6,24.21,25.13,24.16,17470,43122070.0,3.94,-1.78,-0.44,3.91
2017-04-19,002840,24.17,24.96,25.08,23.83,27608,67821223.0,5.16,3.1,0.75,6.18
2017-04-20,002840,25.18,25.43,25.48,24.68,23187,58211429.0,3.21,1.88,0.47,5.19
2017-04-21,002840,25.02,25.13,25.39,24.95,24757,62335962.0,1.73,-1.18,-0.3,5.54
2017-04-24,002840,24.9,24.52,25.1,24.08,18166,44435672.0,4.06,-2.43,-0.61,4.07
2017-04-25,002840,24.69,24.69,25.14,24.6,15470,38500222.0,2.2,0.69,0.17,3.46
2017-04-26,002840,24.75,25.06,25.23,24.5,18754,46821466.0,2.96,1.5,0.37,4.2
2017-04-27,002840,24.95,25.96,26.08,24.57,32525,82715528.0,6.03,3.59,0.9,7.28
2017-04-28,002840,25.82,26.55,26.67,25.8,28146,74127441.0,3.35,2.27,0.59,6.3
2017-05-02,002840,26.3,26.52,26.78,26.15,18044,47843279.0,2.37,-0.11,-0.03,4.04
2017-05-03,002840,26.33,26.93,26.98,26.33,19321,51396391.0,2.45,1.55,0.41,4.33
2017-05-04,002840,26.94,26.92,27.45,26.43,28290,76533616.0,3.79,-0.04,-0.01,6.33
2017-05-05,002840,26.64,26.65,26.95,26.56,17823,47616415.0,1.45,-1.0,-0.27,3.99
2017-05-08,002840,26.4,25.79,26.56,25.79,20339,53361121.0,2.89,-3.23,-0.86,4.55
2017-05-09,002840,25.51,26.45,26.65,25.5,12549,32827301.0,4.46,2.56,0.66,2.81
2017-05-10,002840,26.67,26.24,26.88,26.03,14433,38328966.0,3.21,-0.79,-0.21,3.23
2017-05-11,002840,25.99,26.65,26.68,25.01,25643,66281777.0,6.36,1.56,0.41,5.74
2017-05-12,002840,26.5,26.52,26.75,26.12,18229,48300274.0,2.36,-0.49,-0.13,4.08
2017-05-15,002840,26.69,26.53,26.95,26.2,22373,59409901.0,2.83,0.04,0.01,5.01
2017-05-16,002840,26.41,26.9,26.94,25.95,22671,60056949.0,3.73,1.39,0.37,5.08
2017-05-17,002840,26.86,26.79,27.26,26.67,16136,43420206.0,2.19,-0.41,-0.11,3.61
2017-05-18,002840,26.59,26.61,26.97,26.58,16031,42879429.0,1.46,-0.67,-0.18,3.59
2017-05-19,002840,26.61,26.38,26.66,26.36,10363,27440474.0,1.13,-0.86,-0.23,2.32
2017-05-22,002840,26.3,25.39,26.38,24.91,19152,48925725.0,5.57,-3.75,-0.99,4.29
2017-05-23,002840,25.01,24.97,25.99,23.9,24098,59110114.0,8.23,-1.65,-0.42,5.4
2017-05-24,002840,24.66,24.9,25.0,24.09,7766,19124320.0,3.64,-0.28,-0.07,1.74
2017-05-25,002840,24.81,24.71,24.92,24.25,8976,22081081.0,2.69,-0.76,-0.19,2.01
2017-05-26,002840,24.69,24.85,25.2,24.6,7815,19466110.0,2.43,0.57,0.14,1.75
2017-05-31,002840,25.7,24.72,25.7,24.65,9732,24497907.0,4.23,-0.52,-0.13,2.18
2017-06-01,002840,24.66,23.9,24.66,23.65,12339,29645815.0,4.09,-3.32,-0.82,2.76
2017-06-02,002840,23.78,24.45,24.54,23.31,7663,18505666.0,5.15,2.3,0.55,1.72
2017-06-05,002840,24.66,24.61,24.96,24.41,8830,21855314.0,2.25,0.65,0.16,1.98
2017-06-06,002840,24.46,24.72,24.82,24.15,4396,10822822.0,2.72,0.45,0.11,0.98
2017-06-07,002840,24.78,25.22,25.5,24.52,14540,36523557.0,3.96,2.02,0.5,3.26
2017-06-08,002840,25.25,25.18,25.35,25.1,11285,28438081.0,0.99,-0.16,-0.04,2.53
2017-06-09,002840,25.24,25.61,25.68,24.74,31765,80442837.0,3.73,1.71,0.43,7.11
2017-06-12,002840,25.1,24.79,25.3,24.48,11650,29007548.0,3.2,-3.2,-0.82,2.61
2017-06-13,002840,24.39,25.2,25.36,24.39,8931,22392726.0,3.91,1.65,0.41,2.0
2017-06-14,002840,25.0,24.96,25.25,24.89,6512,16284352.0,1.43,-0.95,-0.24,1.46
2017-06-15,002840,24.85,25.35,25.5,24.85,13332,33708480.0,2.6,1.56,0.39,2.98
2017-06-16,002840,25.37,25.02,25.38,24.91,6611,16589250.0,1.85,-1.3,-0.33,1.48
2017-06-19,002840,24.98,25.08,25.38,24.86,5292,13291101.0,2.08,0.24,0.06,1.18
2017-06-20,002840,25.32,25.15,25.55,25.12,6807,17197567.0,1.71,0.28,0.07,1.52
2017-06-21,002840,25.13,25.14,25.25,25.02,7555,18977623.0,0.91,-0.04,-0.01,1.69
2017-06-22,002840,25.15,24.8,25.19,24.59,6936,17321840.0,2.39,-1.35,-0.34,1.55
2017-06-23,002840,24.71,25.09,25.2,24.61,21391,53400918.0,2.38,1.17,0.29,4.79
2017-06-26,002840,25.07,25.26,25.33,24.91,9364,23544236.0,1.67,0.68,0.17,2.1
2017-06-27,002840,25.27,25.26,25.42,25.14,5631,14240087.0,1.11,0.0,0.0,1.26
2017-06-28,002840,25.2,25.17,25.26,25.02,4972,12509204.0,0.95,-0.36,-0.09,1.11
2017-06-29,002840,25.26,25.35,25.42,25.14,6602,16702880.0,1.11,0.72,0.18,1.48
2017-06-30,002840,25.3,25.47,25.65,25.3,11088,28225369.0,1.38,0.47,0.12,2.48
2017-07-03,002840,25.47,26.6,26.88,25.47,17152,45267809.0,5.54,4.44,1.13,3.84
2017-07-04,002840,26.5,26.79,26.99,26.06,14213,37584400.0,3.5,0.71,0.19,3.18
2017-07-05,002840,26.41,26.59,26.85,26.41,8645,22927612.0,1.64,-0.75,-0.2,1.94
2017-07-06,002840,26.5,26.62,27.01,26.37,10498,27905312.0,2.41,0.11,0.03,2.35
2017-07-07,002840,26.66,27.45,27.48,26.66,22022,59729369.0,3.08,3.12,0.83,4.93
2017-07-10,002840,27.61,27.16,28.36,27.11,30134,82941017.0,4.55,-1.06,-0.29,6.75
2017-07-11,002840,27.11,27.01,27.68,26.8,14315,38640171.0,3.24,-0.55,-0.15,3.2
2017-07-12,002840,26.9,27.66,27.66,26.71,15905,43130561.0,3.52,2.41,0.65,3.56
2017-07-13,002840,27.47,27.44,28.05,27.32,13214,36387632.0,2.64,-0.8,-0.22,2.96
2017-07-14,002840,27.54,26.62,27.54,26.61,9898,26537382.0,3.39,-2.99,-0.82,2.22
2017-07-17,002840,26.55,25.51,26.63,23.97,18668,47282873.0,9.99,-4.17,-1.11,4.18
2017-07-18,002840,25.4,25.79,26.07,24.69,5633,14353398.0,5.41,1.1,0.28,1.26
2017-07-19,002840,25.69,25.99,26.11,25.36,4774,12259664.0,2.91,0.78,0.2,1.07
2017-07-20,002840,25.72,25.72,26.39,25.72,4815,12507632.0,2.58,-1.04,-0.27,1.08
2017-07-21,002840,25.71,25.61,25.96,25.53,4551,11627039.0,1.67,-0.43,-0.11,1.02
2017-07-24,002840,25.53,25.88,26.1,25.53,4883,12553291.0,2.23,1.05,0.27,1.09
2017-07-25,002840,25.81,26.34,26.65,25.63,10996,28563241.0,3.94,1.78,0.46,2.46
2017-07-26,002840,26.33,26.11,26.6,26.03,4528,11800204.0,2.16,-0.87,-0.23,1.01
2017-07-27,002840,26.11,26.65,26.71,25.84,8897,23359544.0,3.33,2.07,0.54,1.99
2017-07-28,002840,26.89,26.14,26.89,26.11,5037,13219625.0,2.93,-1.91,-0.51,1.13
2017-07-31,002840,25.86,25.93,26.26,25.83,5441,14058666.0,1.64,-0.8,-0.21,1.22
2017-08-01,002840,25.86,26.2,26.25,25.73,13407,34682337.0,2.01,1.04,0.27,3.0
2017-08-02,002840,26.18,26.06,26.47,25.91,7759,20149983.0,2.14,-0.53,-0.14,1.74
2017-08-03,002840,25.83,26.06,26.31,25.81,6298,16369340.0,1.92,0.0,0.0,1.41
2017-08-04,002840,25.91,26.02,26.26,25.84,8035,20798694.0,1.61,-0.15,-0.04,1.8
2017-08-07,002840,25.96,25.87,26.1,25.81,3415,8817701.0,1.11,-0.58,-0.15,0.76
2017-08-08,002840,25.79,26.61,26.61,25.51,13025,34043311.0,4.25,2.86,0.74,2.92
2017-08-09,002840,26.59,25.92,26.62,25.92,9162,23920117.0,2.63,-2.59,-0.69,2.05
2017-08-10,002840,25.72,25.52,26.08,25.52,5124,13154240.0,2.16,-1.54,-0.4,1.15
2017-08-11,002840,25.49,24.99,25.49,24.89,6087,15212790.0,2.35,-2.08,-0.53,1.36
2017-08-14,002840,25.0,25.21,25.41,25.0,3059,7698478.0,1.64,0.88,0.22,0.68
2017-08-15,002840,25.21,25.28,25.37,25.13,3619,9091685.0,0.95,0.28,0.07,0.81
2017-08-16,002840,25.21,25.5,25.58,25.12,3676,9298646.0,1.82,0.87,0.22,0.82
2017-08-17,002840,25.5,25.44,25.6,25.25,4062,10251330.0,1.37,-0.24,-0.06,0.91
2017-08-18,002840,25.22,25.32,25.46,25.17,3943,9942126.0,1.14,-0.47,-0.12,0.88
2017-08-21,002840,25.44,25.9,25.96,25.44,4904,12545279.0,2.05,2.29,0.58,1.1
2017-08-22,002840,25.81,25.92,26.31,25.67,5319,13772414.0,2.47,0.08,0.02,1.19
2017-08-23,002840,26.06,25.48,26.06,25.36,4549,11599506.0,2.7,-1.7,-0.44,1.02
2017-08-24,002840,25.48,25.22,25.61,25.17,4102,10355130.0,1.73,-1.02,-0.26,0.92
2017-08-25,002840,25.14,25.41,25.51,25.13,3825,9654684.0,1.51,0.75,0.19,0.86
2017-08-28,002840,25.45,26.02,26.03,25.45,11615,29917299.0,2.28,2.4,0.61,2.6
2017-08-29,002840,26.04,26.21,26.35,25.74,11297,29296042.0,2.34,0.73,0.19,2.53
2017-08-30,002840,25.99,26.08,26.46,25.87,7618,19881247.0,2.25,-0.5,-0.13,1.71
2017-08-31,002840,25.97,26.53,26.54,25.97,11940,31315989.0,2.19,1.73,0.45,2.67
2017-09-01,002840,26.46,26.88,27.07,26.28,18344,48859084.0,2.98,1.32,0.35,4.11
2017-09-04,002840,26.89,26.66,27.59,26.11,19331,51843520.0,5.51,-0.82,-0.22,4.33
2017-09-05,002840,26.59,26.97,27.07,26.41,10046,26897722.0,2.48,1.16,0.31,2.25
2017-09-06,002840,26.81,26.95,27.0,26.71,9830,26315052.0,1.08,-0.07,-0.02,2.2
2017-09-07,002840,26.96,27.23,27.31,26.76,12560,33964685.0,2.04,1.04,0.28,2.81
2017-09-08,002840,27.23,27.6,27.61,27.06,21959,60141580.0,2.02,1.36,0.37,4.92
2017-09-11,002840,27.56,27.58,28.09,27.34,16478,45493989.0,2.72,-0.07,-0.02,3.69
2017-09-12,002840,27.44,27.58,28.11,27.44,26996,74577484.0,2.43,0.0,0.0,6.04
2017-09-13,002840,27.56,28.16,28.16,27.44,15391,42671185.0,2.61,2.1,0.58,3.45
2017-09-14,002840,28.41,28.13,28.88,28.11,31157,88543013.0,2.73,-0.11,-0.03,6.98
2017-09-15,002840,27.85,28.46,29.4,27.49,27330,76695251.0,6.79,1.17,0.33,6.12
2017-09-18,002840,28.14,28.58,28.87,28.02,13176,37487716.0,2.99,0.42,0.12,2.95
2017-09-19,002840,28.61,28.33,28.89,28.26,10585,30096523.0,2.2,-0.87,-0.25,2.37
2017-09-20,002840,28.61,28.41,28.61,28.11,9371,26455970.0,1.76,0.28,0.08,2.1
2017-09-21,002840,28.19,28.11,28.58,27.83,11663,32711244.0,2.64,-1.06,-0.3,2.61
2017-09-22,002840,28.27,27.93,28.27,27.79,6073,16867210.0,1.71,-0.64,-0.18,1.36
2017-09-25,002840,27.46,27.74,28.63,27.46,15845,44389981.0,4.19,-0.68,-0.19,3.55
2017-09-26,002840,27.7,27.84,28.0,27.51,5087,14099976.0,1.77,0.36,0.1,1.14
2017-09-27,002840,28.0,28.39,28.84,27.21,32839,92995804.0,5.85,1.98,0.55,7.35
2017-09-28,002840,28.26,28.94,29.19,28.26,25170,71941664.0,3.28,1.94,0.55,5.64
2017-09-29,002840,28.94,29.16,29.19,28.71,18710,54250037.0,1.66,0.76,0.22,4.19
2017-10-09,002840,29.21,29.17,29.41,28.81,15329,44495958.0,2.06,0.03,0.01,3.43
2017-10-10,002840,29.17,29.15,29.24,28.91,6366,18440535.0,1.13,-0.07,-0.02,1.43
2017-10-11,002840,29.05,29.16,29.26,29.01,4383,12719835.0,0.86,0.03,0.01,0.98
2017-10-12,002840,29.18,29.15,29.56,29.01,7021,20497260.0,1.89,-0.03,-0.01,1.57
2017-10-13,002840,29.01,29.35,29.83,29.01,19381,57172376.0,2.81,0.69,0.2,4.34
2017-10-16,002840,29.25,29.15,29.78,28.97,8170,23949942.0,2.76,-0.68,-0.2,1.83
2017-10-17,002840,29.5,29.31,29.56,29.04,8700,25378611.0,1.78,0.55,0.16,1.95
2017-10-18,002840,29.51,28.99,29.51,28.99,6733,19549009.0,1.77,-1.09,-0.32,1.51
2017-10-19,002840,28.71,29.09,29.24,28.6,6269,18134214.0,2.21,0.34,0.1,1.4
2017-10-20,002840,28.84,29.27,29.51,28.84,4392,12816900.0,2.3,0.62,0.18,0.98
2017-10-23,002840,29.49,29.32,29.49,29.13,2800,8169342.0,1.23,0.17,0.05,0.63
2017-10-24,002840,29.27,29.66,29.83,29.22,9304,27459853.0,2.08,1.16,0.34,2.08
2017-10-25,002840,29.72,30.26,30.3,29.54,19242,57460101.0,2.56,2.02,0.6,4.31
2017-10-26,002840,30.66,30.37,30.68,30.29,14444,43932724.0,1.29,0.36,0.11,3.23
2017-10-27,002840,30.48,30.36,30.63,30.11,10183,30779327.0,1.71,-0.03,-0.01,2.28
2017-10-30,002840,30.21,30.44,30.71,29.4,9517,28568430.0,4.31,0.26,0.08,2.13
2017-10-31,002840,30.54,30.41,30.74,30.15,11320,34340826.0,1.94,-0.1,-0.03,2.53
2017-11-01,002840,30.54,30.7,30.71,30.33,5588,17047806.0,1.25,0.95,0.29,1.25
2017-11-02,002840,30.74,29.94,30.74,29.94,8911,26909454.0,2.61,-2.48,-0.76,1.99
2017-11-03,002840,29.9,29.69,30.11,29.64,5112,15189307.0,1.57,-0.84,-0.25,1.14
2017-11-06,002840,29.98,30.06,30.25,29.41,3537,10553028.0,2.83,1.25,0.37,0.79
2017-11-07,002840,29.91,30.71,30.88,29.77,11677,35578984.0,3.69,2.16,0.65,2.61
2017-11-08,002840,30.49,30.47,30.82,30.43,5815,17772922.0,1.27,-0.78,-0.24,1.3
2017-11-09,002840,30.51,30.86,30.86,30.47,19779,60601354.0,1.28,1.28,0.39,4.43
2017-11-10,002840,30.79,31.81,31.86,30.79,17846,56086019.0,3.47,3.08,0.95,4.0
2017-11-13,002840,31.91,32.11,32.54,31.62,10875,34680187.0,2.89,0.94,0.3,2.43
2017-11-14,002840,32.16,32.0,32.3,31.61,16927,53941133.0,2.15,-0.34,-0.11,3.79
2017-11-15,002840,31.81,30.51,32.94,29.47,59569,179305770.0,10.84,-4.66,-1.49,13.34
2017-11-16,002840,29.71,30.41,30.41,29.61,21993,65527556.0,2.62,-0.33,-0.1,4.92
2017-11-17,002840,30.35,30.16,30.41,29.51,12028,35774726.0,2.96,-0.82,-0.25,2.69
2017-11-20,002840,29.82,31.06,31.17,28.81,14856,44598234.0,7.82,2.98,0.9,3.33
2017-11-21,002840,31.06,34.16,34.16,31.06,52379,173304829.0,9.98,9.98,3.1,11.73
2017-11-22,002840,34.22,33.31,34.41,33.31,29184,97664320.0,3.22,-2.49,-0.85,6.53
2017-11-23,002840,33.38,32.92,33.54,32.74,14687,48312948.0,2.4,-1.17,-0.39,3.29
2017-11-24,002840,32.59,33.06,33.11,32.42,9220,30239539.0,2.1,0.43,0.14,2.06
2017-11-27,002840,32.11,32.71,33.35,32.11,14458,47463590.0,3.75,-1.06,-0.35,3.24
2017-11-28,002840,31.11,32.75,33.14,31.05,10038,32761346.0,6.39,0.12,0.04,2.25
2017-11-29,002840,32.69,33.4,33.51,32.39,9950,32778296.0,3.42,1.98,0.65,2.23
2017-11-30,002840,33.25,33.56,33.8,33.04,11182,37338381.0,2.28,0.48,0.16,2.5
2017-12-01,002840,33.56,33.4,33.86,32.56,24575,80987863.0,3.87,-0.48,-0.16,5.5
2017-12-04,002840,33.12,32.93,33.37,32.84,10481,34447739.0,1.59,-1.41,-0.47,2.35
2017-12-05,002840,32.91,33.39,33.6,32.17,28233,92216536.0,4.34,1.4,0.46,6.32
2017-12-06,002840,32.92,33.56,33.59,32.8,9817,32561276.0,2.37,0.51,0.17,2.2
2017-12-07,002840,33.51,34.29,34.81,33.51,19756,67492505.0,3.87,2.18,0.73,4.42
2017-12-08,002840,34.09,35.76,35.76,33.86,20941,72994312.0,5.54,4.29,1.47,4.69
2017-12-11,002840,36.21,36.39,36.5,35.14,14995,53505517.0,3.8,1.76,0.63,3.36
2017-12-12,002840,36.22,36.59,37.01,36.21,22962,83720796.0,2.2,0.55,0.2,5.14
2017-12-13,002840,36.01,38.6,39.01,36.01,38115,142418371.0,8.2,5.49,2.01,8.53
2017-12-14,002840,38.44,38.06,38.86,37.35,28210,107426024.0,3.91,-1.4,-0.54,6.32
2017-12-15,002840,37.82,36.96,38.11,36.47,18741,68934156.0,4.31,-2.89,-1.1,4.2
2017-12-18,002840,36.96,36.69,36.98,36.39,7894,28848174.0,1.6,-0.73,-0.27,1.77
2017-12-19,002840,36.41,36.71,37.03,36.12,8721,31941264.0,2.48,0.05,0.02,1.95
2017-12-20,002840,36.74,36.56,36.74,36.26,7427,26978838.0,1.31,-0.41,-0.15,1.66
2017-12-21,002840,36.57,36.91,37.31,36.19,12570,46296478.0,3.06,0.96,0.35,2.81
2017-12-22,002840,36.91,37.46,37.61,36.62,43758,162383060.0,2.68,1.49,0.55,9.8
2017-12-25,002840,37.52,39.6,39.61,37.52,33375,129419782.0,5.58,5.71,2.14,7.47
2017-12-26,002840,39.11,38.71,40.16,38.69,17377,67729073.0,3.71,-2.25,-0.89,3.89
2017-12-27,002840,38.93,38.59,39.06,38.21,8794,33735500.0,2.2,-0.31,-0.12,1.97
2017-12-28,002840,39.11,39.71,39.76,38.42,38438,149782177.0,3.47,2.9,1.12,8.61
2017-12-29,002840,39.73,39.87,40.27,39.11,14951,59322697.0,2.92,0.4,0.16,3.35
2018-01-02,002840,39.66,40.05,40.41,38.61,17831,70628635.0,4.51,0.45,0.18,3.99
2018-01-03,002840,39.46,39.61,40.11,37.65,29487,113999581.0,6.14,-1.1,-0.44,6.6
2018-01-04,002840,39.57,35.66,40.4,35.66,107731,418037120.0,11.97,-9.97,-3.95,24.12
2018-01-05,002840,32.11,32.11,32.11,32.11,7644,24460800.0,0.0,-9.96,-3.55,1.71
2018-01-08,002840,28.91,30.31,32.01,28.91,120488,367131696.0,9.65,-5.61,-1.8,26.97
2018-01-09,002840,29.15,29.62,30.11,29.15,45953,135779827.0,3.17,-2.28,-0.69,10.29
2018-01-10,002840,29.61,29.28,30.09,27.91,45177,129030722.0,7.36,-1.15,-0.34,4.62
2018-01-11,002840,29.13,29.7,30.26,28.61,44222,131984363.0,5.64,1.43,0.42,4.52
2018-01-12,002840,29.68,29.91,30.1,29.41,23587,70006198.0,2.32,0.71,0.21,2.41
2018-01-15,002840,29.76,29.21,29.77,29.01,14701,42934627.0,2.54,-2.34,-0.7,1.5
2018-01-16,002840,28.81,29.41,29.41,28.73,18562,53600462.0,2.33,0.68,0.2,1.9
2018-01-17,002840,29.36,30.0,30.05,28.87,14000,41025813.0,4.01,2.01,0.59,1.43
2018-01-18,002840,29.91,30.01,30.03,29.54,9507,28189793.0,1.63,0.03,0.01,0.97
2018-01-19,002840,30.02,30.03,30.39,29.29,9826,29394644.0,3.67,0.07,0.02,1.0
2018-01-22,002840,29.54,30.38,30.42,28.81,15141,45294913.0,5.36,1.17,0.35,1.55
2018-01-23,002840,30.36,30.73,30.77,30.02,9540,29013144.0,2.47,1.15,0.35,0.98
2018-01-24,002840,30.7,31.07,31.32,30.22,16667,50931353.0,3.58,1.11,0.34,1.7
2018-01-25,002840,31.21,31.42,31.43,30.88,10498,32714634.0,1.77,1.13,0.35,1.07
2018-01-26,002840,31.76,31.36,31.76,31.17,5016,15682636.0,1.88,-0.19,-0.06,0.51
2018-01-29,002840,31.31,31.14,31.53,30.76,5659,17481045.0,2.46,-0.7,-0.22,0.58
2018-01-30,002840,31.41,31.0,31.41,30.9,34838,108413299.0,1.64,-0.45,-0.14,3.56
2018-01-31,002840,30.99,30.87,31.04,28.11,37678,115250686.0,9.45,-0.42,-0.13,3.85
2018-02-01,002840,30.11,29.61,31.01,29.45,62438,190710266.0,5.05,-4.08,-1.26,6.38
2018-02-02,002840,29.62,28.44,29.98,28.12,77201,218179553.0,6.28,-3.95,-1.17,7.89
2018-02-05,002840,28.3,28.55,29.04,28.29,28023,80118723.0,2.64,0.39,0.11,2.86
2018-02-06,002840,28.55,31.27,31.39,28.55,25929,79535732.0,9.95,9.53,2.72,2.65
2018-02-07,002840,31.89,32.11,33.09,31.31,24618,78087105.0,5.69,2.69,0.84,2.52
2018-02-08,002840,31.81,33.77,34.11,31.69,15318,50359035.0,7.54,5.17,1.66,1.57
2018-02-09,002840,33.64,33.73,34.61,32.1,23751,79724777.0,7.43,-0.12,-0.04,2.43
2018-02-12,002840,33.74,34.67,34.81,33.74,34428,118062536.0,3.17,2.79,0.94,3.52
2018-02-13,002840,35.11,35.09,35.11,31.21,37054,122829252.0,11.25,1.21,0.42,3.79
2018-02-14,002840,34.71,35.47,35.47,34.51,18661,64933369.0,2.74,1.08,0.38,1.91
2018-02-22,002840,35.61,35.49,35.71,34.84,15286,53581574.0,2.45,0.06,0.02,1.56
2018-02-23,002840,35.46,35.41,35.65,35.03,17297,60888805.0,1.75,-0.23,-0.08,1.77
2018-02-26,002840,35.36,35.41,35.41,35.11,9995,35159369.0,0.85,0.0,0.0,1.02
2018-02-27,002840,35.39,35.39,35.61,35.14,23998,84378856.0,1.33,-0.06,-0.02,2.45
2018-02-28,002840,35.39,34.76,35.61,33.94,23803,83754113.0,4.72,-1.78,-0.63,2.43
2018-03-01,002840,34.71,33.94,35.61,33.46,30447,103193360.0,6.19,-2.36,-0.82,3.11
2018-03-02,002840,33.69,33.94,34.45,33.69,13865,46919737.0,2.24,0.0,0.0,1.42
2018-03-05,002840,33.96,34.67,34.91,33.89,34389,117011655.0,3.01,2.15,0.73,3.52
2018-03-06,002840,34.69,36.29,36.29,34.42,16896,59354432.0,5.39,4.67,1.62,1.73
2018-03-07,002840,36.27,36.28,36.89,35.75,55318,199840913.0,3.14,-0.03,-0.01,5.65
2018-03-08,002840,35.92,36.39,36.61,35.79,36914,134201071.0,2.26,0.3,0.11,3.77
2018-03-09,002840,36.29,36.56,37.09,35.84,12175,44206326.0,3.44,0.47,0.17,1.24
2018-03-12,002840,36.27,36.11,36.64,35.91,6561,23642657.0,2.0,-1.23,-0.45,0.67
2018-03-13,002840,36.07,36.04,36.46,36.0,7601,27414970.0,1.27,-0.19,-0.07,0.78
2018-03-14,002840,35.79,35.91,36.21,35.64,11655,41906845.0,1.58,-0.36,-0.13,1.19
2018-03-15,002840,35.91,35.81,36.11,35.56,5355,19062790.0,1.53,-0.28,-0.1,0.55
2018-03-16,002840,35.64,35.99,36.0,35.46,8695,31026115.0,1.51,0.5,0.18,0.89
2018-03-19,002840,35.68,36.15,36.22,35.68,10739,38552021.0,1.5,0.44,0.16,1.1
2018-03-20,002840,36.69,36.36,36.69,36.17,13145,47561677.0,1.44,0.58,0.21,1.34
2018-03-21,002840,36.36,36.57,36.71,36.02,10452,37963527.0,1.9,0.58,0.21,1.07
2018-03-22,002840,36.22,37.32,37.56,36.22,9589,35451269.0,3.66,2.05,0.75,0.98
2018-03-23,002840,37.11,37.7,37.85,36.92,25650,95790580.0,2.49,1.02,0.38,2.62
2018-03-26,002840,37.51,38.1,38.66,37.37,10748,40682704.0,3.42,1.06,0.4,1.1
2018-03-27,002840,38.19,39.06,39.2,38.01,11716,45102693.0,3.12,2.52,0.96,1.2
2018-03-28,002840,38.81,38.79,39.41,38.29,11875,46077704.0,2.87,-0.69,-0.27,1.21
2018-03-29,002840,38.79,39.51,39.56,38.51,18123,70122440.0,2.71,1.86,0.72,1.85
2018-03-30,002840,39.51,41.9,42.07,39.51,16896,68197042.0,6.48,6.05,2.39,1.73
2018-04-02,002840,41.81,42.6,42.61,41.69,11821,49671815.0,2.2,1.67,0.7,1.21
2018-04-03,002840,42.61,41.87,42.61,41.61,7932,33100095.0,2.35,-1.71,-0.73,0.81
2018-04-04,002840,41.87,41.76,42.11,41.49,8027,33453666.0,1.48,-0.26,-0.11,0.82
2018-04-09,002840,41.11,41.92,42.1,41.11,36741,153055897.0,2.37,0.38,0.16,3.76
2018-04-10,002840,41.92,43.68,43.87,41.92,16035,68959922.0,4.65,4.2,1.76,1.64
2018-04-11,002840,43.79,44.78,44.79,43.61,20106,88908296.0,2.7,2.52,1.1,2.06
2018-04-12,002840,44.71,47.71,47.71,44.43,16921,79089408.0,7.32,6.54,2.93,1.73
2018-04-13,002840,47.67,46.88,47.67,45.62,21419,100210730.0,4.3,-1.74,-0.83,2.19
2018-04-16,002840,46.51,46.66,47.11,46.31,5237,24324761.0,1.71,-0.47,-0.22,0.54
2018-04-17,002840,47.21,47.9,48.29,46.67,13233,62929493.0,3.47,2.66,1.24,1.35
2018-04-18,002840,47.81,49.48,49.99,47.42,9435,45443238.0,5.37,3.3,1.58,0.96
2018-04-19,002840,49.0,50.19,50.46,48.99,19804,98334854.0,2.97,1.43,0.71,2.02
2018-04-20,002840,50.21,49.72,50.22,49.5,9700,48223592.0,1.43,-0.94,-0.47,0.99
2018-04-23,002840,49.68,48.79,50.27,48.62,18717,91507010.0,3.32,-1.87,-0.93,1.91
2018-04-24,002840,48.42,51.07,51.07,48.42,9975,49495069.0,5.43,4.67,2.28,1.02
2018-04-25,002840,51.03,50.91,51.47,50.25,11829,60266545.0,2.39,-0.31,-0.16,1.21
2018-04-26,002840,50.91,50.51,51.36,50.2,15679,79178632.0,2.28,-0.79,-0.4,1.6
2018-04-27,002840,50.62,50.55,50.99,50.34,12584,63504546.0,1.29,0.08,0.04,1.29
2018-05-02,002840,50.56,50.53,51.55,50.42,8159,41350449.0,2.24,-0.04,-0.02,0.83
2018-05-03,002840,50.56,52.0,52.16,50.56,9623,49438248.0,3.17,2.91,1.47,0.98
2018-05-04,002840,52.06,54.34,54.34,51.91,8847,47023158.0,4.67,4.5,2.34,0.9
2018-05-07,002840,54.91,56.62,57.91,53.86,20653,114246552.0,7.45,4.2,2.28,2.11
2018-05-08,002840,57.0,56.57,57.0,56.31,17599,99270008.0,1.22,-0.09,-0.05,1.8
2018-05-09,002840,56.69,56.56,57.61,56.51,8517,48267548.0,1.94,-0.02,-0.01,0.87
2018-05-10,002840,56.68,56.96,57.91,56.56,15894,90592689.0,2.39,0.71,0.4,1.62
2018-05-11,002840,56.78,56.27,57.4,55.86,31999,180501954.0,2.7,-1.21,-0.69,3.27
2018-05-14,002840,56.21,56.9,57.1,55.81,9295,52385021.0,2.29,1.12,0.63,0.95
2018-05-15,002840,56.91,58.42,58.5,56.1,17005,96793255.0,4.22,2.67,1.52,1.74
2018-05-16,002840,58.44,58.11,58.9,57.86,14608,85273358.0,1.78,-0.53,-0.31,1.49
2018-05-17,002840,58.11,57.71,58.11,57.41,15789,90777775.0,1.2,-0.69,-0.4,1.61
2018-05-18,002840,57.71,58.11,58.14,57.53,21308,123006275.0,1.06,0.69,0.4,2.18
2018-05-21,002840,59.11,58.82,59.11,57.91,27577,161708261.0,2.07,1.22,0.71,2.82
2018-05-22,002840,58.82,58.82,58.99,58.66,11198,65765678.0,0.56,0.0,0.0,1.14
2018-05-23,002840,58.79,58.9,59.3,58.62,5976,35209085.0,1.16,0.14,0.08,0.61
2018-05-24,002840,58.92,58.82,60.09,58.81,11664,68786827.0,2.17,-0.14,-0.08,1.19
2018-05-25,002840,59.28,58.01,59.36,57.86,20229,118541778.0,2.55,-1.38,-0.81,2.07
2018-05-28,002840,58.16,57.87,59.61,57.86,7968,46431393.0,3.02,-0.24,-0.14,0.81
2018-05-29,002840,57.98,58.25,58.56,57.81,7058,40998437.0,1.3,0.66,0.38,0.72
2018-05-30,002840,58.14,58.12,58.25,57.67,7516,43534394.0,1.0,-0.22,-0.13,0.77
2018-05-31,002840,57.87,58.46,59.08,57.74,10557,61589108.0,2.31,0.58,0.34,1.08
2018-06-01,002840,58.41,58.17,58.5,57.61,3889,22513223.0,1.52,-0.5,-0.29,0.4
2018-06-04,002840,58.07,58.21,58.41,57.61,3361,19470806.0,1.38,0.07,0.04,0.34
2018-06-05,002840,58.03,58.22,58.25,57.73,3857,22300016.0,0.89,0.02,0.01,0.39
2018-06-06,002840,58.09,58.41,58.58,58.09,6484,37750221.0,0.84,0.33,0.19,0.66
2018-06-07,002840,58.61,58.4,58.71,58.19,6808,39660597.0,0.89,-0.02,-0.01,0.7
2018-06-08,002840,58.12,57.64,58.45,57.64,2277,13202920.0,1.39,-1.3,-0.76,0.23
2018-06-11,002840,57.58,56.92,57.76,56.71,11670,66461252.0,1.82,-1.25,-0.72,1.19
2018-06-12,002840,56.93,56.95,57.47,56.61,13072,74286296.0,1.51,0.05,0.03,1.34
2018-06-13,002840,56.93,56.76,57.06,56.49,12519,70983723.0,1.0,-0.33,-0.19,1.28
2018-06-14,002840,56.81,56.16,56.81,54.11,19423,107926217.0,4.76,-1.06,-0.6,1.99
2018-06-15,002840,56.11,50.56,57.49,50.56,5569,29754755.0,12.34,-9.97,-5.6,0.57
2018-06-19,002840,50.71,52.11,54.1,45.52,72832,361236576.0,16.97,3.07,1.55,7.45
2018-06-20,002840,52.11,51.82,53.1,51.18,54375,281908496.0,3.68,-0.56,-0.29,5.56
2018-06-21,002840,51.82,51.43,52.11,51.32,41262,212285007.0,1.52,-0.75,-0.39,4.22
2018-06-22,002840,51.71,51.45,51.71,49.77,25739,130790102.0,3.77,0.04,0.02,2.63
2018-06-25,002840,51.48,51.68,52.17,51.09,21012,108457826.0,2.1,0.45,0.23,2.15
2018-06-26,002840,51.76,53.6,53.63,51.56,14480,50183488.0,4.01,3.72,1.92,0.99
2018-06-27,002840,53.62,53.29,54.23,53.17,15691,55682902.0,1.98,-0.58,-0.31,1.07
2018-06-28,002840,53.26,53.17,54.05,53.03,7686,27166766.0,1.91,-0.23,-0.12,0.52
2018-06-29,002840,53.18,54.02,54.2,53.08,7211,25519776.0,2.11,1.6,0.85,0.49
2018-07-02,002840,54.26,54.23,54.77,53.96,4684,16864149.0,1.5,0.39,0.21,0.32
2018-07-03,002840,54.11,54.37,55.21,52.85,19056,67947838.0,4.35,0.26,0.14,1.3
2018-07-04,002840,54.31,55.13,55.22,54.01,6243,22509654.0,2.23,1.4,0.76,0.43
2018-07-05,002840,49.64,49.64,49.64,49.64,321,1057374.0,0.0,-9.96,-5.49,0.02
2018-07-06,002840,44.71,44.71,44.71,44.71,193,572245.0,0.0,-9.93,-4.93,0.01
2018-07-09,002840,40.27,40.27,40.27,40.27,11692,31205948.0,0.0,-9.93,-4.44,0.8
2018-07-10,002840,36.26,36.26,36.26,36.26,1798,4318796.0,0.0,-9.96,-4.01,0.12
2018-07-11,002840,32.66,32.66,32.66,32.66,708,1530696.0,0.0,-9.93,-3.6,0.05
2018-07-12,002840,29.42,31.52,32.63,29.42,379685,752740976.0,9.83,-3.49,-1.14,25.88
2018-07-13,002840,29.6,29.48,29.92,28.57,248937,484236720.0,4.28,-6.47,-2.04,16.96
2018-07-16,002840,28.91,27.22,29.0,26.57,186097,337550240.0,8.24,-7.67,-2.26,12.68
2018-07-17,002840,26.93,27.8,28.1,26.78,122236,223492294.0,4.85,2.13,0.58,8.33
2018-07-18,002840,27.82,27.86,28.52,27.08,106349,194625994.0,5.18,0.22,0.06,7.25
2018-07-19,002840,27.53,27.05,27.59,26.89,80527,144746690.0,2.51,-2.91,-0.81,5.49
2018-07-20,002840,27.17,27.14,27.47,26.93,59668,107498778.0,2.0,0.33,0.09,4.07
2018-07-23,002840,27.07,25.93,27.2,24.94,100325,172987220.0,8.33,-4.46,-1.21,6.84
2018-07-24,002840,26.47,26.18,26.71,25.85,78962,136468633.0,3.32,0.96,0.25,5.38
2018-07-25,002840,26.54,25.79,26.62,25.66,76837,132484007.0,3.67,-1.49,-0.39,5.24
2018-07-26,002840,26.0,26.18,26.32,25.84,105603,181920596.0,1.86,1.51,0.39,7.2
2018-07-27,002840,26.18,25.43,26.18,25.4,89648,151637194.0,2.98,-2.86,-0.75,6.11
2018-07-30,002840,25.39,23.47,25.39,22.94,141804,221573067.0,9.63,-7.71,-1.96,9.66
2018-07-31,002840,23.66,23.09,23.75,22.94,74971,114985047.0,3.45,-1.62,-0.38,5.11
2018-08-01,002840,23.08,22.79,23.3,22.58,80632,122163093.0,3.12,-1.3,-0.3,5.5
2018-08-02,002840,22.96,21.43,22.99,20.6,123474,177139456.0,10.49,-5.97,-1.36,8.41
2018-08-03,002840,21.5,21.79,23.11,21.41,106654,155181481.0,7.93,1.68,0.36,7.27
2018-08-06,002840,21.98,20.93,22.25,20.65,79250,110873289.0,7.34,-3.95,-0.86,5.4
2018-08-07,002840,21.19,21.31,21.49,20.66,73641,102615690.0,3.97,1.82,0.38,5.02
2018-08-08,002840,21.46,20.56,21.49,20.36,65293,89838372.0,5.3,-3.52,-0.75,4.45
2018-08-09,002840,20.48,20.66,20.92,20.27,86374,117452315.0,3.16,0.49,0.1,5.89
2018-08-10,002840,20.66,21.16,21.88,20.51,89935,124805091.0,6.63,2.42,0.5,6.13
2018-08-13,002840,20.83,20.99,21.13,20.54,58237,79922752.0,2.79,-0.8,-0.17,3.97
2018-08-14,002840,21.05,21.62,22.3,20.87,90717,129140227.0,6.81,3.0,0.63,6.18
2018-08-15,002840,21.43,21.02,21.88,20.99,55747,78534435.0,4.12,-2.78,-0.6,3.8
2018-08-16,002840,21.02,20.5,21.05,20.33,43801,59732726.0,3.43,-2.47,-0.52,2.99
2018-08-17,002840,20.63,19.73,20.8,19.58,41724,55876734.0,5.95,-3.76,-0.77,2.84
2018-08-20,002840,19.96,19.94,20.11,19.28,34635,44972738.0,4.21,1.06,0.21,2.36
2018-08-21,002840,19.78,19.85,20.03,19.61,25821,33762348.0,2.11,-0.45,-0.09,1.76
2018-08-22,002840,19.73,19.45,19.85,19.45,21156,27331863.0,2.02,-2.02,-0.4,1.44
2018-08-23,002840,19.45,18.68,19.64,18.19,63481,78800692.0,7.46,-3.96,-0.77,4.33
2018-08-24,002840,18.58,20.53,20.53,18.53,85990,110853999.0,10.71,9.9,1.85,5.86
2018-08-27,002840,20.92,21.43,22.25,20.65,141397,199321215.0,7.79,4.38,0.9,9.64
2018-08-28,002840,21.07,20.63,21.07,20.42,85799,117013645.0,3.03,-3.73,-0.8,5.85
2018-08-29,002840,20.5,20.39,20.51,20.03,49288,65753952.0,2.33,-1.16,-0.24,3.36
2018-08-30,002840,20.3,21.2,21.98,20.24,93915,130911386.0,8.53,3.97,0.81,6.4
2018-08-31,002840,20.81,20.54,21.44,20.54,65057,89777431.0,4.25,-3.11,-0.66,4.43
2018-09-03,002840,20.53,21.98,22.13,20.03,112648,159201181.0,10.22,7.01,1.44,7.68
2018-09-04,002840,21.76,22.07,22.43,21.5,106885,155478997.0,4.23,0.41,0.09,7.28
2018-09-05,002840,21.98,22.99,24.2,21.65,180280,270624784.0,11.55,4.17,0.92,12.29
2018-09-06,002840,22.43,22.4,22.96,22.18,94650,140355165.0,3.39,-2.57,-0.59,6.45
2018-09-07,002840,22.42,23.02,23.5,22.13,107239,161884359.0,6.12,2.77,0.62,7.31
2018-09-10,002840,23.27,22.36,23.47,22.16,81981,123707985.0,5.69,-2.87,-0.66,5.59
2018-09-11,002840,22.25,21.94,22.58,21.59,60556,88131735.0,4.43,-1.88,-0.42,4.13
2018-09-12,002840,21.94,21.25,22.13,21.13,63542,90700581.0,4.56,-3.14,-0.69,4.33
2018-09-13,002840,21.49,20.93,21.68,20.54,65809,91545222.0,5.36,-1.51,-0.32,4.48
2018-09-14,002840,20.98,21.95,22.73,20.71,97480,138551791.0,9.65,4.87,1.02,6.64
2018-09-17,002840,21.68,22.46,22.94,21.47,113656,167517978.0,6.7,2.32,0.51,7.75
2018-09-18,002840,21.98,22.55,22.7,21.85,84626,124487509.0,3.78,0.4,0.09,5.77
2018-09-19,002840,22.43,22.4,23.05,22.25,79936,119135584.0,3.55,-0.67,-0.15,5.45
2018-09-20,002840,22.12,22.52,22.61,21.86,61609,90302131.0,3.35,0.54,0.12,4.2
2018-09-21,002840,23.17,22.46,24.01,22.39,97705,147330350.0,7.19,-0.27,-0.06,6.66
2018-09-25,002840,22.06,22.63,22.87,21.68,59748,88188956.0,5.3,0.76,0.17,4.07
2018-09-26,002840,22.61,22.19,22.72,22.12,58707,86733358.0,2.65,-1.94,-0.44,4.0
2018-09-27,002840,22.13,22.31,22.84,22.07,72650,107725761.0,3.47,0.54,0.12,4.95
2018-09-28,002840,22.18,22.03,22.39,21.59,64324,93045269.0,3.59,-1.26,-0.28,4.38
2018-10-08,002840,21.76,21.31,22.21,21.23,40486,57973397.0,4.45,-3.27,-0.72,2.76
2018-10-09,002840,21.52,20.56,21.53,20.18,51246,70299326.0,6.34,-3.52,-0.75,3.49
2018-10-10,002840,20.54,20.99,21.19,20.41,38622,52948040.0,3.79,2.09,0.43,2.63
2018-10-11,002840,20.21,19.73,20.65,18.92,64380,83693859.0,8.24,-6.0,-1.26,4.39
2018-10-12,002840,19.24,19.12,19.54,18.1,42419,52957919.0,7.3,-3.09,-0.61,2.89
2018-10-15,002840,19.51,19.1,19.84,18.98,31602,40497039.0,4.5,-0.1,-0.02,2.15
2018-10-16,002840,19.12,18.8,19.4,18.61,27586,34512017.0,4.14,-1.57,-0.3,1.88
2018-10-17,002840,19.03,18.97,19.28,18.23,31837,39433502.0,5.59,0.9,0.17,2.17
2018-10-18,002840,18.92,19.12,19.36,18.31,50637,63174754.0,5.54,0.79,0.15,3.45
2018-10-19,002840,19.15,20.0,20.78,18.95,53463,69615419.0,9.57,4.6,0.88,3.64
2018-10-22,002840,19.82,20.6,20.99,19.61,80200,107605813.0,6.9,3.0,0.6,5.47
2018-10-23,002840,20.48,20.24,20.66,20.11,41516,55553108.0,2.67,-1.75,-0.36,2.83
2018-10-24,002840,19.94,19.88,20.32,19.7,31911,41978989.0,3.06,-1.78,-0.36,2.17
2018-10-25,002840,19.25,19.45,19.58,19.1,21675,27580751.0,2.41,-2.16,-0.43,1.48
2018-10-26,002840,19.72,19.28,19.84,19.27,18090,23223265.0,2.93,-0.87,-0.17,1.23
2018-10-29,002840,19.33,19.06,19.43,18.98,15296,19306401.0,2.33,-1.14,-0.22,1.04
2018-10-30,002840,19.06,19.21,19.33,18.8,15838,19952282.0,2.78,0.79,0.15,1.08
2018-10-31,002840,19.19,19.3,19.52,19.07,21045,26806499.0,2.34,0.47,0.09,1.43
2018-11-01,002840,19.28,19.37,19.66,19.28,23559,30184567.0,1.97,0.36,0.07,1.61
2018-11-02,002840,19.61,19.79,19.81,19.43,34593,44695575.0,1.96,2.17,0.42,2.36
2018-11-05,002840,19.87,20.51,20.62,19.75,62952,84187224.0,4.4,3.64,0.72,4.29
2018-11-06,002840,20.27,20.6,20.6,19.94,32518,43422335.0,3.22,0.44,0.09,2.22
2018-11-07,002840,20.51,22.64,22.64,20.51,111533,160230760.0,10.34,9.9,2.04,7.6
2018-11-08,002840,23.2,22.85,24.83,22.78,181251,282196768.0,9.05,0.93,0.21,12.35
2018-11-09,002840,22.4,21.77,22.64,21.74,90938,132543184.0,3.94,-4.73,-1.08,6.2
2018-11-12,002840,21.68,21.98,22.06,21.38,59494,85562868.0,3.12,0.96,0.21,4.05
2018-11-13,002840,21.7,22.16,22.57,21.58,75100,110267778.0,4.5,0.82,0.18,5.12
2018-11-14,002840,22.1,21.82,22.4,21.76,52517,76397636.0,2.89,-1.53,-0.34,3.58
2018-11-15,002840,21.97,22.99,23.15,21.83,83982,125039825.0,6.05,5.36,1.17,5.72
2018-11-16,002840,23.09,22.69,23.24,22.54,57072,85945888.0,3.04,-1.3,-0.3,3.89
2018-11-19,002840,22.73,22.82,23.0,22.48,38666,57939516.0,2.29,0.57,0.13,2.64
2018-11-20,002840,22.57,21.47,22.66,21.38,53202,77035137.0,5.61,-5.92,-1.35,3.63
2018-11-21,002840,21.23,21.92,22.1,21.01,39607,56584636.0,5.08,2.1,0.45,2.7
2018-11-22,002840,21.88,21.79,22.16,21.61,26584,38281668.0,2.51,-0.59,-0.13,1.81
2018-11-23,002840,21.79,20.83,22.0,20.8,40083,56371493.0,5.51,-4.41,-0.96,2.73
2018-11-26,002840,20.63,20.35,21.07,20.11,24457,33211010.0,4.61,-2.3,-0.48,1.67
2018-11-27,002840,20.38,20.56,20.98,20.38,22058,29954117.0,2.95,1.03,0.21,1.5
2018-11-28,002840,20.59,20.68,20.68,19.76,27318,36493035.0,4.47,0.58,0.12,1.86
2018-11-29,002840,20.66,21.04,21.55,20.48,52463,72801836.0,5.17,1.74,0.36,3.58
2018-11-30,002840,20.93,21.74,21.98,20.63,58860,82879030.0,6.42,3.33,0.7,4.01
2018-12-03,002840,21.83,22.67,22.73,21.47,76331,111864086.0,5.8,4.28,0.93,5.2
2018-12-04,002840,22.36,22.48,22.66,22.13,48986,72268339.0,2.34,-0.84,-0.19,3.34
2018-12-05,002840,21.91,22.24,22.48,21.83,41305,60487328.0,2.89,-1.07,-0.24,2.81
2018-12-06,002840,22.18,21.76,23.33,21.67,60335,89412455.0,7.46,-2.16,-0.48,4.11
2018-12-07,002840,21.68,21.79,22.18,21.41,36427,52146143.0,3.54,0.14,0.03,2.48
2018-12-10,002840,21.47,21.29,21.52,21.23,25612,36082924.0,1.33,-2.29,-0.5,1.75
2018-12-11,002840,21.26,21.53,21.68,21.26,22302,31582864.0,1.97,1.13,0.24,1.52
2018-12-12,002840,21.5,21.05,21.67,21.01,27467,38471573.0,3.07,-2.23,-0.48,1.87
2018-12-13,002840,21.07,21.19,21.38,20.95,23377,32643036.0,2.04,0.67,0.14,1.59
2018-12-14,002840,21.2,20.78,21.46,20.78,23581,32733691.0,3.21,-1.93,-0.41,1.61
2018-12-17,002840,20.75,20.78,20.96,20.57,17540,23964303.0,1.88,0.0,0.0,1.2
2018-12-18,002840,20.77,20.57,20.86,20.39,16311,22154900.0,2.26,-1.01,-0.21,1.11
2018-12-19,002840,20.57,20.59,20.8,20.41,12274,16661226.0,1.9,0.1,0.02,0.84
2018-12-20,002840,20.56,21.01,21.02,20.56,19108,26275250.0,2.23,2.04,0.42,1.3
2018-12-21,002840,20.8,21.13,21.26,20.8,21988,30564255.0,2.19,0.57,0.12,1.5
2018-12-24,002840,21.35,21.47,21.83,21.14,29386,41504196.0,3.27,1.61,0.34,2.0
2018-12-25,002840,20.98,20.95,21.22,20.41,21904,30135061.0,3.77,-2.42,-0.52,1.49
2018-12-26,002840,20.8,20.56,21.07,20.54,16234,22202770.0,2.53,-1.86,-0.39,1.11
2018-12-27,002840,20.78,19.72,20.99,19.72,24344,32530332.0,6.18,-4.09,-0.84,1.66
2018-12-28,002840,20.15,19.84,20.27,19.7,15516,20390360.0,2.89,0.61,0.12,1.06
2019-01-02,002840,19.75,19.87,20.06,19.75,9562,12520987.0,1.56,0.15,0.03,0.65
2019-01-03,002840,19.75,19.37,20.0,19.33,14421,18684139.0,3.37,-2.52,-0.5,0.98
2019-01-04,002840,19.3,19.6,19.81,19.0,16805,21520990.0,4.18,1.19,0.23,1.15
2019-01-07,002840,19.7,20.05,20.6,19.7,21746,28673285.0,4.59,2.3,0.45,1.48
2019-01-08,002840,20.03,19.69,20.05,19.61,15615,20369357.0,2.19,-1.8,-0.36,1.06
2019-01-09,002840,19.88,19.88,20.09,19.69,17673,23199929.0,2.03,0.96,0.19,1.2
2019-01-10,002840,19.85,19.72,19.96,19.64,13505,17568340.0,1.61,-0.8,-0.16,0.92
2019-01-11,002840,19.58,19.67,19.97,19.57,19996,25999727.0,2.03,-0.25,-0.05,1.36
2019-01-14,002840,19.69,19.85,20.11,19.61,19445,25472823.0,2.54,0.92,0.18,1.33
2019-01-15,002840,19.79,19.97,19.97,19.67,17030,22276918.0,1.51,0.6,0.12,1.16
2019-01-16,002840,19.99,20.47,20.53,19.88,29640,39469911.0,3.25,2.5,0.5,2.02
2019-01-17,002840,20.38,21.17,22.28,20.26,74641,104275637.0,9.87,3.42,0.7,5.09
2019-01-18,002840,21.53,20.99,21.91,20.83,55013,77387863.0,5.1,-0.85,-0.18,3.75
2019-01-21,002840,20.99,20.84,21.31,20.78,31556,43679463.0,2.53,-0.71,-0.15,2.15
2019-01-22,002840,21.23,21.08,21.83,20.93,41000,57599278.0,4.32,1.15,0.24,2.79
2019-01-23,002840,20.86,21.05,21.07,20.51,22425,30740124.0,2.66,-0.14,-0.03,1.53
2019-01-24,002840,20.84,21.22,21.68,20.72,34631,48434558.0,4.56,0.81,0.17,2.36
2019-01-25,002840,21.23,20.87,21.46,20.78,25703,35649803.0,3.2,-1.65,-0.35,1.75
2019-01-28,002840,20.95,20.9,21.43,20.86,26064,36318512.0,2.73,0.14,0.03,1.78
2019-01-29,002840,20.75,19.73,20.84,18.98,32821,43212375.0,8.9,-5.6,-1.17,2.24
2019-01-30,002840,19.75,20.24,20.63,19.75,25207,33558497.0,4.46,2.58,0.51,1.72
2019-01-31,002840,20.56,19.93,20.75,19.87,23684,31646435.0,4.35,-1.53,-0.31,1.61
2019-02-01,002840,19.91,20.35,20.41,19.91,13754,18344384.0,2.51,2.11,0.42,0.94
2019-02-11,002840,20.36,21.46,21.76,20.27,43949,61397553.0,7.32,5.45,1.11,3.0
2019-02-12,002840,21.41,21.5,21.67,21.17,38956,54996987.0,2.33,0.19,0.04,2.65
2019-02-13,002840,21.53,21.65,21.74,21.38,34355,48780186.0,1.67,0.7,0.15,2.34
2019-02-14,002840,21.68,22.15,22.27,21.61,57587,83744885.0,3.05,2.31,0.5,3.92
2019-02-15,002840,22.24,23.08,24.34,21.82,133178,204391590.0,11.38,4.2,0.93,9.08
2019-02-18,002840,23.0,23.71,24.2,22.78,125447,193715452.0,6.15,2.73,0.63,8.55
2019-02-19,002840,23.35,23.24,23.78,22.97,79319,121783294.0,3.42,-1.98,-0.47,5.41
2019-02-20,002840,23.21,23.23,24.01,23.03,66659,103359136.0,4.22,-0.04,-0.01,4.54
2019-02-21,002840,23.53,23.32,24.02,22.61,109468,169056426.0,6.07,0.39,0.09,7.46
2019-02-22,002840,23.02,23.24,23.6,22.7,68112,103995280.0,3.86,-0.34,-0.08,4.64
2019-02-25,002840,23.03,24.26,24.98,22.9,114188,178928506.0,8.95,4.39,1.02,7.78
2019-02-26,002840,24.26,26.66,26.66,24.08,143988,243833159.0,10.63,9.89,2.4,9.81
2019-02-27,002840,27.59,26.17,29.0,25.73,173515,312805872.0,12.27,-1.84,-0.49,11.82
2019-02-28,002840,25.58,26.23,26.9,25.58,77399,133784829.0,5.04,0.23,0.06,5.27
2019-03-01,002840,26.18,26.11,26.6,25.82,56896,98335074.0,2.97,-0.46,-0.12,3.88
2019-03-04,002840,26.06,27.61,28.43,26.06,146587,265873610.0,9.08,5.74,1.5,9.99
2019-03-05,002840,28.76,29.93,30.35,28.3,154638,303810144.0,7.42,8.4,2.32,10.54
2019-03-06,002840,28.75,29.18,29.56,28.54,95374,183004358.0,3.41,-2.51,-0.75,6.5
2019-03-07,002840,29.02,29.57,30.65,28.63,85754,168191035.0,6.92,1.34,0.39,5.84
2019-03-08,002840,29.03,30.38,31.07,27.83,134522,263149239.0,10.96,2.74,0.81,9.17
2019-03-11,002840,29.93,33.4,33.4,29.87,143049,298134224.0,11.62,9.94,3.02,9.75
2019-03-12,002840,34.1,35.89,36.25,32.62,167103,383908352.0,10.87,7.46,2.49,11.39
2019-03-13,002840,35.62,32.32,35.96,32.32,146282,330113488.0,10.14,-9.95,-3.57,9.97
2019-03-14,002840,30.98,29.75,31.63,29.11,96773,191657086.0,7.8,-7.95,-2.57,6.6
2019-03-15,002840,29.93,29.68,30.43,28.75,66921,130889388.0,5.65,-0.24,-0.07,4.56
2019-03-18,002840,29.89,29.98,30.31,29.06,66802,130567734.0,4.21,1.01,0.3,4.55
2019-03-19,002840,29.78,29.78,29.93,29.3,44701,87464835.0,2.1,-0.67,-0.2,3.05
2019-03-20,002840,30.01,29.3,30.01,28.73,51794,100315653.0,4.3,-1.61,-0.48,3.53
2019-03-21,002840,29.39,29.54,29.98,28.97,55518,108015658.0,3.45,0.82,0.24,3.78
2019-03-22,002840,29.78,28.78,29.83,28.43,58787,112554712.0,4.74,-2.57,-0.76,4.01
2019-03-25,002840,27.98,27.86,28.67,27.68,41731,77735860.0,3.44,-3.2,-0.92,2.84
2019-03-26,002840,28.33,28.01,29.17,27.91,57107,107430603.0,4.52,0.54,0.15,3.89
2019-03-27,002840,27.89,27.79,28.31,27.4,37308,68306798.0,3.25,-0.79,-0.22,2.54
2019-03-28,002840,27.68,27.53,28.06,27.29,31125,57032117.0,2.77,-0.94,-0.26,2.12
2019-03-29,002840,27.4,28.78,29.03,27.4,67350,127106245.0,5.92,4.54,1.25,4.59
2019-04-01,002840,28.78,29.42,29.74,28.78,69435,134667289.0,3.34,2.22,0.64,4.73
2019-04-02,002840,29.42,29.15,29.6,28.9,54768,105508095.0,2.38,-0.92,-0.27,3.73
2019-04-03,002840,28.85,29.03,29.18,28.81,36668,70353539.0,1.27,-0.41,-0.12,2.5
2019-04-04,002840,29.05,29.54,29.83,28.84,66945,130077394.0,3.41,1.76,0.51,4.56
2019-04-08,002840,29.8,29.98,30.55,29.63,75298,149691082.0,3.11,1.49,0.44,5.13
2019-04-09,002840,29.87,29.0,29.89,28.91,47051,90838803.0,3.27,-3.27,-0.98,3.21
2019-04-10,002840,28.79,28.24,28.81,27.92,45797,85493586.0,3.07,-2.62,-0.76,3.12
2019-04-11,002840,28.72,28.06,29.11,28.03,30392,57323817.0,3.82,-0.64,-0.18,2.07
2019-04-12,002840,28.01,28.24,29.17,27.53,43788,82259894.0,5.84,0.64,0.18,2.98
2019-04-15,002840,28.42,27.73,28.84,27.68,34693,64940085.0,4.11,-1.81,-0.51,2.36
2019-04-16,002840,27.7,27.32,28.09,26.56,46397,83126062.0,5.52,-1.48,-0.41,3.16
2019-04-17,002840,27.67,28.31,28.69,27.32,59668,111045887.0,5.01,3.62,0.99,4.07
2019-04-18,002840,28.31,28.75,29.47,28.07,69848,133521933.0,4.95,1.55,0.44,4.76
2019-04-19,002840,28.85,28.3,28.85,28.12,39330,73761761.0,2.54,-1.57,-0.45,2.68
2019-04-22,002840,28.31,29.74,30.08,28.18,98365,190908883.0,6.71,5.09,1.44,6.7
2019-04-23,002840,30.01,31.39,32.14,29.03,161487,329708672.0,10.46,5.55,1.65,11.01
2019-04-24,002840,31.25,32.5,33.65,30.31,155384,329183200.0,10.64,3.54,1.11,10.59
2019-04-25,002840,32.18,30.59,33.59,30.55,141469,302110048.0,9.35,-5.88,-1.91,9.64
2019-04-26,002840,29.71,27.95,30.89,27.56,124761,239347462.0,10.89,-8.63,-2.64,8.5
2019-04-29,002840,27.4,26.18,28.67,26.15,80059,145961993.0,9.02,-6.33,-1.77,5.46
2019-04-30,002840,26.03,28.78,28.78,26.03,109661,202398252.0,10.5,9.93,2.6,7.47
2019-05-06,002840,28.09,29.71,30.17,26.8,144335,275213760.0,11.71,3.23,0.93,9.84
2019-05-07,002840,29.5,30.61,30.98,28.75,153952,304731856.0,7.51,3.03,0.9,10.49
2019-05-08,002840,29.48,27.74,30.53,27.7,122897,238087140.0,9.25,-9.38,-2.87,8.38
2019-05-09,002840,26.77,27.2,28.28,26.32,79626,143486916.0,7.07,-1.95,-0.54,5.43
2019-05-10,002840,27.74,27.71,28.57,26.66,72187,132768831.0,7.02,1.88,0.51,4.92
2019-05-13,002840,27.37,27.35,28.3,27.1,48757,88751008.0,4.33,-1.3,-0.36,3.32
2019-05-14,002840,26.86,27.4,27.98,26.72,43459,78776511.0,4.61,0.18,0.05,2.96
2019-05-15,002840,27.64,27.7,27.83,27.26,42117,76797979.0,2.08,1.09,0.3,2.87
2019-05-16,002840,27.76,27.43,28.4,27.29,45860,84054045.0,4.01,-0.97,-0.27,3.13
2019-05-17,002840,27.53,26.89,27.77,26.83,51979,93585299.0,3.43,-1.97,-0.54,3.54
2019-05-20,002840,26.56,24.83,26.87,24.32,56353,93186508.0,9.48,-7.66,-2.06,3.84
2019-05-21,002840,24.91,25.46,25.72,24.71,35623,59814903.0,4.07,2.54,0.63,2.43
2019-05-22,002840,25.43,25.27,25.88,25.06,30508,51267595.0,3.22,-0.75,-0.19,2.08
2019-05-23,002840,25.37,24.49,25.43,24.35,30362,49609696.0,4.27,-3.09,-0.78,2.07
2019-05-24,002840,25.0,24.2,25.24,23.95,32340,52492744.0,5.27,-1.18,-0.29,2.2
2019-05-27,002840,24.2,24.98,25.13,24.2,27717,45248197.0,3.84,3.22,0.78,1.89
2019-05-28,002840,25.1,25.46,26.17,24.88,45512,76758791.0,5.16,1.92,0.48,3.1
2019-05-29,002840,25.45,25.33,25.85,25.06,23598,39656496.0,3.1,-0.51,-0.13,1.61
2019-05-30,002840,25.51,26.27,26.27,25.3,44721,75969511.0,3.83,3.71,0.94,3.05
2019-05-31,002840,26.18,26.45,26.8,25.58,46933,81375339.0,4.64,0.69,0.18,3.2
2019-06-03,002840,26.66,26.12,27.31,25.9,41221,72629646.0,5.33,-1.25,-0.33,2.81
2019-06-04,002840,26.17,26.06,26.38,25.43,27155,46474389.0,3.64,-0.23,-0.06,1.85
2019-06-05,002840,26.23,25.73,26.48,25.48,19296,32874809.0,3.84,-1.27,-0.33,1.32
2019-06-06,002840,25.87,24.53,25.87,24.19,28047,46016072.0,6.53,-4.66,-1.2,1.91
2019-06-10,002840,24.5,25.25,25.43,24.26,26480,43747883.0,4.77,2.94,0.72,1.8
2019-06-11,002840,25.42,26.5,26.65,25.15,38147,66293999.0,5.94,4.95,1.25,2.6
2019-06-12,002840,26.5,26.14,26.74,26.0,30140,52346093.0,2.79,-1.36,-0.36,2.05
2019-06-13,002840,26.53,26.24,26.63,26.09,26228,45612759.0,2.07,0.38,0.1,1.79
2019-06-14,002840,26.26,25.7,26.42,25.6,20166,34589345.0,3.13,-2.06,-0.54,1.37
2019-06-17,002840,25.6,25.4,26.03,25.36,13598,22998801.0,2.61,-1.17,-0.3,0.93
2019-06-18,002840,25.61,25.76,25.91,25.22,15175,25722132.0,2.72,1.42,0.36,1.03
2019-06-19,002840,26.27,25.79,26.51,25.67,25794,44108861.0,3.26,0.12,0.03,1.76
2019-06-20,002840,25.79,25.78,25.96,25.45,20673,35145139.0,1.98,-0.04,-0.01,1.41
2019-06-21,002840,25.88,26.14,26.3,25.67,34525,59156683.0,2.44,1.4,0.36,2.35
2019-06-24,002840,26.12,25.96,26.3,25.75,23599,40466833.0,2.1,-0.69,-0.18,1.61
2019-06-25,002840,25.81,25.76,26.26,25.61,21755,37189117.0,2.5,-0.77,-0.2,1.48
2019-06-26,002840,25.82,25.79,26.08,25.64,16882,28774715.0,1.71,0.12,0.03,1.15
2019-06-27,002840,25.79,26.11,26.2,25.73,23124,39684329.0,1.82,1.24,0.32,1.58
2019-06-28,002840,25.96,25.73,26.18,25.73,17125,29317162.0,1.72,-1.46,-0.38,1.17
2019-07-01,002840,26.03,26.44,26.69,25.81,33272,57656505.0,3.42,2.76,0.71,2.27
2019-07-02,002840,26.26,27.67,27.67,26.26,59992,107351274.0,5.33,4.65,1.23,4.09
2019-07-03,002840,27.52,28.21,28.54,27.11,83335,153955490.0,5.17,1.95,0.54,5.68
2019-07-04,002840,28.13,27.07,28.28,26.86,49438,89412270.0,5.03,-4.04,-1.14,3.37
2019-07-05,002840,27.05,27.31,27.53,26.87,29196,52557588.0,2.44,0.89,0.24,1.99
2019-07-08,002840,27.38,27.94,28.04,27.32,62790,115057223.0,2.64,2.31,0.63,4.28
2019-07-09,002840,27.92,27.53,27.92,26.98,43686,79388115.0,3.36,-1.47,-0.41,2.98
2019-07-10,002840,27.25,27.49,27.91,27.1,35771,64997741.0,2.94,-0.15,-0.04,2.44
2019-07-11,002840,27.31,26.65,27.76,26.36,31809,56725060.0,5.09,-3.06,-0.84,2.17
2019-07-12,002840,26.83,25.82,26.83,25.46,34768,59509632.0,5.14,-3.11,-0.83,2.37
2019-07-15,002840,25.94,26.17,26.33,25.03,23970,40881399.0,5.03,1.36,0.35,1.63
2019-07-16,002840,26.06,26.05,26.48,25.88,20919,36019446.0,2.29,-0.46,-0.12,1.43
2019-07-17,002840,26.03,26.6,26.84,25.82,48027,83885027.0,3.92,2.11,0.55,3.27
2019-07-18,002840,26.21,26.6,27.65,25.9,55550,98625418.0,6.58,0.0,0.0,3.79
2019-07-19,002840,26.93,26.63,27.08,26.2,37117,65486232.0,3.31,0.11,0.03,2.53
2019-07-22,002840,26.21,25.58,26.41,25.15,29074,49090923.0,4.73,-3.94,-1.05,1.98
2019-07-23,002840,25.58,25.6,25.81,25.39,15964,27001865.0,1.64,0.08,0.02,1.09
2019-07-24,002840,25.66,25.6,25.84,25.45,21177,35887020.0,1.52,0.0,0.0,1.44
2019-07-25,002840,25.52,25.72,25.81,25.36,17868,30129573.0,1.76,0.47,0.12,1.22
2019-07-26,002840,25.58,25.61,25.97,25.52,15287,25972534.0,1.75,-0.43,-0.11,1.04
2019-07-29,002840,25.64,26.17,26.36,25.34,23897,40802000.0,3.98,2.19,0.56,1.63
2019-07-30,002840,26.06,25.93,26.32,25.88,18971,32679492.0,1.68,-0.92,-0.24,1.29
2019-07-31,002840,25.93,25.6,26.02,25.55,14042,23901911.0,1.81,-1.27,-0.33,0.96
2019-08-01,002840,25.43,25.64,25.94,25.31,12407,21082979.0,2.46,0.16,0.04,0.85
2019-08-02,002840,25.15,25.15,25.58,24.91,22934,38149223.0,2.61,-1.91,-0.49,1.56
2019-08-05,002840,25.12,25.31,25.55,25.06,16000,26836872.0,1.95,0.64,0.16,1.09
2019-08-06,002840,24.73,24.97,25.1,24.28,20541,33661807.0,3.24,-1.34,-0.34,1.4
2019-08-07,002840,25.0,24.98,25.4,24.88,15184,25204500.0,2.08,0.04,0.01,1.03
2019-08-08,002840,24.98,24.98,25.3,24.73,15661,25834922.0,2.28,0.0,0.0,1.07
2019-08-09,002840,24.98,24.68,25.16,24.23,18545,30109251.0,3.72,-1.2,-0.3,1.26
2019-08-12,002840,24.61,24.77,24.8,24.28,11034,17954187.0,2.11,0.36,0.09,0.75
2019-08-13,002840,24.46,24.52,24.76,23.98,16711,26957801.0,3.15,-1.01,-0.25,1.14
2019-08-14,002840,24.88,24.56,24.88,24.4,9409,15275535.0,1.96,0.16,0.04,0.64
2019-08-15,002840,24.16,24.43,24.53,23.95,10583,16963635.0,2.36,-0.53,-0.13,0.72
2019-08-16,002840,24.62,24.97,25.18,24.44,18899,31077023.0,3.03,2.21,0.54,1.29
2019-08-19,002840,24.98,25.34,25.39,24.25,25298,41826114.0,4.57,1.48,0.37,1.72
2019-08-20,002840,25.33,25.64,25.81,25.06,20297,34280471.0,2.96,1.18,0.3,1.38
2019-08-21,002840,25.58,25.51,25.9,25.37,12744,21558733.0,2.07,-0.51,-0.13,0.87
2019-08-22,002840,25.55,25.81,26.08,25.31,22924,39049337.0,3.02,1.18,0.3,1.56
2019-08-23,002840,25.58,25.51,25.82,25.45,14451,24482873.0,1.43,-1.16,-0.3,0.98
2019-08-26,002840,25.0,25.52,25.87,25.0,14850,25104527.0,3.41,0.04,0.01,1.01
2019-08-27,002840,25.52,25.7,25.96,25.52,18871,32081962.0,1.72,0.71,0.18,1.29
2019-08-28,002840,25.64,26.59,27.01,25.6,45815,79964553.0,5.49,3.46,0.89,3.12
2019-08-29,002840,26.57,26.15,26.59,26.03,21174,36669464.0,2.11,-1.65,-0.44,1.44
2019-08-30,002840,26.15,25.4,26.24,25.4,24449,41739194.0,3.21,-2.87,-0.75,1.67
2019-09-02,002840,25.73,26.08,26.23,25.49,20172,34632073.0,2.91,2.68,0.68,1.37
2019-09-03,002840,26.17,26.14,26.71,26.03,24051,41850092.0,2.61,0.23,0.06,1.64
2019-09-04,002840,26.15,25.88,26.44,25.64,24276,41512059.0,3.06,-0.99,-0.26,1.65
2019-09-05,002840,25.91,26.03,26.12,25.78,24248,41607752.0,1.31,0.58,0.15,1.65
2019-09-06,002840,26.09,25.81,26.09,25.55,17584,29886821.0,2.07,-0.85,-0.22,1.2
2019-09-09,002840,26.08,25.9,26.08,25.61,19483,33211268.0,1.82,0.35,0.09,1.33
2019-09-10,002840,25.96,26.3,26.45,25.91,38124,66089306.0,2.08,1.54,0.4,2.6
2019-09-11,002840,26.48,25.87,26.54,25.84,25323,43574342.0,2.66,-1.63,-0.43,1.73
2019-09-12,002840,25.58,25.55,25.84,25.43,26107,44012801.0,1.58,-1.24,-0.32,1.78
2019-09-16,002840,25.61,25.34,25.7,25.28,18110,30381028.0,1.64,-0.82,-0.21,1.23
2019-09-17,002840,25.39,24.97,25.4,24.83,21127,35014346.0,2.25,-1.46,-0.37,1.44
2019-09-18,002840,25.07,25.06,25.33,24.92,8150,13488951.0,1.64,0.36,0.09,0.56
2019-09-19,002840,25.01,25.13,25.16,24.76,9899,16329910.0,1.6,0.28,0.07,0.67
2019-09-20,002840,25.12,25.33,25.55,25.03,14872,24924699.0,2.07,0.8,0.2,1.01
2019-09-23,002840,25.36,25.27,25.43,25.01,10865,18073384.0,1.66,-0.24,-0.06,0.74
2019-09-24,002840,25.22,25.06,25.42,24.88,12525,20775223.0,2.14,-0.83,-0.21,0.85
2019-09-25,002840,25.12,24.56,25.12,24.53,10008,16350966.0,2.35,-2.0,-0.5,0.68
2019-09-26,002840,24.61,23.9,24.76,23.48,13886,22141668.0,5.21,-2.69,-0.66,0.95
2019-09-27,002840,23.83,24.17,24.53,23.83,10426,16722292.0,2.93,1.13,0.27,0.71
2019-09-30,002840,24.2,24.25,24.52,23.87,6962,11165345.0,2.69,0.33,0.08,0.53
2019-10-08,002840,24.97,24.5,24.97,24.37,10725,17492172.0,2.47,1.03,0.25,0.81
2019-10-09,002840,24.4,24.31,24.67,23.57,9828,15765632.0,4.49,-0.78,-0.19,0.74
2019-10-10,002840,24.35,24.5,24.61,24.1,11806,19041833.0,2.1,0.78,0.19,0.89
2019-10-11,002840,24.53,24.43,24.56,24.34,8054,12984451.0,0.9,-0.29,-0.07,0.61
2019-10-14,002840,24.44,24.64,24.8,24.44,10355,16861760.0,1.47,0.86,0.21,0.78
2019-10-15,002840,24.44,24.55,24.77,24.44,8669,14106734.0,1.34,-0.37,-0.09,0.66
2019-10-16,002840,24.67,24.74,24.85,24.41,13122,21421545.0,1.79,0.77,0.19,0.99
2019-10-17,002840,24.79,24.98,25.28,24.59,17941,29625341.0,2.79,0.97,0.24,1.36
2019-10-18,002840,24.98,25.27,25.63,24.98,23667,39528772.0,2.6,1.16,0.29,1.79
2019-10-21,002840,25.25,25.91,25.94,25.04,33973,57552262.0,3.56,2.53,0.64,2.57
2019-10-22,002840,26.45,25.84,26.66,25.46,39903,68774394.0,4.63,-0.27,-0.07,3.02
2019-10-23,002840,25.45,25.81,26.48,25.42,37620,64772634.0,4.1,-0.12,-0.03,2.84
2019-10-24,002840,25.64,25.81,26.2,25.13,27411,46283800.0,4.15,0.0,0.0,2.07
2019-10-25,002840,25.48,26.78,27.19,25.48,76974,135324813.0,6.63,3.76,0.97,5.82
2019-10-28,002840,26.06,26.32,26.69,25.28,42377,73160700.0,5.27,-1.72,-0.46,3.2
2019-10-29,002840,26.18,27.7,28.28,26.03,73596,134064501.0,8.55,5.24,1.38,5.56
2019-10-30,002840,27.56,28.07,28.4,26.99,62741,115252568.0,5.09,1.34,0.37,4.74
2019-10-31,002840,27.67,27.76,28.31,27.07,44723,81680292.0,4.42,-1.1,-0.31,3.38
2019-11-01,002840,27.32,27.11,27.53,26.95,28565,51385688.0,2.09,-2.34,-0.65,2.16
2019-11-04,002840,27.46,27.95,28.04,26.93,34760,62914033.0,4.09,3.1,0.84,2.63
2019-11-05,002840,29.5,28.28,30.52,28.18,124049,241391397.0,8.37,1.18,0.33,9.37
2019-11-06,002840,28.12,26.89,28.97,26.86,75508,138171732.0,7.46,-4.92,-1.39,5.71
2019-11-07,002840,26.48,26.95,27.53,26.33,48300,86064966.0,4.46,0.22,0.06,3.65
2019-11-08,002840,26.84,27.13,27.49,26.38,39365,70217212.0,4.12,0.67,0.18,2.97
2019-11-11,002840,26.86,26.09,27.34,26.03,33257,58424961.0,4.83,-3.83,-1.04,2.51
2019-11-12,002840,25.94,26.05,26.33,25.54,20749,35553335.0,3.03,-0.15,-0.04,1.57
2019-11-13,002840,25.84,25.48,26.44,25.45,24252,41303786.0,3.8,-2.19,-0.57,1.83
2019-11-14,002840,25.4,25.52,25.64,25.25,16926,28402361.0,1.53,0.16,0.04,1.28
2019-11-15,002840,25.15,24.98,25.37,24.56,21514,35400942.0,3.17,-2.12,-0.54,1.63
2019-11-18,002840,24.88,24.86,25.1,24.53,22006,36148655.0,2.28,-0.48,-0.12,1.66
2019-11-19,002840,24.98,24.94,25.13,24.83,14197,23377357.0,1.21,0.32,0.08,1.07
2019-11-20,002840,25.43,26.27,26.38,25.39,48642,83146337.0,3.97,5.33,1.33,3.68
2019-11-21,002840,26.42,25.84,26.42,25.73,22825,39151256.0,2.63,-1.64,-0.43,1.72
2019-11-22,002840,25.84,25.4,25.94,25.3,17200,29155381.0,2.48,-1.7,-0.44,1.3
2019-11-25,002840,25.18,25.48,25.84,25.16,11465,19318592.0,2.68,0.31,0.08,0.87
2019-11-26,002840,25.48,26.0,26.02,25.4,16733,28419306.0,2.43,2.04,0.52,1.26
2019-11-27,002840,25.88,26.02,26.18,25.78,12225,20933031.0,1.54,0.08,0.02,0.92
2019-11-28,002840,26.14,25.73,26.14,25.73,9943,16977960.0,1.58,-1.11,-0.29,0.75
2019-11-29,002840,25.73,25.63,25.81,25.58,5838,9894414.0,0.89,-0.39,-0.1,0.44
2019-12-02,002840,25.43,25.4,25.87,25.33,7513,12647390.0,2.11,-0.9,-0.23,0.57
2019-12-03,002840,25.4,25.31,25.58,25.15,7387,12371096.0,1.69,-0.35,-0.09,0.56
2019-12-04,002840,25.22,25.09,25.28,24.88,10936,18094450.0,1.58,-0.87,-0.22,0.83
2019-12-05,002840,25.15,25.22,25.36,25.0,6335,10530331.0,1.43,0.52,0.13,0.48
2019-12-06,002840,25.28,25.24,25.45,25.19,5806,9701476.0,1.03,0.08,0.02,0.44
2019-12-09,002840,25.4,25.0,25.4,24.91,10521,17409683.0,1.94,-0.95,-0.24,0.79
2019-12-10,002840,25.0,24.68,25.25,24.67,15110,24807579.0,2.32,-1.28,-0.32,1.14
2019-12-11,002840,24.77,24.73,24.79,24.41,13370,21699611.0,1.54,0.2,0.05,1.01
2019-12-12,002840,24.94,24.65,24.94,24.56,8178,13320536.0,1.54,-0.32,-0.08,0.62
2019-12-13,002840,24.67,24.61,24.76,24.44,9836,15964660.0,1.3,-0.16,-0.04,0.74
2019-12-16,002840,24.62,24.76,24.77,24.49,13743,22330721.0,1.14,0.61,0.15,1.04
2019-12-17,002840,24.91,25.0,25.25,24.76,17137,28384716.0,1.98,0.97,0.24,1.29
2019-12-18,002840,24.98,24.77,25.0,24.76,12657,20792670.0,0.96,-0.92,-0.23,0.96
2019-12-19,002840,24.77,24.86,24.89,24.58,12897,21013858.0,1.25,0.36,0.09,0.97
2019-12-20,002840,24.86,25.04,25.18,24.85,16526,27316787.0,1.33,0.72,0.18,1.25
2019-12-23,002840,25.04,24.44,25.16,24.41,15735,25641146.0,3.0,-2.4,-0.6,1.19
2019-12-24,002840,24.44,24.44,24.5,24.29,10792,17364898.0,0.86,0.0,0.0,0.82
2019-12-25,002840,24.44,24.58,24.7,24.35,5924,9585069.0,1.43,0.57,0.14,0.45
2019-12-26,002840,24.58,24.44,24.62,24.13,12692,20408009.0,1.99,-0.57,-0.14,0.86
2019-12-27,002840,24.38,24.67,25.01,24.23,23291,37961605.0,3.19,0.94,0.23,1.59
2019-12-30,002840,24.76,24.44,24.76,24.16,12170,19580262.0,2.43,-0.93,-0.23,0.83
2019-12-31,002840,24.67,24.68,24.73,24.56,11383,18519866.0,0.7,0.98,0.24,0.78
2020-01-02,002840,24.68,25.01,25.09,24.68,18294,30214655.0,1.66,1.34,0.33,1.25
2020-01-03,002840,25.06,24.83,25.13,24.73,14343,23551599.0,1.6,-0.72,-0.18,0.98
2020-01-06,002840,24.73,24.65,24.8,24.47,19001,30884289.0,1.33,-0.72,-0.18,1.29
2020-01-07,002840,24.83,25.34,25.37,24.83,33654,56007341.0,2.19,2.8,0.69,2.29
2020-01-08,002840,25.1,24.73,25.25,24.7,22704,37483579.0,2.17,-2.41,-0.61,1.55
2020-01-09,002840,24.82,24.95,25.1,24.8,12357,20334700.0,1.21,0.89,0.22,0.84
2020-01-10,002840,25.13,24.79,25.13,24.61,10189,16657121.0,2.08,-0.64,-0.16,0.38
2020-01-13,002840,24.76,24.58,24.76,24.35,14966,24218837.0,1.65,-0.85,-0.21,0.56
2020-01-14,002840,24.65,24.5,24.68,24.31,15143,24475041.0,1.51,-0.33,-0.08,0.57
2020-01-15,002840,24.46,24.52,24.64,24.38,11805,19106946.0,1.06,0.08,0.02,0.44
2020-01-16,002840,24.49,24.64,24.8,24.41,16057,26142323.0,1.59,0.49,0.12,0.6
2020-01-17,002840,24.67,24.52,24.83,24.5,7000,11360691.0,1.34,-0.49,-0.12,0.26
2020-01-20,002840,24.43,24.46,24.59,24.34,8147,13147011.0,1.02,-0.24,-0.06,0.3
2020-01-21,002840,24.55,24.29,24.56,24.2,8764,14073997.0,1.47,-0.7,-0.17,0.33
2020-01-22,002840,24.16,23.78,24.16,23.56,11749,18428504.0,2.47,-2.1,-0.51,0.44
2020-01-23,002840,23.87,22.73,23.87,22.43,18978,28934259.0,6.06,-4.42,-1.05,0.71
2020-02-03,002840,20.48,20.48,20.48,20.48,2957,3991950.0,0.0,-9.9,-2.25,0.11
2020-02-04,002840,18.47,20.32,20.48,18.47,43953,55415759.0,9.81,-0.78,-0.16,1.64
2020-02-05,002840,20.03,20.26,20.9,19.88,23147,31171293.0,5.02,-0.3,-0.06,0.86
2020-02-06,002840,20.44,20.59,20.86,20.23,19127,25902196.0,3.11,1.63,0.33,0.71
2020-02-07,002840,20.57,21.13,21.67,20.57,18659,25892824.0,5.34,2.62,0.54,0.7
2020-02-10,002840,21.13,22.58,22.72,20.9,34067,49610040.0,8.61,6.86,1.45,1.27
2020-02-11,002840,22.51,22.06,22.66,21.85,20947,30533223.0,3.59,-2.3,-0.52,0.78
2020-02-12,002840,22.1,21.95,22.13,21.88,12093,17526187.0,1.13,-0.5,-0.11,0.45
2020-02-13,002840,21.92,21.5,22.03,21.46,13645,19524025.0,2.6,-2.05,-0.45,0.51
2020-02-14,002840,21.47,21.52,21.74,21.31,10088,14332766.0,2.0,0.09,0.02,0.38
2020-02-17,002840,22.16,21.79,22.16,21.73,22421,32401909.0,2.0,1.25,0.27,0.84
2020-02-18,002840,21.77,21.94,22.1,21.68,17912,25872561.0,1.93,0.69,0.15,0.67
2020-02-19,002840,21.88,22.84,22.84,21.85,37278,55439738.0,4.51,4.1,0.9,1.39
2020-02-20,002840,22.97,22.66,23.3,22.45,32352,48480434.0,3.72,-0.79,-0.18,1.21
2020-02-21,002840,22.52,22.6,22.99,22.3,24067,35910140.0,3.05,-0.26,-0.06,0.9
2020-02-24,002840,22.39,23.15,23.18,21.94,35974,53254224.0,5.49,2.43,0.55,1.34
2020-02-25,002840,22.52,22.66,22.85,22.25,33765,50354719.0,2.59,-2.12,-0.49,1.26
2020-02-26,002840,22.55,22.55,22.78,22.33,19950,29725796.0,1.99,-0.49,-0.11,0.74
2020-02-27,002840,22.76,22.97,23.09,22.49,20985,31576418.0,2.66,1.86,0.42,0.78
2020-02-28,002840,22.36,22.21,22.66,22.16,22031,32657698.0,2.18,-3.31,-0.76,0.82
2020-03-02,002840,22.28,22.7,22.84,22.28,14211,21262925.0,2.52,2.21,0.49,0.53
2020-03-03,002840,23.02,22.6,23.02,22.45,15049,22527777.0,2.51,-0.44,-0.1,0.56
2020-03-04,002840,22.58,22.67,22.7,22.48,11226,16723515.0,0.97,0.31,0.07,0.42
2020-03-05,002840,22.73,24.2,24.73,22.58,57857,90759405.0,9.48,6.75,1.53,2.16
2020-03-06,002840,23.87,23.33,24.01,23.2,37140,57522748.0,3.35,-3.6,-0.87,1.39
2020-03-09,002840,22.85,22.72,23.44,22.67,19450,29516457.0,3.3,-2.61,-0.61,0.73
2020-03-10,002840,22.13,22.91,23.03,21.83,30301,45103162.0,5.28,0.84,0.19,1.13
2020-03-11,002840,22.91,22.94,23.39,22.91,24675,37703935.0,2.1,0.13,0.03,0.92
2020-03-12,002840,22.64,22.82,23.02,22.48,17414,26084867.0,2.35,-0.52,-0.12,0.65
2020-03-13,002840,21.98,22.27,22.69,21.98,11864,17357720.0,3.11,-2.41,-0.55,0.44
2020-03-16,002840,22.4,21.68,22.72,21.68,11864,17450828.0,4.67,-2.65,-0.59,0.44
2020-03-17,002840,21.92,20.96,22.27,20.2,16151,22359201.0,9.55,-3.32,-0.72,0.6
2020-03-18,002840,21.05,20.96,21.76,20.92,13409,18836185.0,4.01,0.0,0.0,0.5
2020-03-19,002840,20.95,20.6,21.07,20.23,9745,13222524.0,4.01,-1.72,-0.36,0.36
2020-03-20,002840,20.71,21.83,21.83,20.39,17321,24252782.0,6.99,5.97,1.23,0.65
2020-03-23,002840,21.71,22.36,22.87,21.28,29503,43248503.0,7.28,2.43,0.53,1.1
2020-03-24,002840,22.73,22.48,22.84,21.71,30404,44743013.0,5.05,0.54,0.12,1.13
2020-03-25,002840,22.69,22.27,22.88,22.21,17930,26549967.0,2.98,-0.93,-0.21,0.67
2020-03-26,002840,22.27,22.12,22.36,22.04,12408,18163711.0,1.44,-0.67,-0.15,0.46
2020-03-27,002840,22.21,22.0,22.48,21.98,6594,9630167.0,2.26,-0.54,-0.12,0.25
2020-03-30,002840,21.98,21.58,22.12,21.19,8843,12673550.0,4.23,-1.91,-0.42,0.33
2020-03-31,002840,21.7,22.76,23.0,21.7,46634,69514966.0,6.02,5.47,1.18,1.74
2020-04-01,002840,22.76,21.88,22.84,21.77,30203,44559051.0,4.7,-3.87,-0.88,1.13
2020-04-02,002840,21.62,21.2,21.86,20.9,30137,42017112.0,4.39,-3.11,-0.68,1.12
2020-04-03,002840,21.2,21.56,21.91,21.08,25824,36824918.0,3.92,1.7,0.36,0.96
2020-04-07,002840,22.03,23.54,23.59,22.03,77646,117333380.0,7.24,9.18,1.98,2.9
2020-04-08,002840,23.48,22.63,23.54,22.48,57740,86767712.0,4.5,-3.87,-0.91,2.15
2020-04-09,002840,22.76,23.86,24.32,22.43,86867,134810594.0,8.35,5.44,1.23,3.24
2020-04-10,002840,23.5,24.44,24.95,23.2,123963,195613590.0,7.33,2.43,0.58,4.63
2020-04-13,002840,24.23,24.08,24.95,23.77,63694,101602853.0,4.83,-1.47,-0.36,2.38
2020-04-14,002840,23.87,23.51,24.23,23.27,81905,127995789.0,3.99,-2.37,-0.57,3.06
2020-04-15,002840,23.42,22.87,23.42,22.61,43457,65599963.0,3.45,-2.72,-0.64,1.62
2020-04-16,002840,22.85,22.69,23.06,22.58,24387,36627790.0,2.1,-0.79,-0.18,0.91
2020-04-17,002840,22.81,22.69,23.02,22.49,28370,42505135.0,2.34,0.0,0.0,1.06
2020-04-20,002840,22.63,22.76,22.94,22.63,19710,29645077.0,1.37,0.31,0.07,0.74
2020-04-21,002840,22.73,22.22,22.76,22.07,23546,34753793.0,3.03,-2.37,-0.54,0.88
2020-04-22,002840,22.22,23.42,23.62,22.13,53863,82421368.0,6.71,5.4,1.2,2.01
2020-04-23,002840,23.33,23.78,24.35,23.2,54946,86363140.0,4.91,1.54,0.36,2.05
2020-04-24,002840,23.78,23.86,24.14,23.38,32587,51232386.0,3.2,0.34,0.08,1.22
2020-04-27,002840,24.11,23.44,24.61,23.36,24154,37731039.0,5.24,-1.76,-0.42,0.9
2020-04-28,002840,23.45,22.99,23.5,22.43,23311,35289725.0,4.56,-1.92,-0.45,0.87
2020-04-29,002840,23.18,23.86,24.17,22.76,34143,53506754.0,6.13,3.78,0.87,1.27
2020-04-30,002840,23.84,24.35,24.53,23.71,41948,66843667.0,3.44,2.05,0.49,1.57
2020-05-06,002840,23.84,24.01,24.53,23.83,31229,49651100.0,2.87,-1.4,-0.34,1.17
2020-05-07,002840,24.02,25.43,25.88,23.71,82430,135621596.0,9.04,5.91,1.42,3.04
2020-05-08,002840,25.3,25.58,25.96,24.83,75603,126690880.0,4.44,0.59,0.15,2.78
2020-05-11,002840,25.48,24.91,25.82,24.85,42795,71188615.0,3.79,-2.62,-0.67,1.58
2020-05-12,002840,24.83,25.21,25.24,24.53,24834,40948709.0,2.85,1.2,0.3,0.91
2020-05-13,002840,25.73,25.25,26.93,25.15,107094,183078025.0,7.06,0.16,0.04,3.94
2020-05-14,002840,24.97,24.71,25.57,23.96,67364,110590743.0,6.38,-2.14,-0.54,2.48
2020-05-15,002840,24.68,24.71,24.95,24.23,43263,70234824.0,2.91,0.0,0.0,1.59
2020-05-18,002840,24.38,24.85,24.92,24.37,36283,59288012.0,2.23,0.57,0.14,1.34
2020-05-19,002840,24.85,25.57,25.81,24.7,56208,94374559.0,4.47,2.9,0.72,2.07
2020-05-20,002840,25.25,26.47,26.56,25.13,93835,161728157.0,5.59,3.52,0.9,3.46
2020-05-21,002840,26.18,25.93,26.63,25.58,55589,95294556.0,3.97,-2.04,-0.54,2.05
2020-05-22,002840,25.75,25.69,26.18,25.45,32048,54561574.0,2.82,-0.93,-0.24,1.18
2020-05-25,002840,25.69,26.23,26.32,25.31,51756,88677968.0,3.93,2.1,0.54,1.91
2020-05-26,002840,26.18,26.32,26.74,25.82,61215,106389708.0,3.51,0.34,0.09,2.25
2020-05-27,002840,26.23,25.69,26.26,25.4,43533,74138498.0,3.27,-2.39,-0.63,1.6
2020-05-28,002840,25.58,24.88,25.58,24.82,38208,63400722.0,2.96,-3.15,-0.81,1.41
2020-05-29,002840,25.13,25.37,25.63,24.86,35144,58682611.0,3.09,1.97,0.49,1.29
2020-06-01,002840,25.66,25.91,26.08,25.48,48009,81839697.0,2.36,2.13,0.54,1.77
2020-06-02,002840,25.85,25.88,26.17,25.58,35410,60398109.0,2.28,-0.12,-0.03,1.3
2020-06-03,002840,25.87,25.51,25.87,25.43,29044,49116208.0,1.7,-1.43,-0.37,1.07
2020-06-04,002840,25.51,25.01,25.73,24.98,37793,63079728.0,2.94,-1.96,-0.5,1.39
2020-06-05,002840,25.0,24.68,25.4,24.46,44547,73074353.0,3.76,-1.32,-0.33,1.64
2020-06-08,002840,24.7,24.23,24.92,24.01,51820,83234325.0,3.69,-1.82,-0.45,1.91
2020-06-09,002840,24.13,24.4,24.59,24.05,37287,59918033.0,2.23,0.7,0.17,1.37
2020-06-10,002840,24.4,24.23,24.52,24.13,23889,38272752.0,1.6,-0.7,-0.17,0.88
2020-06-11,002840,24.2,23.9,24.23,23.86,30827,48855642.0,1.53,-1.36,-0.33,1.14
2020-06-12,002840,23.5,23.93,24.07,23.41,25683,40343281.0,2.76,0.13,0.03,0.95
2020-06-15,002840,24.07,24.11,24.46,23.93,39725,63675261.0,2.21,0.75,0.18,1.46
2020-06-16,002840,24.08,24.35,24.38,23.92,28709,45817759.0,1.91,1.0,0.24,1.06
2020-06-17,002840,24.59,24.43,24.91,24.37,41277,66896226.0,2.22,0.33,0.08,1.52
2020-06-18,002840,24.25,24.49,24.85,24.25,35338,57165474.0,2.46,0.25,0.06,1.3
2020-06-19,002840,24.61,25.34,25.49,24.56,71740,118933235.0,3.8,3.47,0.85,2.64
2020-06-22,002840,25.58,26.17,26.26,25.3,87432,149444341.0,3.79,3.28,0.83,3.22
2020-06-23,002840,25.91,26.06,26.56,25.82,65941,114149714.0,2.83,-0.42,-0.11,2.43
2020-06-24,002840,26.33,26.57,26.71,25.85,50424,87518977.0,3.3,1.96,0.51,1.86
2020-06-29,002840,26.51,28.33,28.69,26.48,93229,171466474.0,8.32,6.62,1.76,3.43
2020-06-30,002840,28.55,28.64,28.73,27.79,81253,152511977.0,3.32,1.09,0.31,2.99
2020-07-01,002840,28.96,28.93,29.65,28.0,132579,156883309.0,5.76,1.01,0.29,3.05
2020-07-02,002840,29.1,30.18,31.21,28.93,147936,183809580.0,7.88,4.32,1.25,3.41
2020-07-03,002840,30.28,29.8,30.49,29.53,102324,126201750.0,3.18,-1.26,-0.38,2.36
2020-07-06,002840,30.25,31.29,31.72,29.87,130004,165786553.0,6.21,5.0,1.49,2.99
2020-07-07,002840,31.21,31.0,31.96,30.69,125072,160984575.0,4.06,-0.93,-0.29,2.88
2020-07-08,002840,30.57,31.26,31.62,30.47,93939,120865753.0,3.71,0.84,0.26,2.16
2020-07-09,002840,31.53,31.69,32.08,31.26,106431,138920000.0,2.62,1.38,0.43,2.45
2020-07-10,002840,31.36,31.24,31.93,31.07,74816,96974183.0,2.71,-1.42,-0.45,1.72
2020-07-13,002840,31.91,33.47,33.78,31.48,139176,188469556.0,7.36,7.14,2.23,3.2
2020-07-14,002840,34.14,34.38,34.57,33.25,155485,217549485.0,3.94,2.72,0.91,3.58
2020-07-15,002840,34.29,33.42,35.44,32.94,186010,262884644.0,7.27,-2.79,-0.96,4.28
2020-07-16,002840,33.4,31.5,33.4,31.29,121634,162379139.0,6.31,-5.75,-1.92,2.8
2020-07-17,002840,31.5,32.29,32.61,31.31,83904,110609492.0,4.13,2.51,0.79,1.93
2020-07-20,002840,32.01,32.73,32.94,31.86,79443,106204164.0,3.34,1.36,0.44,1.83
2020-07-21,002840,32.22,32.49,33.18,31.91,61525,82307786.0,3.88,-0.73,-0.24,1.42
2020-07-22,002840,32.29,33.16,33.81,32.15,107017,146886387.0,5.11,2.06,0.67,2.46
2020-07-23,002840,33.25,32.44,33.57,32.2,109373,147872345.0,4.13,-2.17,-0.72,2.52
2020-07-24,002840,32.41,31.62,34.62,31.36,157165,213329524.0,10.05,-2.53,-0.82,3.62
2020-07-27,002840,31.74,30.3,32.05,29.8,116139,147772455.0,7.12,-4.17,-1.32,2.67
2020-07-28,002840,30.3,30.9,31.21,30.06,80988,102459215.0,3.8,1.98,0.6,1.86
2020-07-29,002840,30.78,31.12,31.24,30.06,68712,87389525.0,3.82,0.71,0.22,1.58
2020-07-30,002840,31.17,30.93,31.81,30.73,67820,87208570.0,3.47,-0.61,-0.19,1.56
2020-07-31,002840,30.88,31.24,31.26,30.42,49575,63294208.0,2.72,1.0,0.31,1.14
2020-08-03,002840,31.12,33.37,33.49,31.12,104924,140669721.0,7.59,6.82,2.13,2.42
2020-08-04,002840,33.45,33.16,34.09,32.7,117082,162080772.0,4.17,-0.63,-0.21,2.7
2020-08-05,002840,32.7,32.22,32.87,31.93,96502,128732652.0,2.83,-2.83,-0.94,2.22
2020-08-06,002840,32.58,31.14,32.58,30.57,108487,139605238.0,6.24,-3.35,-1.08,2.5
2020-08-07,002840,31.09,30.16,31.24,29.7,66450,83196700.0,4.95,-3.15,-0.98,1.53
2020-08-10,002840,30.16,30.25,30.76,29.73,49714,61978785.0,3.42,0.3,0.09,1.14
2020-08-11,002840,30.42,30.09,31.07,30.01,59783,75471250.0,3.5,-0.53,-0.16,1.38
2020-08-12,002840,30.09,29.58,30.37,29.08,53817,65550866.0,4.29,-1.69,-0.51,1.24
2020-08-13,002840,29.94,29.89,30.4,29.61,54298,67403947.0,2.67,1.05,0.31,1.25
2020-08-14,002840,30.3,30.33,30.64,29.75,61515,76560774.0,2.98,1.47,0.44,1.42
2020-08-17,002840,30.76,30.42,30.78,30.11,58048,72659286.0,2.21,0.3,0.09,1.34
2020-08-18,002840,30.52,30.95,31.62,30.25,77614,99140895.0,4.5,1.74,0.53,1.79
2020-08-19,002840,30.78,30.69,31.38,30.3,71750,91116425.0,3.49,-0.84,-0.26,1.65
2020-08-20,002840,30.42,29.85,30.42,29.77,49702,61576401.0,2.12,-2.74,-0.84,1.14
2020-08-21,002840,29.92,30.37,30.71,29.92,52836,66076588.0,2.65,1.74,0.52,1.22
2020-08-24,002840,30.45,30.49,30.78,30.25,52195,65794092.0,1.75,0.4,0.12,1.2
2020-08-25,002840,30.49,29.65,30.54,29.56,55891,69137738.0,3.21,-2.76,-0.84,1.29
2020-08-26,002840,29.8,28.86,30.01,28.79,67286,81502441.0,4.11,-2.66,-0.79,1.55
2020-08-27,002840,28.89,28.91,29.17,28.38,40657,48330826.0,2.74,0.17,0.05,0.94
2020-08-28,002840,29.01,28.96,29.03,28.12,52047,61472952.0,3.15,0.17,0.05,1.2
2020-08-31,002840,29.08,29.08,29.58,28.93,40533,48824276.0,2.24,0.41,0.12,0.93
2020-09-01,002840,29.08,29.2,29.22,28.55,36953,43981605.0,2.3,0.41,0.12,0.85
2020-09-02,002840,29.22,28.89,29.56,28.79,37871,45422952.0,2.64,-1.06,-0.31,0.87
2020-09-03,002840,28.89,28.55,29.08,28.38,38147,45198787.0,2.42,-1.18,-0.34,0.88
2020-09-04,002840,27.9,28.43,28.45,27.81,38504,44532600.0,2.24,-0.42,-0.12,0.89
2020-09-07,002840,28.14,27.06,28.43,26.73,66447,75505490.0,5.98,-4.82,-1.37,1.53
2020-09-08,002840,27.06,26.27,27.3,25.57,73481,79622910.0,6.39,-2.92,-0.79,1.69
2020-09-09,002840,26.29,25.38,26.29,25.19,37732,39792259.0,4.19,-3.39,-0.89,0.87
2020-09-10,002840,25.74,25.0,25.86,24.97,26796,28006632.0,3.51,-1.5,-0.38,0.62
2020-09-11,002840,24.9,25.91,25.91,24.64,35393,37036839.0,5.08,3.64,0.91,0.81
2020-09-14,002840,25.84,26.51,26.58,25.77,36457,39502385.0,3.13,2.32,0.6,0.84
2020-09-15,002840,26.39,26.01,26.49,25.96,25308,27265489.0,2.0,-1.89,-0.5,0.58
2020-09-16,002840,25.98,25.48,26.2,25.36,24845,26233530.0,3.23,-2.04,-0.53,0.57
2020-09-17,002840,25.53,25.41,25.67,25.07,24355,25349788.0,2.35,-0.27,-0.07,0.56
2020-09-18,002840,25.38,25.53,25.74,24.95,32512,34009575.0,3.11,0.47,0.12,0.75
2020-09-21,002840,25.45,25.74,26.61,25.14,41230,43822317.0,5.76,0.82,0.21,0.95
2020-09-22,002840,25.72,25.45,25.79,25.21,25222,26482780.0,2.25,-1.13,-0.29,0.58
2020-09-23,002840,25.6,25.43,25.72,25.36,16405,17214952.0,1.41,-0.08,-0.02,0.38
2020-09-24,002840,25.33,24.73,25.33,24.73,23429,24057753.0,2.36,-2.75,-0.7,0.54
2020-09-25,002840,24.73,25.0,25.31,24.71,17237,17782954.0,2.43,1.09,0.27,0.4
2020-09-28,002840,25.21,24.83,25.21,24.76,14049,14382285.0,1.8,-0.68,-0.17,0.32
2020-09-29,002840,24.93,24.83,25.21,24.69,16342,16767048.0,2.09,0.0,0.0,0.38
2020-09-30,002840,24.9,25.19,25.33,24.83,20365,21074821.0,2.01,1.45,0.36,0.47
2020-10-09,002840,25.57,25.93,26.05,25.38,29138,30932805.0,2.66,2.94,0.74,0.67
2020-10-12,002840,25.96,26.2,26.39,25.91,25838,27837883.0,1.85,1.04,0.27,0.59
2020-10-13,002840,26.17,26.17,26.27,25.84,43217,46390056.0,1.64,-0.11,-0.03,0.99
2020-10-14,002840,26.17,25.98,26.29,25.86,21230,22778781.0,1.64,-0.73,-0.19,0.49
2020-10-15,002840,25.93,25.65,26.15,25.53,22002,23369957.0,2.39,-1.27,-0.33,0.51
2020-10-16,002840,25.65,25.38,25.84,25.33,22523,23637805.0,1.99,-1.05,-0.27,0.52
2020-10-19,002840,25.38,25.19,25.91,25.17,20068,21099806.0,2.92,-0.75,-0.19,0.46
2020-10-20,002840,25.21,25.57,25.62,24.93,18207,19000105.0,2.74,1.51,0.38,0.42
2020-10-21,002840,25.65,25.21,25.69,25.02,18929,19668904.0,2.62,-1.41,-0.36,0.44
2020-10-22,002840,25.02,25.19,25.21,24.88,12609,13002302.0,1.31,-0.08,-0.02,0.29
2020-10-23,002840,25.19,24.9,25.36,24.78,17478,17954692.0,2.3,-1.15,-0.29,0.4
2020-10-26,002840,24.78,25.0,25.02,23.34,24049,24460910.0,6.75,0.4,0.1,0.55
2020-10-27,002840,24.9,24.66,25.41,24.52,21503,22037747.0,3.56,-1.36,-0.34,0.5
2020-10-28,002840,24.66,24.69,24.95,24.52,14033,14246242.0,1.74,0.12,0.03,0.32
2020-10-29,002840,24.49,24.71,25.07,24.42,19288,19659650.0,2.63,0.08,0.02,0.44
2020-10-30,002840,24.73,24.61,24.88,24.52,22412,22744817.0,1.46,-0.4,-0.1,0.52
2020-11-02,002840,24.54,23.94,24.76,23.82,29602,29349516.0,3.82,-2.72,-0.67,0.68
2020-11-03,002840,23.99,24.78,25.09,23.99,28599,29003595.0,4.59,3.51,0.84,0.66
2020-11-04,002840,24.78,24.3,24.78,24.28,20176,20297913.0,2.02,-1.94,-0.48,0.46
2020-11-05,002840,24.42,24.59,24.78,24.4,13480,13613096.0,1.56,1.19,0.29,0.31
2020-11-06,002840,24.59,24.18,24.73,24.09,16481,16434583.0,2.6,-1.67,-0.41,0.38
2020-11-09,002840,24.3,24.37,24.69,24.25,17418,17531115.0,1.82,0.79,0.19,0.4
2020-11-10,002840,24.4,24.13,24.42,23.97,16333,16257195.0,1.85,-0.98,-0.24,0.38
2020-11-11,002840,24.11,24.13,24.47,23.97,15754,15676228.0,2.07,0.0,0.0,0.36
2020-11-12,002840,24.21,24.28,24.3,23.89,13489,13397223.0,1.7,0.62,0.15,0.31
2020-11-13,002840,24.09,24.06,24.16,23.68,13920,13688797.0,1.98,-0.91,-0.22,0.32
2020-11-16,002840,24.25,25.33,25.36,24.06,54618,55900243.0,5.4,5.28,1.27,1.26
2020-11-17,002840,25.41,25.5,25.6,25.02,39557,41296028.0,2.29,0.67,0.17,0.91
2020-11-18,002840,25.65,26.61,26.87,25.43,74346,80564388.0,5.65,4.35,1.11,1.71
2020-11-19,002840,26.46,28.65,29.25,26.32,186952,218177813.0,11.01,7.67,2.04,4.3
2020-11-20,002840,28.12,28.72,29.01,26.77,126880,147207788.0,7.82,0.24,0.07,2.92
2020-11-23,002840,28.24,28.79,28.96,28.17,79299,93671676.0,2.75,0.24,0.07,1.83
2020-11-24,002840,28.55,28.89,29.68,28.43,63332,75759115.0,4.34,0.35,0.1,1.46
2020-11-25,002840,28.84,29.15,29.65,28.62,82751,99572284.0,3.57,0.9,0.26,1.9
2020-11-26,002840,29.49,29.25,30.54,28.86,77340,94323950.0,5.76,0.34,0.1,1.78
2020-11-27,002840,28.96,28.89,29.44,28.5,50444,60349632.0,3.21,-1.23,-0.36,1.16
2020-11-30,002840,29.01,29.46,29.73,28.98,56858,69078344.0,2.6,1.97,0.57,1.31
2020-12-01,002840,29.13,29.34,29.61,28.81,51393,61763029.0,2.72,-0.41,-0.12,1.18
2020-12-02,002840,29.34,29.53,30.11,29.34,43176,52743338.0,2.62,0.65,0.19,0.99
2020-12-03,002840,29.39,29.65,29.73,29.13,37969,46194418.0,2.03,0.41,0.12,0.87
2020-12-04,002840,29.99,29.65,30.25,29.53,47333,58244396.0,2.43,0.0,0.0,1.09
2020-12-07,002840,29.61,30.06,30.42,29.61,67017,82966655.0,2.73,1.38,0.41,1.54
2020-12-08,002840,29.94,29.75,30.23,29.7,36106,44580571.0,1.76,-1.03,-0.31,0.83
2020-12-09,002840,29.53,28.5,29.99,28.5,63736,76442099.0,5.01,-4.2,-1.25,1.47
2020-12-10,002840,28.5,27.71,28.77,27.69,48185,55905598.0,3.79,-2.77,-0.79,1.11
2020-12-11,002840,28.14,27.23,28.17,26.75,41051,46034619.0,5.12,-1.73,-0.48,0.94
2020-12-14,002840,27.09,27.16,27.42,26.82,28572,31890707.0,2.2,-0.26,-0.07,0.66
2020-12-15,002840,27.37,26.73,27.37,26.51,29916,33009291.0,3.17,-1.58,-0.43,0.69
2020-12-16,002840,26.7,26.68,27.52,26.46,51477,57198738.0,3.97,-0.19,-0.05,1.18
2020-12-17,002840,26.75,26.77,27.13,25.86,43032,46946911.0,4.76,0.34,0.09,0.99
2020-12-18,002840,26.87,27.11,27.37,26.41,37722,41980177.0,3.59,1.27,0.34,0.87
2020-12-21,002840,27.04,26.7,27.47,26.61,38756,42941146.0,3.17,-1.51,-0.41,0.89
2020-12-22,002840,26.65,26.01,26.87,25.91,34921,37930085.0,3.6,-2.58,-0.69,0.8
2020-12-23,002840,25.93,25.55,26.29,25.48,45760,48634456.0,3.11,-1.77,-0.46,1.05
2020-12-24,002840,25.31,24.85,25.74,24.69,34002,35097481.0,4.11,-2.74,-0.7,0.78
2020-12-25,002840,24.61,25.0,25.26,24.54,28556,29387267.0,2.9,0.6,0.15,0.66
2020-12-28,002840,24.85,24.64,25.36,24.59,23257,23759400.0,3.08,-1.44,-0.36,0.54
2020-12-29,002840,24.71,24.42,24.95,24.35,24412,24712224.0,2.44,-0.89,-0.22,0.56
2020-12-30,002840,24.69,24.85,25.05,24.47,24242,24716372.0,2.38,1.76,0.43,0.56
2020-12-31,002840,24.85,25.43,25.67,24.66,26123,27089727.0,4.06,2.33,0.58,0.6
2021-01-04,002840,25.43,26.41,26.7,25.21,63401,68328805.0,5.86,3.85,0.98,1.46
2021-01-05,002840,26.41,26.46,27.09,26.1,64181,70105773.0,3.75,0.19,0.05,1.47
2021-01-06,002840,26.32,25.53,26.58,25.45,50126,53120798.0,4.27,-3.51,-0.93,1.15
2021-01-07,002840,25.02,24.35,25.21,24.3,64338,65141641.0,3.56,-4.62,-1.18,1.48
2021-01-08,002840,24.35,23.8,24.57,23.7,48186,47499331.0,3.57,-2.26,-0.55,1.11
2021-01-11,002840,23.37,22.6,23.58,22.09,75622,70736647.0,6.26,-5.04,-1.2,1.74
2021-01-12,002840,22.72,22.72,23.29,22.45,37358,35140760.0,3.72,0.53,0.12,0.86
2021-01-13,002840,22.79,22.21,22.93,21.85,37476,34020984.0,4.75,-2.24,-0.51,0.86
2021-01-14,002840,22.21,22.29,22.48,21.97,25038,22912658.0,2.3,0.36,0.08,0.57
2021-01-15,002840,22.48,22.67,22.77,22.21,31950,29531873.0,2.51,1.7,0.38,0.73
2021-01-18,002840,22.72,22.93,23.22,22.57,32545,30544133.0,2.87,1.15,0.26,0.75
2021-01-19,002840,22.91,22.84,23.05,22.65,57804,54369833.0,1.74,-0.39,-0.09,1.33
2021-01-20,002840,22.84,22.43,22.91,22.33,28291,26156529.0,2.54,-1.8,-0.41,0.65
2021-01-21,002840,22.31,22.53,22.72,22.24,24290,22426243.0,2.14,0.45,0.1,0.56
2021-01-22,002840,22.55,22.21,22.67,22.12,23402,21434669.0,2.44,-1.42,-0.32,0.54
2021-01-25,002840,22.24,21.85,22.36,21.57,31746,28656008.0,3.56,-1.62,-0.36,0.73
2021-01-26,002840,21.93,22.89,23.08,21.9,48900,45439042.0,5.4,4.76,1.04,1.12
2021-01-27,002840,23.05,22.09,23.05,21.95,38223,34901703.0,4.81,-3.49,-0.8,0.88
2021-01-28,002840,21.66,21.88,22.21,21.66,17771,15974683.0,2.49,-0.95,-0.21,0.41
2021-01-29,002840,22.02,21.64,22.02,21.47,22276,19848930.0,2.51,-1.1,-0.24,0.51
2021-02-01,002840,21.49,21.3,21.57,21.04,22038,19262624.0,2.45,-1.57,-0.34,0.51
2021-02-02,002840,21.49,21.4,21.57,21.16,12277,10782574.0,1.92,0.47,0.1,0.28
2021-02-03,002840,21.54,21.83,22.05,20.97,25977,23075328.0,5.05,2.01,0.43,0.6
2021-02-04,002840,21.61,21.16,21.73,21.11,21691,18960995.0,2.84,-3.07,-0.67,0.5
2021-02-05,002840,21.13,21.16,21.4,20.77,17437,15150034.0,2.98,0.0,0.0,0.4
2021-02-08,002840,21.16,20.73,21.4,20.7,23111,19789446.0,3.31,-2.03,-0.43,0.53
2021-02-09,002840,20.73,20.85,21.04,20.22,27586,23227910.0,3.96,0.58,0.12,0.63
2021-02-10,002840,20.82,21.4,21.54,20.65,24434,21363216.0,4.27,2.64,0.55,0.56
2021-02-18,002840,21.54,22.14,22.29,21.54,26874,24225178.0,3.5,3.46,0.74,0.62
2021-02-19,002840,22.14,23.37,23.7,21.97,47977,45364347.0,7.81,5.56,1.23,1.1
2021-02-22,002840,23.7,23.13,23.94,23.1,47615,45818921.0,3.59,-1.03,-0.24,1.09
2021-02-23,002840,23.32,22.86,23.32,22.69,27499,25898864.0,2.72,-1.17,-0.27,0.63
2021-02-24,002840,22.86,23.25,23.29,22.67,24632,23355572.0,2.71,1.71,0.39,0.57
2021-02-25,002840,23.34,22.98,23.46,22.79,18507,17484747.0,2.88,-1.16,-0.27,0.42
2021-02-26,002840,22.98,22.98,23.05,22.53,17934,16846273.0,2.26,0.0,0.0,0.41
2021-03-01,002840,23.01,23.77,23.92,22.89,29717,28606854.0,4.48,3.44,0.79,0.68
2021-03-02,002840,23.77,23.92,24.45,23.58,27344,27063124.0,3.66,0.63,0.15,0.63
2021-03-03,002840,23.65,23.92,24.13,23.65,15681,15406021.0,2.01,0.0,0.0,0.36
2021-03-04,002840,23.75,23.37,24.01,23.1,15399,14895284.0,3.8,-2.3,-0.55,0.35
2021-03-05,002840,23.37,23.25,23.51,23.1,8871,8517627.0,1.75,-0.51,-0.12,0.2
2021-03-08,002840,23.27,23.13,23.53,22.89,15803,15043188.0,2.75,-0.52,-0.12,0.36
2021-03-09,002840,23.15,23.53,24.18,22.6,30029,28918951.0,6.83,1.73,0.4,0.69
2021-03-10,002840,23.27,24.64,25.24,22.98,61815,61494955.0,9.6,4.72,1.11,1.42
2021-03-11,002840,24.54,24.45,24.64,23.97,38561,38540151.0,2.72,-0.77,-0.19,0.89
2021-03-12,002840,24.45,24.37,24.54,23.85,26472,26352415.0,2.82,-0.33,-0.08,0.61
2021-03-15,002840,24.33,23.89,24.35,23.77,16487,16280700.0,2.38,-1.97,-0.48,0.38
2021-03-16,002840,23.77,24.88,25.02,23.77,40865,41342371.0,5.23,4.14,0.99,0.94
2021-03-17,002840,24.85,24.88,24.97,24.57,13831,14122767.0,1.61,0.0,0.0,0.32
2021-03-18,002840,24.57,24.49,25.07,24.42,25487,25773058.0,2.61,-1.57,-0.39,0.59
2021-03-19,002840,24.95,24.25,24.95,24.09,18387,18466875.0,3.51,-0.98,-0.24,0.42
2021-03-22,002840,24.69,26.37,26.41,24.23,77987,82635866.0,8.99,8.74,2.12,1.79
2021-03-23,002840,26.41,27.23,28.05,26.1,102034,115600766.0,7.39,3.26,0.86,2.34
2021-03-24,002840,27.88,27.57,27.88,26.94,46815,52810881.0,3.45,1.25,0.34,1.07
2021-03-25,002840,26.97,28.14,28.36,26.97,51272,58879808.0,5.04,2.07,0.57,1.18
2021-03-26,002840,27.95,28.09,28.21,27.49,33736,38633900.0,2.56,-0.18,-0.05,0.77
2021-03-29,002840,27.9,27.83,28.36,27.42,31500,36303966.0,3.35,-0.93,-0.26,0.72
2021-03-30,002840,27.83,27.54,28.09,27.25,30389,34457253.0,3.02,-1.04,-0.29,0.7
2021-03-31,002840,27.54,27.47,27.9,27.09,20869,23578082.0,2.94,-0.25,-0.07,0.48
2021-04-01,002840,27.3,27.01,27.71,26.97,21391,23977152.0,2.69,-1.67,-0.46,0.49
2021-04-02,002840,26.97,26.7,27.23,26.37,32155,35538042.0,3.18,-1.15,-0.31,0.74
2021-04-06,002840,26.49,27.28,27.71,26.39,25381,28511345.0,4.94,2.17,0.58,0.58
2021-04-07,002840,27.35,27.11,27.49,26.58,25042,27773612.0,3.34,-0.62,-0.17,0.57
2021-04-08,002840,27.3,26.7,28.05,26.41,38854,43407923.0,6.05,-1.51,-0.41,0.89
2021-04-09,002840,27.76,25.91,27.83,25.67,43086,46640816.0,8.09,-2.96,-0.79,0.99
2021-04-12,002840,25.98,25.69,26.37,25.41,28501,30272614.0,3.71,-0.85,-0.22,0.65
2021-04-13,002840,25.69,24.61,25.93,24.52,34350,35505004.0,5.49,-4.2,-1.08,0.79
2021-04-14,002840,24.83,24.93,25.31,24.25,20233,20793539.0,4.31,1.3,0.32,0.46
2021-04-15,002840,24.81,25.0,25.17,24.64,13754,14105725.0,2.13,0.28,0.07,0.32
2021-04-16,002840,25.0,24.81,25.38,24.76,20651,21285299.0,2.48,-0.76,-0.19,0.47
2021-04-19,002840,25.36,25.07,25.62,24.83,27403,28504387.0,3.18,1.05,0.26,0.63
2021-04-20,002840,25.24,25.5,26.15,24.83,34444,36317967.0,5.27,1.72,0.43,0.79
2021-04-21,002840,25.55,25.53,25.69,25.12,14989,15714962.0,2.24,0.12,0.03,0.34
2021-04-22,002840,26.01,25.6,26.15,25.41,12498,13164891.0,2.9,0.27,0.07,0.29
2021-04-23,002840,25.17,25.33,25.5,24.57,16999,17583442.0,3.63,-1.05,-0.27,0.39
2021-04-26,002840,25.96,25.53,25.98,24.97,37268,39319932.0,3.99,0.79,0.2,0.86
2021-04-27,002840,25.45,25.98,26.29,24.59,38978,40782921.0,6.66,1.76,0.45,0.89
2021-04-28,002840,25.74,25.98,26.05,25.57,17432,18515981.0,1.85,0.0,0.0,0.4
2021-04-29,002840,25.69,25.31,25.81,25.26,16114,16852486.0,2.12,-2.58,-0.67,0.37
2021-04-30,002840,25.26,25.45,25.65,24.97,27140,28285763.0,2.69,0.55,0.14,0.62
2021-05-06,002840,25.29,25.09,25.38,24.73,23174,23781695.0,2.55,-1.41,-0.36,0.53
2021-05-07,002840,26.49,26.63,27.57,25.74,139250,154667630.0,7.29,6.14,1.54,3.2
2021-05-10,002840,25.77,26.03,26.1,24.85,111997,116861898.0,4.69,-2.25,-0.6,2.57
2021-05-11,002840,25.74,26.51,27.18,25.53,63512,69063374.0,6.34,1.84,0.48,1.46
2021-05-12,002840,26.46,26.32,27.01,26.01,37617,41024514.0,3.77,-0.72,-0.19,0.86
2021-05-13,002840,26.13,26.39,26.73,26.01,26344,28569690.0,2.74,0.27,0.07,0.6
2021-05-14,002840,26.39,26.44,26.8,26.2,20733,22606958.0,2.27,0.19,0.05,0.48
2021-05-17,002840,26.44,25.67,26.46,25.5,29758,31835776.0,3.63,-2.91,-0.77,0.68
2021-05-18,002840,25.5,25.74,26.05,25.38,15389,16320274.0,2.61,0.27,0.07,0.35
2021-05-19,002840,25.72,24.54,25.72,24.35,45940,47093221.0,5.32,-4.66,-1.2,1.05
2021-05-20,002840,24.54,24.21,24.59,23.82,26590,26451065.0,3.14,-1.34,-0.33,0.61
2021-05-21,002840,24.01,24.42,24.78,23.89,21633,21686031.0,3.68,0.87,0.21,0.5
2021-05-24,002840,24.42,23.58,24.42,23.34,44999,43859202.0,4.42,-3.44,-0.84,1.03
2021-05-25,002840,23.49,23.97,24.21,23.41,30636,30176321.0,3.39,1.65,0.39,0.7
2021-05-26,002840,24.11,24.25,24.45,23.99,25679,25606687.0,1.92,1.17,0.28,0.59
2021-05-27,002840,24.52,24.28,24.52,24.18,24834,24851413.0,1.4,0.12,0.03,0.57
2021-05-28,002840,24.3,24.09,24.4,24.01,28921,28828563.0,1.61,-0.78,-0.19,0.66
2021-05-31,002840,24.06,23.77,24.18,23.68,19058,18696480.0,2.08,-1.33,-0.32,0.44
2021-06-01,002840,23.61,23.8,24.11,23.58,28569,27969472.0,2.23,0.13,0.03,0.66
2021-06-02,002840,23.89,23.77,24.04,23.63,24654,24184727.0,1.72,-0.13,-0.03,0.57
2021-06-03,002840,24.06,24.01,24.42,23.94,34814,34700052.0,2.02,1.01,0.24,0.8
2021-06-04,002840,24.01,24.06,24.3,23.97,20942,20770241.0,1.37,0.21,0.05,0.48
2021-06-07,002840,24.3,24.21,24.42,23.92,24499,24400197.0,2.08,0.62,0.15,0.56
2021-06-08,002840,24.23,24.47,24.47,24.04,33419,33364030.0,1.78,1.07,0.26,0.77
2021-06-09,002840,24.3,23.97,24.54,23.97,25401,25217653.0,2.33,-2.04,-0.5,0.58
2021-06-10,002840,24.06,23.46,24.09,23.41,33037,32128168.0,2.84,-2.13,-0.51,0.76
2021-06-11,002840,23.51,23.37,23.73,23.22,22987,22156909.0,2.17,-0.38,-0.09,0.53
2021-06-15,002840,23.15,22.77,23.53,22.65,29736,28043640.0,3.77,-2.57,-0.6,0.68
2021-06-16,002840,22.69,22.57,23.05,22.17,35615,33059906.0,3.86,-0.88,-0.2,0.82
2021-06-17,002840,22.5,22.05,22.79,21.88,34150,31310979.0,4.03,-2.3,-0.52,0.78
2021-06-18,002840,22.07,22.33,22.41,22.0,22491,20514213.0,1.86,1.27,0.28,0.52
2021-06-21,002840,22.33,21.95,22.5,21.57,47710,43108211.0,4.16,-1.7,-0.38,1.1
2021-06-22,002840,21.95,22.81,22.96,21.93,65289,60366397.0,4.69,3.92,0.86,1.5
2021-06-23,002840,22.77,22.14,22.77,22.0,51453,46939073.0,3.38,-2.94,-0.67,1.18
2021-06-24,002840,22.14,21.81,22.21,21.66,30652,27533701.0,2.48,-1.49,-0.33,0.7
2021-06-25,002840,21.78,21.81,22.02,21.69,19332,17372143.0,1.51,0.0,0.0,0.44
2021-06-28,002840,22.05,22.33,22.77,21.93,70769,65181071.0,3.85,2.38,0.52,1.62
2021-06-29,002840,22.31,21.9,22.31,21.85,33549,30374122.0,2.06,-1.93,-0.43,0.77
2021-06-30,002840,21.93,22.0,22.27,21.79,33666,30302524.0,2.19,0.46,0.1,0.77
2021-07-01,002840,22.0,21.93,22.17,21.91,20192,18204656.0,1.18,-0.32,-0.07,0.46
2021-07-02,002840,21.88,21.88,22.05,21.74,21140,18902768.0,1.41,-0.23,-0.05,0.48
2021-07-05,002840,21.88,21.69,22.03,21.43,27004,23836051.0,2.74,-0.87,-0.19,0.62
2021-07-06,002840,21.74,21.71,21.79,21.4,35105,31028559.0,1.8,0.09,0.02,0.8
2021-07-07,002840,21.59,21.74,22.05,21.55,26351,23461765.0,2.3,0.14,0.03,0.6
2021-07-08,002840,21.62,21.38,21.74,21.31,26578,23311982.0,1.98,-1.66,-0.36,0.61
2021-07-09,002840,21.26,21.31,21.38,21.07,23464,20325012.0,1.45,-0.33,-0.07,0.54
2021-07-12,002840,21.47,21.47,21.76,21.33,32479,28678775.0,2.02,0.75,0.16,0.74
2021-07-13,002840,21.62,21.76,21.83,21.31,21069,18656133.0,2.42,1.35,0.29,0.48
2021-07-14,002840,21.69,22.07,22.31,21.62,54614,49229816.0,3.17,1.42,0.31,1.25
2021-07-15,002840,22.07,22.03,22.17,21.79,39758,35749870.0,1.72,-0.18,-0.04,0.91
2021-07-16,002840,21.86,21.55,21.86,21.45,26664,23556350.0,1.86,-2.18,-0.48,0.61
2021-07-19,002840,21.38,21.59,21.59,21.26,18610,16308558.0,1.53,0.19,0.04,0.43
2021-07-20,002840,21.43,22.19,22.24,21.43,41067,36907351.0,3.75,2.78,0.6,0.94
2021-07-21,002840,22.19,22.31,22.55,22.12,36809,33641644.0,1.94,0.54,0.12,0.84
2021-07-22,002840,22.34,22.03,22.43,21.93,24401,22065187.0,2.24,-1.26,-0.28,0.56
2021-07-23,002840,22.1,21.57,22.1,21.38,30656,27148275.0,3.27,-2.09,-0.46,0.7
2021-07-26,002840,21.62,21.11,21.69,21.02,26675,23224243.0,3.11,-2.13,-0.46,0.61
2021-07-27,002840,21.11,20.23,21.23,20.18,34945,29466380.0,4.97,-4.17,-0.88,0.8
2021-07-28,002840,20.42,20.35,20.59,19.87,34670,28777470.0,3.56,0.59,0.12,0.79
2021-07-29,002840,20.54,20.25,20.66,20.25,18343,15297930.0,2.01,-0.49,-0.1,0.42
2021-07-30,002840,20.44,20.49,20.56,20.25,18495,15453095.0,1.53,1.19,0.24,0.42
2021-08-02,002840,20.3,20.87,21.14,20.11,31357,26514059.0,5.03,1.85,0.38,0.72
2021-08-03,002840,20.9,21.5,21.52,20.85,40944,35729910.0,3.21,3.02,0.63,0.94
2021-08-04,002840,21.52,21.35,21.64,21.09,26506,23103464.0,2.56,-0.7,-0.15,0.61
2021-08-05,002840,21.31,21.16,21.5,21.07,20631,17953454.0,2.01,-0.89,-0.19,0.47
2021-08-06,002840,21.16,21.31,21.43,20.99,19586,16999480.0,2.08,0.71,0.15,0.45
2021-08-09,002840,21.45,21.74,21.98,21.31,48458,42940523.0,3.14,2.02,0.43,1.11
2021-08-10,002840,21.59,21.83,21.91,21.35,36795,32604486.0,2.58,0.41,0.09,0.84
2021-08-11,002840,21.79,22.12,22.34,21.57,41033,37058923.0,3.53,1.33,0.29,0.94
2021-08-12,002840,22.17,21.79,22.39,21.62,35380,31768127.0,3.48,-1.49,-0.33,0.81
2021-08-13,002840,21.79,22.1,22.15,21.79,27032,24351236.0,1.65,1.42,0.31,0.62
2021-08-16,002840,22.1,22.31,22.36,21.95,37713,34319338.0,1.86,0.95,0.21,0.86
2021-08-17,002840,22.22,21.91,22.7,21.79,42466,38723732.0,4.08,-1.79,-0.4,0.97
2021-08-18,002840,21.74,22.29,22.43,21.74,28736,26154292.0,3.15,1.73,0.38,0.66
2021-08-19,002840,22.22,22.07,22.36,21.95,21148,19156409.0,1.84,-0.99,-0.22,0.48
2021-08-20,002840,21.86,21.93,22.17,21.55,28399,25283715.0,2.81,-0.63,-0.14,0.65
2021-08-23,002840,21.88,21.98,22.19,21.79,20806,18760093.0,1.82,0.23,0.05,0.48
2021-08-24,002840,21.91,22.34,22.41,21.91,26660,24342820.0,2.27,1.64,0.36,0.61
2021-08-25,002840,22.41,22.29,22.51,22.19,28649,26264082.0,1.43,-0.22,-0.05,0.66
2021-08-26,002840,22.41,22.36,22.6,22.27,36205,33283405.0,1.48,0.31,0.07,0.83
2021-08-27,002840,22.1,20.8,22.46,20.54,107916,92267323.0,8.59,-6.98,-1.56,2.47
2021-08-30,002840,20.8,20.39,20.9,20.2,47152,39369618.0,3.37,-1.97,-0.41,1.08
2021-08-31,002840,20.42,20.49,20.63,20.3,32377,27047204.0,1.62,0.49,0.1,0.74
2021-09-01,002840,20.59,20.49,20.61,20.3,34100,28495812.0,1.51,0.0,0.0,0.78
2021-09-02,002840,20.49,20.47,20.51,20.35,22758,18985131.0,0.78,-0.1,-0.02,0.52
2021-09-03,002840,20.47,20.61,20.63,20.35,33068,27761723.0,1.37,0.68,0.14,0.76
2021-09-06,002840,20.59,20.71,20.73,20.47,30959,26085205.0,1.26,0.49,0.1,0.71
2021-09-07,002840,20.83,20.78,20.87,20.63,28606,24285589.0,1.16,0.34,0.07,0.66
2021-09-08,002840,20.8,20.95,21.04,20.73,29111,24867600.0,1.49,0.82,0.17,0.67
2021-09-09,002840,20.97,21.02,21.11,20.92,28682,24641388.0,0.91,0.33,0.07,0.66
2021-09-10,002840,21.02,20.99,21.26,20.66,36311,31081092.0,2.85,-0.14,-0.03,0.83
2021-09-13,002840,20.99,22.05,22.34,20.78,90820,80992772.0,7.43,5.05,1.06,2.08
2021-09-14,002840,24.21,22.7,24.21,22.46,137888,129806338.0,7.94,2.95,0.65,3.16
2021-09-15,002840,22.36,22.87,23.11,22.15,75594,69875473.0,4.23,0.75,0.17,1.73
2021-09-16,002840,22.7,25.12,25.12,22.58,162042,161066531.0,11.11,9.84,2.25,3.72
2021-09-17,002840,25.39,25.39,26.54,24.52,183124,191720513.0,8.04,1.07,0.27,4.2
2021-09-22,002840,25.05,25.82,25.82,24.16,137222,140952264.0,6.54,1.69,0.43,3.15
2021-09-23,002840,25.82,25.29,25.96,24.86,87647,90888844.0,4.26,-2.05,-0.53,2.01
2021-09-24,002840,25.24,24.95,25.41,24.38,61285,63028942.0,4.07,-1.34,-0.34,1.41
2021-09-27,002840,24.95,27.26,27.4,24.64,205838,225024247.0,11.06,9.26,2.31,4.72
2021-09-28,002840,25.58,26.01,26.78,25.34,117472,125752854.0,5.28,-4.59,-1.25,2.69
2021-09-29,002840,25.65,25.67,26.49,25.05,106798,113160213.0,5.54,-1.31,-0.34,2.45
2021-09-30,002840,25.84,27.35,27.98,25.46,159921,178568710.0,9.82,6.54,1.68,3.67
2021-10-08,002840,27.67,29.06,29.32,27.67,161088,191367322.0,6.03,6.25,1.71,3.69
2021-10-11,002840,28.84,28.36,29.15,26.2,165388,189660171.0,10.15,-2.41,-0.7,3.79
2021-10-12,002840,28.51,27.86,28.55,27.16,93476,106641149.0,4.9,-1.76,-0.5,2.14
2021-10-13,002840,28.05,27.35,28.1,27.16,78459,88582939.0,3.37,-1.83,-0.51,1.8
2021-10-14,002840,27.02,26.85,27.26,25.82,117839,128227550.0,5.27,-1.83,-0.5,2.7
2021-10-15,002840,26.87,26.71,27.69,26.27,89617,99260209.0,5.29,-0.52,-0.14,2.05
2021-10-18,002840,26.66,26.23,26.66,25.07,122750,129808747.0,5.95,-1.8,-0.48,2.81
2021-10-19,002840,26.23,26.9,27.28,25.87,115936,127655374.0,5.38,2.55,0.67,2.66
2021-10-20,002840,27.4,26.23,27.67,25.82,106226,115357578.0,6.88,-2.49,-0.67,2.44
2021-10-21,002840,26.13,26.2,26.61,25.82,68080,73426585.0,3.01,-0.11,-0.03,1.56
2021-10-22,002840,25.79,25.58,26.49,25.22,105859,111707661.0,4.85,-2.37,-0.62,2.43
2021-10-25,002840,25.63,26.2,26.32,25.29,105565,112426401.0,4.03,2.42,0.62,2.42
2021-10-26,002840,25.63,26.13,26.44,25.63,70098,75146122.0,3.09,-0.27,-0.07,1.61
2021-10-27,002840,26.01,25.53,26.06,25.31,56783,59697667.0,2.87,-2.3,-0.6,1.3
2021-10-28,002840,25.22,25.0,25.58,24.88,36997,38276163.0,2.74,-2.08,-0.53,0.85
2021-10-29,002840,24.95,25.15,25.43,24.86,41496,42787179.0,2.28,0.6,0.15,0.95
2021-11-01,002840,25.03,25.39,26.3,24.76,53786,56749689.0,6.12,0.95,0.24,1.23
2021-11-02,002840,25.39,25.05,25.7,24.64,71911,74183703.0,4.17,-1.34,-0.34,1.65
2021-11-03,002840,25.19,25.6,25.84,24.81,64830,68043679.0,4.11,2.2,0.55,1.49
2021-11-04,002840,25.36,26.11,26.42,25.15,75950,80879706.0,4.96,1.99,0.51,1.74
2021-11-05,002840,26.08,25.24,26.27,24.91,74338,77530782.0,5.21,-3.33,-0.87,1.7
2021-11-08,002840,24.91,24.69,25.72,24.59,56337,57715280.0,4.48,-2.18,-0.55,1.29
2021-11-09,002840,24.69,24.86,24.98,24.31,59050,59491264.0,2.71,0.69,0.17,1.35
2021-11-10,002840,24.91,24.45,25.17,24.21,63211,63472802.0,3.86,-1.65,-0.41,1.45
2021-11-11,002840,24.45,25.22,25.67,24.38,64667,67020789.0,5.28,3.15,0.77,1.48
2021-11-12,002840,25.22,25.12,25.41,24.88,37578,38774061.0,2.1,-0.4,-0.1,0.86
2021-11-15,002840,25.6,26.44,27.4,25.46,95699,104129419.0,7.72,5.25,1.32,2.19
2021-11-16,002840,26.66,26.49,27.14,26.2,87204,95682767.0,3.56,0.19,0.05,2.0
2021-11-17,002840,26.51,27.09,27.19,25.99,88492,96445519.0,4.53,2.27,0.6,2.03
2021-11-18,002840,27.04,26.68,27.59,26.56,77560,85783904.0,3.8,-1.51,-0.41,1.78
2021-11-19,002840,27.04,26.44,27.04,26.08,45690,49579285.0,3.6,-0.9,-0.24,1.05
2021-11-22,002840,26.75,26.42,26.95,26.25,42821,46660580.0,2.65,-0.08,-0.02,0.98
2021-11-23,002840,26.51,27.09,27.5,26.32,72018,80171750.0,4.47,2.54,0.67,1.65
2021-11-24,002840,27.14,26.85,27.43,26.8,44001,48953996.0,2.33,-0.89,-0.24,1.01
2021-11-25,002840,26.95,26.51,27.07,26.32,39579,43182634.0,2.79,-1.27,-0.34,0.91
2021-11-26,002840,26.3,26.44,26.68,25.94,30035,32541527.0,2.79,-0.26,-0.07,0.69
2021-11-29,002840,26.3,26.85,27.21,25.46,59696,65236274.0,6.62,1.55,0.41,1.37
2021-11-30,002840,26.99,27.38,27.64,26.95,57217,64402501.0,2.57,1.97,0.53,1.31
2021-12-01,002840,27.4,27.35,27.59,27.14,32792,36805755.0,1.64,-0.11,-0.03,0.75
2021-12-02,002840,27.09,27.23,27.57,27.07,31116,34905073.0,1.83,-0.44,-0.12,0.71
2021-12-03,002840,27.43,28.22,28.48,26.73,69248,79371104.0,6.43,3.64,0.99,1.59
2021-12-06,002840,28.55,30.45,31.0,28.22,279587,345441168.0,9.85,7.9,2.23,6.41
2021-12-07,002840,30.28,31.87,32.13,30.11,246287,317340320.0,6.63,4.66,1.42,5.65
2021-12-08,002840,31.43,32.25,33.21,31.41,161283,215540584.0,5.65,1.19,0.38,3.7
2021-12-09,002840,33.21,31.79,33.21,31.67,152206,201633315.0,4.78,-1.43,-0.46,3.49
2021-12-10,002840,31.79,32.87,33.62,31.79,121420,164218746.0,5.76,3.4,1.08,2.78
2021-12-13,002840,32.99,32.27,33.21,31.96,112053,149700607.0,3.8,-1.83,-0.6,2.57
2021-12-14,002840,32.18,31.7,32.3,31.34,82982,108378137.0,2.97,-1.77,-0.57,1.9
2021-12-15,002840,31.79,31.63,32.15,31.41,56948,74377756.0,2.33,-0.22,-0.07,1.31
2021-12-16,002840,31.67,31.1,31.67,30.86,61522,78785099.0,2.56,-1.68,-0.53,1.41
2021-12-17,002840,30.93,31.12,31.72,30.88,56432,72648187.0,2.7,0.06,0.02,1.29
2021-12-20,002840,31.12,30.91,31.36,30.71,42894,54785909.0,2.09,-0.67,-0.21,0.98
2021-12-21,002840,30.91,32.83,33.14,30.91,101112,134854072.0,7.21,6.21,1.92,2.32
2021-12-22,002840,32.78,34.79,35.25,32.47,117683,164606463.0,8.47,5.97,1.96,2.7
2021-12-23,002840,35.03,34.17,35.61,33.95,79338,112746330.0,4.77,-1.78,-0.62,1.82
2021-12-24,002840,34.34,34.34,35.3,34.03,62166,88680064.0,3.72,0.5,0.17,1.43
2021-12-27,002840,34.55,37.75,37.75,34.29,185333,280353888.0,10.08,9.93,3.41,4.25
2021-12-28,002840,37.58,38.06,41.13,37.12,294861,476236528.0,10.62,0.82,0.31,6.76
2021-12-29,002840,37.12,38.54,40.31,37.12,174664,280595872.0,8.38,1.26,0.48,4.0
2021-12-30,002840,38.73,38.9,39.62,38.13,107197,171374357.0,3.87,0.93,0.36,2.46
2021-12-31,002840,38.9,41.85,42.57,38.3,185319,310749392.0,10.98,7.58,2.95,4.17
2022-01-04,002840,41.85,46.0,46.0,41.01,206901,375777312.0,11.92,9.92,4.15,4.65
2022-01-05,002840,47.37,44.06,47.75,43.6,247447,463454080.0,9.02,-4.22,-1.94,5.56
2022-01-06,002840,43.48,47.85,48.43,43.48,198137,380939008.0,11.23,8.6,3.79,4.45
2022-01-07,002840,47.85,43.75,48.74,43.12,220130,413006656.0,11.75,-8.57,-4.1,4.95
2022-01-10,002840,41.18,43.03,45.79,41.18,244709,442116256.0,10.54,-1.65,-0.72,5.5
2022-01-11,002840,44.01,42.31,44.01,41.73,174497,306604064.0,5.3,-1.67,-0.72,3.92
2022-01-12,002840,43.03,45.59,46.22,41.83,175174,321944880.0,10.38,7.75,3.28,3.94
2022-01-13,002840,45.69,43.24,45.74,43.05,134706,245223276.0,5.9,-5.15,-2.35,3.03
2022-01-14,002840,43.22,43.36,44.23,41.97,128361,229047625.0,5.23,0.28,0.12,2.89
2022-01-17,002840,43.58,44.27,45.02,43.17,91117,165665563.0,4.27,2.1,0.91,2.05
2022-01-18,002840,44.25,44.63,45.62,42.55,120013,219808980.0,6.93,0.81,0.36,2.7
2022-01-19,002840,44.61,43.55,45.02,43.34,76859,139481937.0,3.76,-2.42,-1.08,1.73
2022-01-20,002840,43.55,44.06,45.95,43.24,135165,248506986.0,6.22,1.17,0.51,3.04
2022-01-21,002840,43.7,43.55,44.61,43.27,70895,128412735.0,3.04,-1.16,-0.51,1.59
2022-01-24,002840,43.79,44.68,45.81,43.58,118850,221106074.0,5.12,2.59,1.13,2.67
2022-01-25,002840,45.09,43.53,45.57,43.29,100949,184372260.0,5.1,-2.57,-1.15,2.27
2022-01-26,002840,43.39,40.22,43.96,39.21,193706,322867920.0,10.91,-7.6,-3.31,4.36
2022-01-27,002840,40.48,39.21,41.97,38.97,108500,180171812.0,7.46,-2.51,-1.01,2.44
2022-01-28,002840,39.35,39.26,39.81,37.89,60046,96786888.0,4.9,0.13,0.05,1.35
2022-02-07,002840,39.45,37.55,39.98,37.15,94502,147964025.0,7.21,-4.36,-1.71,2.12
2022-02-08,002840,37.87,36.45,38.44,35.83,89313,135052635.0,6.95,-2.93,-1.1,2.01
2022-02-09,002840,36.86,37.89,39.26,35.73,107779,167809561.0,9.68,3.95,1.44,2.42
2022-02-10,002840,37.89,37.51,39.35,37.43,170345,270023744.0,5.07,-1.0,-0.38,3.83
2022-02-11,002840,37.72,35.68,37.82,35.32,94952,140681696.0,6.66,-4.88,-1.83,2.13
2022-02-14,002840,35.59,36.09,37.15,34.96,93154,139588989.0,6.14,1.15,0.41,2.09
2022-02-15,002840,36.5,36.14,36.62,35.44,45970,67949824.0,3.27,0.14,0.05,1.03
2022-02-16,002840,36.26,35.03,36.26,34.82,77472,112533319.0,3.98,-3.07,-1.11,1.74
2022-02-17,002840,34.7,34.79,35.66,34.6,48719,70268255.0,3.03,-0.69,-0.24,1.1
2022-02-18,002840,34.79,34.99,35.42,34.31,49059,70359279.0,3.19,0.57,0.2,1.1
2022-02-21,002840,34.99,35.85,36.59,34.99,71126,105096719.0,4.57,2.46,0.86,1.6
2022-02-22,002840,36.14,36.35,37.87,35.61,137108,207357813.0,6.3,1.39,0.5,3.08
2022-02-23,002840,36.33,36.43,37.53,36.19,54876,83029620.0,3.69,0.22,0.08,1.23
2022-02-24,002840,36.67,35.35,36.74,34.96,54028,79909660.0,4.89,-2.96,-1.08,1.21
2022-02-25,002840,35.71,36.21,36.47,35.47,33517,49905310.0,2.83,2.43,0.86,0.75
2022-02-28,002840,35.63,39.09,39.28,34.89,117852,182544517.0,12.12,7.95,2.88,2.65
2022-03-01,002840,40.84,39.81,41.18,38.39,117636,192327895.0,7.14,1.84,0.72,2.64
2022-03-02,002840,39.81,40.39,40.53,39.26,64526,106682489.0,3.19,1.46,0.58,1.45
2022-03-03,002840,40.46,40.17,41.18,39.98,43661,72923765.0,2.97,-0.54,-0.22,0.98
2022-03-04,002840,40.03,42.02,42.5,39.59,89551,153377553.0,7.24,4.61,1.85,2.01
2022-03-07,002840,42.11,42.04,43.65,40.99,101647,177861698.0,6.33,0.05,0.02,2.29
2022-03-08,002840,42.07,39.98,42.59,39.86,116205,195421731.0,6.49,-4.9,-2.06,2.61
2022-03-09,002840,40.24,40.0,41.51,38.54,82714,136865770.0,7.43,0.05,0.02,1.86
2022-03-10,002840,40.24,40.22,41.75,40.0,55589,93418065.0,4.38,0.55,0.22,1.25
2022-03-11,002840,39.45,41.13,41.51,39.31,54723,91969171.0,5.47,2.26,0.91,1.23
2022-03-14,002840,41.08,40.0,41.51,39.74,47383,79408289.0,4.3,-2.75,-1.13,1.07
2022-03-15,002840,39.5,38.06,40.15,37.91,63064,101724761.0,5.6,-4.85,-1.94,1.42
2022-03-16,002840,38.47,38.01,38.66,35.83,62063,95790095.0,7.44,-0.13,-0.05,1.4
2022-03-17,002840,38.08,38.2,38.73,37.55,42946,67636282.0,3.1,0.5,0.19,0.97
2022-03-18,002840,37.55,40.15,41.15,37.27,56643,92273367.0,10.16,5.1,1.95,1.27
2022-03-21,002840,40.12,41.37,42.4,40.0,65029,110619468.0,5.98,3.04,1.22,1.46
2022-03-22,002840,41.11,42.91,43.55,40.6,83683,146424749.0,7.13,3.72,1.54,1.88
2022-03-23,002840,42.86,42.57,43.29,41.92,43953,77183317.0,3.19,-0.79,-0.34,0.99
2022-03-24,002840,42.67,41.44,42.81,41.2,36305,62891332.0,3.78,-2.65,-1.13,0.82
2022-03-25,002840,41.18,41.66,42.52,40.84,50549,87196092.0,4.05,0.53,0.22,1.14
2022-03-28,002840,41.01,41.61,41.66,40.46,55445,94032493.0,2.88,-0.12,-0.05,1.25
2022-03-29,002840,41.3,42.71,44.44,41.01,86158,152886537.0,8.24,2.64,1.1,1.94
2022-03-30,002840,42.71,42.38,43.0,41.68,48766,85022792.0,3.09,-0.77,-0.33,1.1
2022-03-31,002840,42.11,43.1,43.22,41.59,60930,107223248.0,3.85,1.7,0.72,1.32
2022-04-01,002840,43.0,43.63,44.59,42.74,60808,109739007.0,4.29,1.23,0.53,1.32
2022-04-06,002840,43.67,43.58,44.18,42.98,33494,60024714.0,2.75,-0.11,-0.05,0.73
2022-04-07,002840,42.98,41.9,43.58,41.75,43776,76564898.0,4.2,-3.85,-1.68,0.95
2022-04-08,002840,41.73,42.14,42.47,40.46,45710,77806136.0,4.8,0.57,0.24,0.99
2022-04-11,002840,41.59,41.42,43.22,41.3,33851,58759668.0,4.56,-1.71,-0.72,0.73
2022-04-12,002840,41.42,41.61,41.71,40.22,22737,38453467.0,3.6,0.46,0.19,0.49
2022-04-13,002840,41.9,39.86,41.9,38.95,43643,72172656.0,7.09,-4.21,-1.75,0.95
2022-04-14,002840,39.88,39.86,40.84,39.19,37285,61320599.0,4.14,0.0,0.0,0.81
2022-04-15,002840,39.43,37.89,39.83,37.36,63311,99804337.0,6.2,-4.94,-1.97,1.37
2022-04-18,002840,37.94,40.65,40.7,37.58,58617,95921989.0,8.23,7.28,2.76,1.27
2022-04-19,002840,40.65,42.74,44.01,40.17,134397,237694472.0,9.45,5.14,2.09,2.92
2022-04-20,002840,42.74,41.97,43.05,41.3,66345,115165803.0,4.09,-1.8,-0.77,1.44
2022-04-21,002840,41.87,39.38,41.87,38.87,54495,90060673.0,7.15,-6.17,-2.59,1.18
2022-04-22,002840,39.5,39.47,39.98,38.08,43603,70310844.0,4.82,0.23,0.09,0.95
2022-04-25,002840,39.21,37.34,39.5,36.86,63893,101095890.0,6.69,-5.4,-2.13,1.39
2022-04-26,002840,38.11,35.66,38.11,35.3,58194,87763543.0,7.53,-4.5,-1.68,1.26
2022-04-27,002840,35.49,38.3,38.51,34.07,46997,70545195.0,12.45,7.4,2.64,1.02
2022-04-28,002840,38.73,38.56,39.45,37.22,53806,84765642.0,5.82,0.68,0.26,1.17
2022-04-29,002840,39.47,38.54,39.47,37.77,41143,65472203.0,4.41,-0.05,-0.02,0.89
2022-05-05,002840,38.75,37.72,39.38,36.62,74553,115941746.0,7.16,-2.13,-0.82,1.62
2022-05-06,002840,36.67,37.31,37.96,35.37,27779,42685102.0,6.87,-1.09,-0.41,0.6
2022-05-09,002840,37.48,38.54,38.59,36.26,29685,46671114.0,6.24,3.3,1.23,0.64
2022-05-10,002840,38.49,37.84,38.95,37.48,29418,45947388.0,3.81,-1.82,-0.7,0.64
2022-05-11,002840,38.01,38.56,39.95,37.48,47159,75735304.0,6.53,1.9,0.72,1.02
2022-05-12,002840,38.15,38.75,39.45,37.91,22065,35313114.0,3.99,0.49,0.19,0.48
2022-05-13,002840,38.97,38.25,39.74,38.18,19852,31712587.0,4.03,-1.29,-0.5,0.43
2022-05-16,002840,39.02,38.51,39.19,38.27,16908,27019840.0,2.41,0.68,0.26,0.37
2022-05-17,002840,38.54,38.06,38.78,37.87,14143,22215554.0,2.36,-1.17,-0.45,0.31
2022-05-18,002840,38.03,37.94,38.42,37.79,12672,19932959.0,1.66,-0.32,-0.12,0.27
2022-05-19,002840,37.46,36.76,37.58,36.04,29156,44202878.0,4.06,-3.11,-1.18,0.63
2022-05-20,002840,37.46,35.37,37.46,35.08,63081,93092968.0,6.47,-3.78,-1.39,1.37
2022-05-23,002840,35.37,35.75,35.87,34.63,37838,55178711.0,3.51,1.07,0.38,0.82
2022-05-24,002840,35.73,32.66,35.9,32.42,95471,132729769.0,9.73,-8.64,-3.09,2.07
2022-05-25,002840,32.61,33.26,33.62,32.03,37940,51705282.0,4.87,1.84,0.6,0.82
2022-05-26,002840,33.23,32.92,33.71,32.2,28049,37979642.0,4.54,-1.02,-0.34,0.61
2022-05-27,002840,32.9,32.44,33.4,31.91,24423,32842101.0,4.53,-1.46,-0.48,0.53
2022-05-30,002840,32.44,32.27,32.97,31.94,19969,26588527.0,3.18,-0.52,-0.17,0.43
2022-05-31,002840,32.66,32.63,32.92,32.06,23683,31788462.0,2.67,1.12,0.36,0.51
2022-06-01,002840,32.37,32.61,32.85,31.96,22575,30120866.0,2.73,-0.06,-0.02,0.49
2022-06-02,002840,32.61,32.08,32.61,31.43,23894,31403414.0,3.62,-1.63,-0.53,0.52
2022-06-06,002840,32.2,32.06,32.35,31.34,50991,67042213.0,3.15,-0.06,-0.02,1.1
2022-06-07,002840,32.06,32.54,33.14,31.82,52579,70492653.0,4.12,1.5,0.48,1.14
2022-06-08,002840,32.54,32.51,32.66,31.82,50101,66919969.0,2.58,-0.09,-0.03,1.08
2022-06-09,002840,33.45,35.73,35.73,32.63,129396,182109705.0,9.54,9.9,3.22,2.8
2022-06-10,002840,35.97,35.01,36.38,34.48,101066,146320584.0,5.32,-2.02,-0.72,2.19
2022-06-13,002840,35.59,37.41,38.27,35.03,105458,161253485.0,9.25,6.86,2.4,2.28
2022-06-14,002840,36.81,40.36,41.11,36.5,177348,293266976.0,12.32,7.89,2.95,3.84
2022-06-15,002840,40.27,40.36,42.47,39.52,149981,254729755.0,7.31,0.0,0.0,3.24
2022-06-16,002840,40.07,42.76,43.6,39.5,167408,293075472.0,10.16,5.95,2.4,3.62
2022-06-17,002840,42.21,43.36,43.99,42.21,111519,198248729.0,4.16,1.4,0.6,2.41
2022-06-20,002840,42.62,45.14,45.93,42.62,134488,245928362.0,7.63,4.11,1.78,2.91
2022-06-21,002840,45.26,44.78,47.39,43.79,121272,226541238.0,7.98,-0.8,-0.36,2.62
2022-06-22,002840,45.02,46.67,47.56,43.96,129277,244452894.0,8.04,4.22,1.89,2.8
2022-06-23,002840,45.64,45.5,46.58,44.11,117310,218208650.0,5.29,-2.51,-1.17,2.54
2022-06-24,002840,45.62,45.86,46.46,44.99,81628,154251181.0,3.23,0.79,0.36,1.77
2022-06-27,002840,46.31,46.39,47.06,45.59,64515,123238459.0,3.21,1.16,0.53,1.4
2022-06-28,002840,45.62,44.87,47.8,44.3,116580,221173529.0,7.54,-3.28,-1.52,2.52
2022-06-29,002840,43.89,42.23,44.83,41.9,125024,223071571.0,6.53,-5.88,-2.64,2.7
2022-06-30,002840,42.38,42.74,43.34,41.54,77837,136838409.0,4.26,1.21,0.51,1.68
2022-07-01,002840,43.75,44.47,45.69,42.43,108688,200024207.0,7.63,4.05,1.73,2.35
2022-07-04,002840,45.02,48.88,48.88,44.78,220026,433250048.0,9.22,9.92,4.41,4.76
2022-07-05,002840,48.98,47.73,49.34,44.03,175957,347062176.0,10.86,-2.35,-1.15,3.81
2022-07-06,002840,47.85,48.5,49.55,46.82,118095,236317617.0,5.72,1.61,0.77,2.55
2022-07-07,002840,48.74,49.87,51.59,48.21,123341,254972852.0,6.97,2.82,1.37,2.67
2022-07-08,002840,50.18,50.3,51.71,48.86,78328,162972790.0,5.71,0.86,0.43,1.69
2022-07-11,002840,50.92,54.74,55.29,50.92,164893,370047664.0,8.69,8.83,4.44,3.57
2022-07-12,002840,55.27,53.06,56.37,51.57,163901,366674527.66,8.77,-3.07,-1.68,3.54
2022-07-13,002840,52.82,54.11,55.43,52.7,111429,248987205.25,5.15,1.98,1.05,2.41
2022-07-14,002840,53.42,55.22,55.58,52.77,84775,190987359.84,5.19,2.05,1.11,1.83
2022-07-15,002840,55.34,54.04,56.25,53.63,81911,185462842.45,4.74,-2.14,-1.18,1.77
2022-07-18,002840,53.61,53.99,54.43,51.88,76274,168268354.04,4.72,-0.09,-0.05,1.65
2022-07-19,002840,53.99,55.48,55.79,52.82,91072,205314709.18,5.5,2.76,1.49,1.97
2022-07-20,002840,55.53,53.61,56.44,52.58,93692,210235447.98,6.96,-3.37,-1.87,2.03
2022-07-21,002840,53.61,52.77,54.93,51.74,82075,180359330.87,5.95,-1.57,-0.84,1.77
2022-07-22,002840,52.77,52.22,53.3,51.74,63520,137709246.0,2.96,-1.04,-0.55,1.37
2022-07-25,002840,52.22,50.92,52.39,50.01,67943,143706189.96,4.56,-2.49,-1.3,1.47
2022-07-26,002840,51.28,52.7,53.85,50.37,68267,148184680.38,6.83,3.5,1.78,1.48
2022-07-27,002840,52.7,52.89,52.94,51.07,58035,125429627.8,3.55,0.36,0.19,1.26
2022-07-28,002840,53.37,52.19,55.07,52.0,93107,205841474.68,5.8,-1.32,-0.7,2.01
2022-07-29,002840,52.19,54.55,55.29,51.98,115230,256311046.33,6.34,4.52,2.36,2.49
2022-08-01,002840,54.38,55.48,56.42,53.37,92801,213201763.6,5.59,1.7,0.93,2.01
2022-08-02,002840,55.48,54.19,56.3,53.85,72335,164856193.31,4.42,-2.33,-1.29,1.56
2022-08-03,002840,54.14,51.07,55.19,50.8,70260,152257032.5,8.1,-5.76,-3.12,1.52
2022-08-04,002840,51.98,49.77,52.12,49.24,72078,150253814.5,5.64,-2.55,-1.3,1.56
2022-08-05,002840,50.68,51.21,51.23,48.71,61415,127150599.18,5.06,2.89,1.44,1.33
2022-08-08,002840,50.95,51.59,53.13,50.2,58856,126517342.55,5.72,0.74,0.38,1.27
2022-08-09,002840,51.59,49.1,51.86,48.38,97060,199425444.42,6.75,-4.83,-2.49,2.1
2022-08-10,002840,49.84,49.36,50.18,47.9,50617,102299288.15,4.64,0.53,0.26,1.09
2022-08-11,002840,49.58,48.69,49.72,48.4,38065,76915838.4,2.67,-1.36,-0.67,0.82
2022-08-12,002840,47.97,48.59,49.24,47.97,30560,61508828.8,2.61,-0.21,-0.1,0.66
2022-08-15,002840,48.62,48.43,49.67,47.61,58226,116575450.8,4.24,-0.33,-0.16,1.26
2022-08-16,002840,48.93,53.18,53.23,48.11,157419,338608724.31,10.57,9.81,4.75,3.4
2022-08-17,002840,53.06,55.34,55.82,52.72,122012,274033485.42,5.83,4.06,2.16,2.64
2022-08-18,002840,55.31,53.78,55.82,52.75,69125,154003457.4,5.55,-2.82,-1.56,1.49
2022-08-19,002840,53.59,56.11,57.93,52.94,130316,302485601.3,9.28,4.33,2.33,2.82
2022-08-22,002840,56.08,54.91,57.74,53.25,137741,315457653.0,8.0,-2.14,-1.2,2.98
2022-08-23,002840,54.57,55.75,56.9,53.9,71030,164397841.06,5.46,1.53,0.84,1.54
2022-08-24,002840,56.15,56.06,57.93,55.58,90099,210522607.2,4.22,0.56,0.31,1.95
2022-08-25,002840,56.97,58.75,59.15,56.08,112786,271730383.4,5.48,4.8,2.69,2.44
2022-08-26,002840,58.46,57.5,58.91,55.58,79443,189280230.14,5.67,-2.13,-1.25,1.72
2022-08-29,002840,57.5,57.47,59.49,55.58,78195,186734657.91,6.8,-0.05,-0.03,1.69
2022-08-30,002840,56.51,57.57,57.81,55.82,60131,141849502.91,3.46,0.17,0.1,1.3
2022-08-31,002840,57.57,54.33,58.31,54.14,80071,184224376.4,7.24,-5.63,-3.24,1.73
2022-09-01,002840,54.67,54.35,55.51,53.42,44110,99623060.8,3.85,0.04,0.02,0.95
2022-09-02,002840,54.33,53.68,55.1,52.7,41108,91706997.74,4.42,-1.23,-0.67,0.89
2022-09-05,002840,53.71,53.01,54.4,51.45,61484,133546034.69,5.5,-1.25,-0.67,1.33
2022-09-06,002840,52.91,53.44,53.78,51.83,41989,91969279.2,3.68,0.81,0.43,0.91
2022-09-07,002840,53.99,52.34,53.99,51.59,62273,134396167.32,4.49,-2.06,-1.1,1.35
2022-09-08,002840,52.1,49.77,53.42,49.07,112716,234623753.28,8.31,-4.91,-2.57,2.44
2022-09-09,002840,49.82,49.46,50.3,48.26,60032,122622855.64,4.1,-0.62,-0.31,1.3
2022-09-13,002840,49.96,51.19,51.88,47.92,95362,198022897.0,8.01,3.5,1.73,2.06
2022-09-14,002840,50.3,49.77,51.09,49.22,50476,104043764.26,3.65,-2.77,-1.42,1.09
2022-09-15,002840,50.06,48.21,50.63,47.87,55136,111585238.8,5.55,-3.13,-1.56,1.19
2022-09-16,002840,48.62,48.28,49.07,47.85,53888,108098106.48,2.53,0.15,0.07,1.17
2022-09-19,002840,48.28,50.27,50.61,47.9,64788,133824112.54,5.61,4.12,1.99,1.4
2022-09-20,002840,50.27,52.03,52.6,49.87,62439,133117012.45,5.43,3.5,1.76,1.35
2022-09-21,002840,51.91,49.7,51.93,49.48,52079,108097068.4,4.71,-4.48,-2.33,1.13
2022-09-22,002840,49.03,49.05,50.3,48.62,35292,71946167.4,3.38,-1.31,-0.65,0.76
2022-09-23,002840,48.98,47.25,48.98,45.98,78863,154745723.15,6.12,-3.67,-1.8,1.71
2022-09-26,002840,46.94,45.98,47.71,45.91,43369,83877503.6,3.81,-2.69,-1.27,0.94
2022-09-27,002840,46.84,47.63,47.92,46.15,46188,89956979.12,3.85,3.59,1.65,1.0
2022-09-28,002840,47.83,46.24,47.9,46.24,35534,68879553.4,3.49,-2.92,-1.39,0.77
2022-09-29,002840,46.72,46.48,47.87,46.1,34725,67350709.0,3.83,0.52,0.24,0.75
2022-09-30,002840,46.46,47.18,47.78,46.17,34333,66902393.56,3.46,1.51,0.7,0.74
2022-10-10,002840,49.34,51.86,51.86,48.38,138831,294391086.76,7.38,9.92,4.68,3.0
2022-10-11,002840,50.32,54.07,54.67,50.32,147300,325544910.98,8.39,4.26,2.21,3.19
2022-10-12,002840,54.14,57.26,57.38,53.44,139310,321494314.67,7.29,5.9,3.19,3.01
2022-10-13,002840,56.9,58.43,59.35,56.06,102964,247660817.06,5.75,2.04,1.17,2.23
2022-10-14,002840,58.58,55.55,59.3,54.62,145813,338751662.28,8.01,-4.93,-2.88,3.15
2022-10-17,002840,54.86,54.04,54.86,52.46,102421,227241529.52,4.32,-2.72,-1.51,2.21
2022-10-18,002840,53.92,53.66,56.47,53.49,114202,258604353.84,5.51,-0.7,-0.38,2.47
2022-10-19,002840,53.06,50.54,54.62,50.15,124287,264850994.01,8.33,-5.81,-3.12,2.69
2022-10-20,002840,50.25,48.47,50.87,47.99,135066,274440383.33,5.7,-4.1,-2.07,2.92
2022-10-21,002840,48.19,47.23,49.22,47.08,115778,229899174.92,4.42,-2.56,-1.24,2.5
2022-10-24,002840,46.77,42.55,46.87,42.55,175140,313245443.77,9.15,-9.91,-4.68,3.79
2022-10-25,002840,41.2,39.02,41.3,38.32,363413,589448078.73,7.0,-8.3,-3.53,7.86
2022-10-26,002840,38.97,37.63,39.47,36.95,347925,543851093.22,6.46,-3.56,-1.39,7.52
2022-10-27,002840,37.34,38.27,38.9,37.07,272825,428067692.12,4.86,1.7,0.64,5.9
2022-10-28,002840,37.6,37.82,38.44,37.19,165758,259069774.57,3.27,-1.18,-0.45,3.58
2022-10-31,002840,37.6,36.91,38.35,36.59,171685,264491187.05,4.65,-2.41,-0.91,3.71
2022-11-01,002840,36.74,38.06,38.25,36.74,151986,237287873.84,4.09,3.12,1.15,3.29
2022-11-02,002840,37.72,37.82,38.39,37.31,135387,211154279.55,2.84,-0.63,-0.24,2.93
2022-11-03,002840,37.65,38.18,38.32,37.34,101796,159363761.75,2.59,0.95,0.36,2.2
2022-11-04,002840,38.23,39.67,40.46,37.84,185137,300943586.02,6.86,3.9,1.49,4.0
2022-11-07,002840,39.4,39.52,40.7,39.16,140999,231468268.93,3.88,-0.38,-0.15,3.05
2022-11-08,002840,39.52,38.73,40.39,38.32,138906,223673219.34,5.24,-2.0,-0.79,3.0
2022-11-09,002840,38.44,38.59,38.85,38.13,76520,121476500.82,1.86,-0.36,-0.14,1.65
2022-11-10,002840,38.18,38.68,38.85,37.87,87073,138274888.23,2.54,0.23,0.09,1.88
2022-11-11,002840,39.5,38.42,39.69,37.94,137375,219361635.54,4.52,-0.67,-0.26,2.97
2022-11-14,002840,38.42,38.3,39.21,37.84,110976,176596214.2,3.57,-0.31,-0.12,2.4
2022-11-15,002840,38.63,38.3,38.63,37.63,107775,169677001.42,2.61,0.0,0.0,2.33
2022-11-16,002840,38.27,37.87,38.71,37.6,95518,150085799.9,2.9,-1.12,-0.43,2.07
2022-11-17,002840,37.58,41.61,41.61,37.43,318543,531002746.91,11.04,9.88,3.74,6.89
2022-11-18,002840,41.66,41.3,42.19,40.43,255468,435977117.98,4.23,-0.75,-0.31,5.52
2022-11-21,002840,40.51,41.08,41.85,40.22,156598,265879555.08,3.95,-0.53,-0.22,3.39
2022-11-22,002840,40.89,40.39,42.52,40.05,168010,286006315.35,6.01,-1.68,-0.69,3.63
2022-11-23,002840,40.22,39.86,40.39,39.02,108525,176998235.2,3.39,-1.31,-0.53,2.35
2022-11-24,002840,39.5,40.43,41.32,39.5,103709,173369324.37,4.57,1.43,0.57,2.24
2022-11-25,002840,40.41,40.51,40.87,39.69,71411,118735101.51,2.92,0.2,0.08,1.54
2022-11-28,002840,39.81,39.64,40.12,38.9,87224,142271865.03,3.01,-2.15,-0.87,1.89
2022-11-29,002840,39.64,40.41,40.63,39.5,91138,151081733.06,2.85,1.94,0.77,1.97
2022-11-30,002840,40.46,39.79,42.02,39.69,151594,254117951.92,5.77,-1.53,-0.62,3.28
2022-12-01,002840,40.22,40.58,41.13,40.1,129064,216491024.1,2.59,1.99,0.79,2.79
2022-12-02,002840,40.39,41.73,42.71,40.31,231997,397210264.39,5.91,2.83,1.15,5.02
2022-12-05,002840,42.35,41.42,42.5,40.7,191440,327426126.84,4.31,-0.74,-0.31,4.14
2022-12-06,002840,40.89,41.06,41.87,40.6,129775,221240458.87,3.07,-0.87,-0.36,2.81
2022-12-07,002840,40.77,41.83,42.91,40.77,220446,382139704.63,5.21,1.88,0.77,4.77
2022-12-08,002840,41.23,39.67,41.83,39.67,202392,336216579.21,5.16,-5.16,-2.16,4.38
2022-12-09,002840,39.09,39.38,39.47,37.7,199265,316630736.93,4.46,-0.73,-0.29,4.31
2022-12-12,002840,38.3,38.47,38.92,37.96,136001,215582796.02,2.44,-2.31,-0.91,2.94
2022-12-13,002840,38.71,42.28,42.28,38.3,379393,646582521.82,10.35,9.9,3.81,8.2
2022-12-14,002840,43.05,41.99,43.51,41.18,423893,738853082.47,5.51,-0.69,-0.29,9.17
2022-12-15,002840,41.99,42.67,43.99,40.72,329172,576340668.75,7.79,1.62,0.68,7.12
2022-12-16,002840,42.69,40.91,42.69,40.53,233632,398413413.36,5.06,-4.12,-1.76,5.05
2022-12-19,002840,41.18,41.37,42.57,39.71,232693,397983486.56,6.99,1.12,0.46,5.03
2022-12-20,002840,41.63,40.31,41.63,39.45,180944,300328678.81,5.27,-2.56,-1.06,3.91
2022-12-21,002840,39.76,42.07,43.05,39.62,297952,514853615.8,8.51,4.37,1.76,6.44
2022-12-22,002840,42.14,42.26,43.34,42.11,239298,421412515.03,2.92,0.45,0.19,5.17
2022-12-23,002840,42.23,41.35,42.83,41.06,144787,249837783.78,4.19,-2.15,-0.91,3.13
2022-12-26,002840,41.97,41.78,42.52,41.08,137859,236977041.0,3.48,1.04,0.43,2.98
2022-12-27,002840,41.49,42.45,43.07,41.2,172062,298889842.78,4.48,1.6,0.67,3.72
2022-12-28,002840,42.31,41.35,42.31,41.18,121911,209387404.89,2.66,-2.59,-1.1,2.63
2022-12-29,002840,41.13,40.19,41.15,39.98,113019,188904214.58,2.83,-2.81,-1.16,2.44
2022-12-30,002840,40.15,40.91,40.91,39.62,114713,191481614.68,3.21,1.79,0.72,2.48
2023-01-03,002840,40.58,41.37,41.39,39.74,139108,233151638.61,4.03,1.12,0.46,3.01
2023-01-04,002840,40.96,41.13,42.47,40.82,137806,236296156.92,3.99,-0.58,-0.24,2.98
2023-01-05,002840,41.2,41.66,41.66,40.15,164171,277303867.87,3.67,1.29,0.53,3.55
2023-01-06,002840,41.32,40.89,41.49,40.7,86808,146973725.95,1.9,-1.85,-0.77,1.88
2023-01-09,002840,40.58,41.18,41.59,40.48,113808,193477761.65,2.71,0.71,0.29,2.46
2023-01-10,002840,41.18,40.55,41.35,40.39,82617,138718651.81,2.33,-1.53,-0.63,1.79
2023-01-11,002840,40.27,41.85,43.51,40.22,207712,357518948.8,8.11,3.21,1.3,4.49
2023-01-12,002840,41.8,40.99,42.28,40.87,115638,197833123.21,3.37,-2.05,-0.86,2.5
2023-01-13,002840,40.96,41.71,42.83,40.96,188449,328297525.38,4.56,1.76,0.72,4.07
2023-01-16,002840,41.87,43.34,44.25,41.73,234847,417532076.92,6.04,3.91,1.63,5.08
2023-01-17,002840,43.58,42.86,44.06,42.4,101771,179979007.35,3.83,-1.11,-0.48,2.2
2023-01-18,002840,43.05,42.35,43.1,41.68,122984,213877482.81,3.31,-1.19,-0.51,2.66
2023-01-19,002840,41.9,41.92,42.23,41.73,68680,119072385.54,1.18,-1.02,-0.43,1.48
2023-01-20,002840,41.92,42.09,42.31,41.71,67759,117434650.86,1.43,0.41,0.17,1.46
2023-01-30,002840,42.02,42.38,42.79,41.71,113330,198002708.63,2.57,0.69,0.29,2.45
2023-01-31,002840,42.59,42.67,43.55,42.4,143922,255139303.05,2.71,0.68,0.29,3.11
2023-02-01,002840,42.64,44.66,45.57,42.19,226406,411631993.94,7.92,4.66,1.99,4.89
2023-02-02,002840,45.62,45.5,45.79,44.06,115783,215411893.15,3.87,1.88,0.84,2.5
2023-02-03,002840,45.38,44.78,46.19,44.54,73820,137761482.17,3.63,-1.58,-0.72,1.6
2023-02-06,002840,44.83,46.94,46.99,44.51,137902,262890416.44,5.54,4.82,2.16,2.98
2023-02-07,002840,46.46,45.93,46.84,45.52,99250,188368439.87,2.81,-2.15,-1.01,2.15
2023-02-08,002840,45.55,45.26,46.27,45.09,71220,133956761.53,2.57,-1.46,-0.67,1.54
2023-02-09,002840,44.8,45.26,46.03,44.49,132080,245226082.16,3.4,0.0,0.0,2.85
2023-02-10,002840,45.07,44.9,45.64,44.56,82169,153218862.31,2.39,-0.8,-0.36,1.78
2023-02-13,002840,44.9,44.78,45.45,43.67,120447,220422271.08,3.96,-0.27,-0.12,2.6
2023-02-14,002840,44.54,44.75,45.11,44.27,54368,100374036.5,1.88,-0.07,-0.03,1.18
2023-02-15,002840,44.71,44.08,45.09,43.99,71842,131881064.5,2.46,-1.5,-0.67,1.55
2023-02-16,002840,44.32,43.53,44.73,43.03,81419,147891925.28,3.86,-1.25,-0.55,1.76
2023-02-17,002840,43.34,43.31,44.06,43.05,62891,112984561.37,2.32,-0.51,-0.22,1.36
2023-02-20,002840,43.46,43.58,43.82,42.55,68118,121365486.39,2.93,0.62,0.27,1.47
2023-02-21,002840,43.75,44.23,44.47,43.41,67455,122674894.6,2.43,1.49,0.65,1.46
2023-02-22,002840,43.94,44.61,45.16,43.77,67234,123747186.52,3.14,0.86,0.38,1.45
2023-02-23,002840,44.71,43.96,45.04,43.79,49512,90615418.87,2.8,-1.46,-0.65,1.07
2023-02-24,002840,43.89,43.41,44.27,43.17,55727,100333390.2,2.5,-1.25,-0.55,1.2
2023-02-27,002840,43.53,43.0,43.84,42.67,45582,81313222.83,2.7,-0.94,-0.41,0.99
2023-02-28,002840,42.86,42.98,43.41,42.62,35910,63631560.0,1.84,-0.05,-0.02,0.78
2023-03-01,002840,43.1,42.93,43.1,41.83,78341,137180351.41,2.95,-0.12,-0.05,1.69
2023-03-02,002840,42.59,42.26,42.79,42.26,45835,80327189.52,1.23,-1.56,-0.67,0.99
2023-03-03,002840,42.35,41.37,42.5,41.35,64994,112068121.93,2.72,-2.11,-0.89,1.4
2023-03-06,002840,41.18,41.85,42.43,40.99,62639,108133646.59,3.48,1.16,0.48,1.35
2023-03-07,002840,41.85,42.28,43.05,41.83,82212,144132915.47,2.92,1.03,0.43,1.78
2023-03-08,002840,42.14,41.49,42.14,40.75,64291,109485182.8,3.29,-1.87,-0.79,1.39
2023-03-09,002840,41.56,41.08,42.02,40.94,35733,61142209.8,2.6,-0.99,-0.41,0.77
2023-03-10,002840,40.94,40.43,40.94,40.12,45976,76747178.25,2.0,-1.58,-0.65,0.99
2023-03-13,002840,40.22,41.15,41.18,39.98,45604,76558930.78,2.97,1.78,0.72,0.99
2023-03-14,002840,41.01,42.47,43.7,40.79,113702,200167149.23,7.07,3.21,1.32,2.46
2023-03-15,002840,42.45,42.55,43.48,42.04,96987,171779206.98,3.39,0.19,0.08,2.1
2023-03-16,002840,42.38,40.19,42.5,39.81,102946,173269464.54,6.32,-5.55,-2.36,2.22
2023-03-17,002840,40.22,40.43,41.39,40.17,73646,124102907.11,3.04,0.6,0.24,1.59
2023-03-20,002840,40.67,38.83,40.89,38.59,87092,140385883.69,5.69,-3.96,-1.6,1.88
2023-03-21,002840,38.92,39.11,39.57,38.68,45612,73662453.02,2.29,0.72,0.28,0.99
2023-03-22,002840,39.21,39.14,39.76,38.83,47928,77499799.32,2.38,0.08,0.03,1.04
2023-03-23,002840,38.85,38.97,39.4,38.37,59301,94958610.02,2.63,-0.43,-0.17,1.28
2023-03-24,002840,38.78,38.78,39.07,38.59,37194,59573906.16,1.23,-0.49,-0.19,0.8
2023-03-27,002840,38.73,40.58,41.66,38.49,124838,206506224.19,8.17,4.64,1.8,2.7
2023-03-28,002840,40.41,40.46,41.61,39.86,75063,126205782.2,4.31,-0.3,-0.12,1.62
2023-03-29,002840,40.34,40.48,40.99,39.86,58501,97678353.54,2.79,0.05,0.02,1.26
2023-03-30,002840,40.24,42.98,43.46,40.24,180802,314904290.88,7.95,6.18,2.5,3.91
2023-03-31,002840,45.38,44.37,45.38,42.47,244631,451490438.27,6.77,3.23,1.39,5.29
2023-04-03,002840,44.06,47.66,48.14,43.96,248014,481103835.85,9.42,7.41,3.29,5.36
2023-04-04,002840,47.59,47.9,49.46,46.94,205206,411036136.81,5.29,0.5,0.24,4.44
2023-04-06,002840,47.92,49.07,50.97,47.92,186751,381451143.35,6.37,2.44,1.17,4.04
2023-04-07,002840,48.26,47.39,48.67,46.27,179782,352471522.34,4.89,-3.42,-1.68,3.89
2023-04-10,002840,46.79,47.06,47.9,46.29,97074,188627255.37,3.4,-0.7,-0.33,2.1
2023-04-11,002840,47.03,46.79,47.37,45.95,81079,156100971.03,3.02,-0.57,-0.27,1.75
2023-04-12,002840,46.46,45.86,46.55,45.14,81162,153654851.34,3.01,-1.99,-0.93,1.75
2023-04-13,002840,45.79,45.21,46.46,44.92,83869,157277538.04,3.36,-1.42,-0.65,1.81
2023-04-14,002840,45.19,44.92,45.55,44.54,49078,91233977.22,2.23,-0.64,-0.29,1.06
2023-04-17,002840,45.5,46.07,46.58,44.87,86782,164447225.18,3.81,2.56,1.15,1.88
2023-04-18,002840,46.05,44.9,46.12,44.9,54749,102702477.2,2.65,-2.54,-1.17,1.18
2023-04-19,002840,44.95,45.04,45.88,44.47,35740,66595165.0,3.14,0.31,0.14,0.77
2023-04-20,002840,44.42,45.14,45.93,43.72,71193,131784630.89,4.91,0.22,0.1,1.54
2023-04-21,002840,44.9,44.3,45.62,44.11,44773,82973746.5,3.35,-1.86,-0.84,0.97
2023-04-24,002840,44.08,44.03,44.66,43.15,49279,89391418.26,3.41,-0.61,-0.27,1.07
2023-04-25,002840,44.01,42.76,44.54,41.9,60249,106736224.62,6.0,-2.88,-1.27,1.3
2023-04-26,002840,42.31,42.62,43.58,42.23,48089,84841253.16,3.16,-0.33,-0.14,1.04
2023-04-27,002840,42.64,41.75,42.74,41.37,46473,80414684.28,3.21,-2.04,-0.87,1.0
2023-04-28,002840,41.11,40.34,42.35,40.22,100892,171504502.4,5.1,-3.38,-1.41,2.18
2023-05-04,002840,40.46,40.22,41.18,39.86,61170,102431896.21,3.27,-0.3,-0.12,1.32
2023-05-05,002840,40.22,39.14,40.24,38.68,53491,86494336.82,3.88,-2.69,-1.08,1.16
2023-05-08,002840,39.55,39.21,39.62,38.92,37405,60589711.35,1.79,0.18,0.07,0.81
2023-05-09,002840,39.31,40.29,41.08,38.8,77641,128576561.47,5.81,2.75,1.08,1.68
2023-05-10,002840,39.98,39.26,40.51,38.85,59038,96060449.08,4.12,-2.56,-1.03,1.28
2023-05-11,002840,39.09,39.28,40.22,38.8,47404,76931116.84,3.62,0.05,0.02,1.02
2023-05-12,002840,39.02,38.63,39.64,38.56,48163,77305430.35,2.75,-1.65,-0.65,1.04
2023-05-15,002840,38.85,38.71,38.97,37.99,47491,75617219.87,2.54,0.21,0.08,1.03
2023-05-16,002840,38.8,39.04,39.98,38.73,63259,102532305.44,3.23,0.85,0.33,1.37
2023-05-17,002840,39.21,39.74,39.98,38.66,46210,75089805.2,3.38,1.79,0.7,1.0
2023-05-18,002840,39.62,39.57,40.99,39.35,60917,100996278.81,4.13,-0.43,-0.17,1.32
2023-05-19,002840,39.57,40.41,40.63,38.35,57968,95031019.22,5.76,2.12,0.84,1.25
2023-05-22,002840,40.46,40.53,40.82,39.74,32555,54201761.34,2.67,0.3,0.12,0.7
2023-05-23,002840,40.29,40.1,40.89,39.88,26759,44684062.23,2.49,-1.06,-0.43,0.58
2023-05-24,002840,39.88,39.69,40.15,39.47,30801,50587535.8,1.7,-1.02,-0.41,0.67
2023-05-25,002840,39.5,39.62,39.95,39.09,20597,33577382.58,2.17,-0.18,-0.07,0.45
2023-05-26,002840,39.62,39.31,39.74,38.92,17267,27942961.0,2.07,-0.78,-0.31,0.37
2023-05-29,002840,39.16,38.78,39.59,38.59,27167,43589429.84,2.54,-1.35,-0.53,0.59
2023-05-30,002840,38.78,39.35,39.35,38.49,27384,43950656.94,2.22,1.47,0.57,0.59
2023-05-31,002840,39.02,38.2,39.74,37.96,39483,62932373.42,4.52,-2.92,-1.15,0.85
2023-06-01,002840,38.18,38.37,38.97,37.7,39001,61846543.38,3.32,0.45,0.17,0.84
2023-06-02,002840,38.51,38.68,38.97,38.3,35454,56460020.07,1.75,0.81,0.31,0.77
2023-06-05,002840,38.75,36.83,38.75,36.43,89682,137119622.94,6.0,-4.78,-1.85,1.94
2023-06-06,002840,36.95,35.63,36.95,35.59,59308,88093860.22,3.69,-3.26,-1.2,1.28
2023-06-07,002840,35.61,35.75,35.99,34.94,48965,71320059.5,2.95,0.34,0.12,1.06
2023-06-08,002840,35.54,38.15,38.87,35.54,131907,205679081.78,9.31,6.71,2.4,2.85
2023-06-09,002840,37.77,38.51,38.51,36.62,92362,142055399.07,4.95,0.94,0.36,2.0
2023-06-12,002840,37.94,37.96,38.3,37.34,70829,110476771.04,2.49,-1.43,-0.55,1.53
2023-06-13,002840,37.96,37.67,38.8,37.34,74405,116318924.38,3.85,-0.76,-0.29,1.61
2023-06-14,002840,37.43,36.79,37.72,36.64,47317,72233020.52,2.87,-2.34,-0.88,1.02
2023-06-15,002840,36.69,36.55,37.15,36.23,38907,58627114.0,2.5,-0.65,-0.24,0.84
2023-06-16,002840,36.69,37.27,37.53,36.55,55314,84698914.74,2.68,1.97,0.72,1.2
2023-06-19,002840,37.03,36.71,37.67,36.62,52493,80349828.53,2.82,-1.5,-0.56,1.13
2023-06-20,002840,36.62,36.38,36.86,35.97,54092,81256785.33,2.42,-0.9,-0.33,1.17
2023-06-21,002840,36.33,36.07,36.64,35.85,43671,65287616.12,2.17,-0.85,-0.31,0.94
2023-06-26,002840,36.26,36.09,36.59,35.01,86191,127636910.64,4.38,0.06,0.02,1.86
2023-06-27,002840,36.09,37.19,37.31,35.71,74658,113282496.14,4.43,3.05,1.1,1.61
2023-06-28,002840,37.03,36.91,37.48,36.45,42801,65221256.12,2.77,-0.75,-0.28,0.93
2023-06-29,002840,37.02,37.88,38.46,36.68,71517,111229198.64,4.82,2.63,0.97,1.55
2023-06-30,002840,38.0,37.98,38.79,37.76,58421,92017732.17,2.72,0.26,0.1,1.26
2023-07-03,002840,37.98,38.99,39.32,37.55,77007,121937918.25,4.66,2.66,1.01,1.66
2023-07-04,002840,38.99,39.63,40.28,38.41,69085,112042091.28,4.8,1.64,0.64,1.49
2023-07-05,002840,39.35,38.75,40.02,38.55,42154,67590658.28,3.71,-2.22,-0.88,0.91
2023-07-06,002840,38.24,39.44,40.88,38.24,68458,111592898.29,6.81,1.78,0.69,1.48
2023-07-07,002840,39.42,40.28,40.74,38.55,73563,121457466.92,5.55,2.13,0.84,1.59
2023-07-10,002840,42.37,41.79,43.62,41.39,147866,258701753.03,5.54,3.75,1.51,3.2
2023-07-11,002840,41.89,42.06,42.8,41.19,92770,160330996.42,3.85,0.65,0.27,2.01
2023-07-12,002840,42.27,42.61,43.16,41.41,89598,157284088.93,4.16,1.31,0.55,1.94
2023-07-13,002840,42.51,42.56,42.83,41.89,69871,121972268.52,2.21,-0.12,-0.05,1.51
2023-07-14,002840,42.2,41.79,43.43,41.43,76378,133140257.77,4.7,-1.81,-0.77,1.65
2023-07-17,002840,41.72,43.62,43.79,41.27,96434,171921038.0,6.03,4.38,1.83,2.08
2023-07-18,002840,43.88,44.87,45.54,43.64,116528,214384423.34,4.36,2.87,1.25,2.52
2023-07-19,002840,44.72,43.64,45.08,42.87,133759,242447409.28,4.93,-2.74,-1.23,2.89
2023-07-20,002840,43.14,43.31,44.07,42.75,62938,112647494.74,3.02,-0.76,-0.33,1.36
2023-07-21,002840,43.4,44.36,44.89,43.21,63418,116264800.57,3.88,2.42,1.05,1.37
2023-07-24,002840,44.03,43.93,44.72,43.21,64354,116221714.4,3.4,-0.97,-0.43,1.39
2023-07-25,002840,42.87,42.54,43.62,41.03,89761,156691132.08,5.9,-3.16,-1.39,1.94
2023-07-26,002840,42.39,42.68,42.97,41.39,51064,88897450.4,3.71,0.33,0.14,1.1
2023-07-27,002840,42.49,42.97,43.28,41.99,36816,65099101.96,3.02,0.68,0.29,0.8
2023-07-28,002840,42.83,42.97,43.35,42.18,38318,67746141.0,2.72,0.0,0.0,0.83
2023-07-31,002840,43.4,42.73,43.81,41.24,83249,145507439.4,5.98,-0.56,-0.24,1.8
2023-08-01,002840,42.68,41.72,43.16,41.51,70897,122603953.85,3.86,-2.36,-1.01,1.53
2023-08-02,002840,41.77,41.65,42.08,41.29,29471,50559597.67,1.89,-0.17,-0.07,0.64
2023-08-03,002840,41.48,41.46,42.06,41.27,33710,57723958.0,1.9,-0.46,-0.19,0.73
2023-08-04,002840,41.22,40.88,41.91,40.71,42259,71527685.05,2.89,-1.4,-0.58,0.91
2023-08-07,002840,40.88,40.81,41.53,40.14,35700,60079158.8,3.4,-0.17,-0.07,0.77
2023-08-08,002840,40.76,40.5,41.29,39.92,28654,47710124.61,3.36,-0.76,-0.31,0.62
2023-08-09,002840,40.26,39.44,40.4,39.32,30410,49770189.01,2.67,-2.62,-1.06,0.66
2023-08-10,002840,39.54,39.15,39.8,38.96,23015,37160283.0,2.13,-0.74,-0.29,0.5
2023-08-11,002840,39.23,38.03,39.42,37.95,63438,100261020.97,3.75,-2.86,-1.12,1.37
2023-08-14,002840,38.22,37.98,38.34,37.52,51843,80624616.93,2.16,-0.13,-0.05,1.12
2023-08-15,002840,37.98,37.67,38.19,37.19,42400,65746502.0,2.63,-0.82,-0.31,0.92
2023-08-16,002840,37.71,37.59,38.05,37.35,31710,49189242.78,1.86,-0.21,-0.08,0.69
2023-08-17,002840,37.59,37.59,37.62,37.07,24077,37010057.0,1.46,0.0,0.0,0.52
2023-08-18,002840,37.4,36.85,37.62,36.73,25487,39027915.0,2.37,-1.97,-0.74,0.55
2023-08-21,002840,37.09,36.42,37.19,36.37,23574,35607709.0,2.23,-1.17,-0.43,0.51
2023-08-22,002840,36.49,36.08,36.75,35.7,31553,47036482.0,2.88,-0.93,-0.34,0.68
2023-08-23,002840,36.61,35.58,36.61,35.48,38657,56962556.0,3.13,-1.39,-0.5,0.84
2023-08-24,002840,35.94,36.47,36.85,35.41,41299,61685534.76,4.05,2.5,0.89,0.89
2023-08-25,002840,36.73,35.84,37.86,35.58,82966,125772108.99,6.25,-1.73,-0.63,1.79
2023-08-28,002840,36.99,35.43,37.62,35.36,55445,83197363.92,6.31,-1.14,-0.41,1.2
2023-08-29,002840,35.43,36.23,36.32,35.19,34037,50291784.25,3.19,2.26,0.8,0.74
2023-08-30,002840,35.89,35.72,36.49,35.53,42552,62830082.83,2.65,-1.41,-0.51,0.92
2023-08-31,002840,35.72,35.27,35.75,35.07,29547,42911726.0,1.9,-1.26,-0.45,0.64
2023-09-01,002840,35.0,35.89,36.06,35.0,35315,51963053.84,3.01,1.76,0.62,0.76
2023-09-04,002840,35.91,36.3,36.3,35.48,33900,50183872.63,2.28,1.14,0.41,0.73
2023-09-05,002840,36.2,35.96,36.54,35.84,23906,35433011.2,1.93,-0.94,-0.34,0.52
2023-09-06,002840,36.44,35.15,36.59,34.52,96339,140073422.28,5.76,-2.25,-0.81,2.08
2023-09-07,002840,35.1,34.14,35.75,33.99,73861,105762314.28,5.01,-2.87,-1.01,1.6
2023-09-08,002840,33.85,33.97,34.62,33.83,37535,52722260.82,2.31,-0.5,-0.17,0.81
2023-09-11,002840,33.87,34.74,34.83,33.59,63902,89839178.66,3.65,2.27,0.77,1.38
2023-09-12,002840,34.76,35.91,36.75,34.35,122121,180066583.97,6.91,3.37,1.17,2.64
2023-09-13,002840,35.75,35.63,36.44,34.86,63769,93182194.73,4.4,-0.78,-0.28,1.38
2023-09-14,002840,35.51,34.57,35.51,34.43,36501,52248745.94,3.03,-2.98,-1.06,0.79
2023-09-15,002840,34.79,34.4,35.27,34.23,65447,93040331.66,3.01,-0.49,-0.17,1.41
2023-09-18,002840,34.4,34.76,34.86,34.04,32253,45877927.6,2.38,1.05,0.36,0.7
2023-09-19,002840,34.67,35.15,35.7,34.59,47344,68557624.98,3.19,1.12,0.39,1.02
2023-09-20,002840,34.83,35.77,36.2,34.83,55553,81778818.53,3.9,1.76,0.62,1.2
2023-09-21,002840,35.48,35.0,35.75,34.76,36789,53286329.16,2.77,-2.15,-0.77,0.8
2023-09-22,002840,34.81,35.43,35.48,34.47,30480,43965329.42,2.89,1.23,0.43,0.66
2023-09-25,002840,35.34,35.0,35.89,34.81,36303,52666554.68,3.05,-1.21,-0.43,0.78
2023-09-26,002840,34.67,34.88,35.17,34.55,29775,42625915.12,1.77,-0.34,-0.12,0.64
2023-09-27,002840,35.05,34.67,35.63,34.62,41688,60061196.78,2.9,-0.6,-0.21,0.9
2023-09-28,002840,34.64,35.05,35.17,34.35,46397,66281550.93,2.37,1.1,0.38,1.0
2023-10-09,002840,35.0,35.39,35.72,33.61,53744,77121886.39,6.02,0.97,0.34,1.16
2023-10-10,002840,35.27,35.65,36.25,35.12,48908,71875767.23,3.19,0.73,0.26,1.06
2023-10-11,002840,35.58,35.79,35.87,35.22,29264,42846629.72,1.82,0.39,0.14,0.63
2023-10-12,002840,35.79,36.61,36.73,35.51,42985,64295686.95,3.41,2.29,0.82,0.93
2023-10-13,002840,36.44,35.58,36.44,35.34,46313,68226812.04,3.0,-2.81,-1.03,1.0
2023-10-16,002840,35.58,35.1,36.03,34.98,33169,48378154.79,2.95,-1.35,-0.48,0.72
2023-10-17,002840,35.1,35.22,35.31,34.76,24768,35658573.51,1.57,0.34,0.12,0.54
2023-10-18,002840,35.19,34.5,35.65,34.5,26800,38552531.95,3.27,-2.04,-0.72,0.58
2023-10-19,002840,34.43,34.28,35.43,34.09,45611,65301895.0,3.88,-0.64,-0.22,0.99
2023-10-20,002840,34.28,34.59,34.86,34.09,23752,33721048.8,2.25,0.9,0.31,0.51
2023-10-23,002840,34.79,35.77,37.4,34.59,82547,122928801.48,8.12,3.41,1.18,1.78
2023-10-24,002840,35.94,37.4,38.0,35.29,83185,125606140.66,7.58,4.56,1.63,1.8
2023-10-25,002840,37.16,38.34,38.77,36.73,75484,118174386.4,5.45,2.51,0.94,1.63
2023-10-26,002840,38.6,38.99,39.37,38.0,68117,108506605.67,3.57,1.7,0.65,1.47
2023-10-27,002840,38.84,40.31,41.1,38.82,83248,137115468.07,5.85,3.39,1.32,1.8
2023-10-30,002840,40.04,42.15,42.32,39.95,132692,227369546.73,5.88,4.56,1.84,2.87
2023-10-31,002840,41.7,40.71,42.39,40.52,77552,132013884.48,4.44,-3.42,-1.44,1.68
2023-11-01,002840,40.31,40.04,40.76,39.71,87683,144930341.9,2.58,-1.65,-0.67,1.9
2023-11-02,002840,39.85,39.32,40.88,38.99,68011,110750775.27,4.72,-1.8,-0.72,1.47
2023-11-03,002840,39.03,40.16,40.74,38.84,96969,158697045.37,4.83,2.14,0.84,2.1
2023-11-06,002840,39.56,39.87,40.28,39.11,61791,100996591.6,2.91,-0.72,-0.29,1.34
2023-11-07,002840,39.66,40.38,41.17,39.13,58258,96279699.0,5.12,1.28,0.51,1.26
2023-11-08,002840,40.64,40.11,40.83,39.54,46803,77218080.55,3.19,-0.67,-0.27,1.01
2023-11-09,002840,40.02,39.42,40.47,38.91,77307,125910561.49,3.89,-1.72,-0.69,1.67
2023-11-10,002840,39.27,39.56,40.14,39.03,56370,92086248.4,2.82,0.36,0.14,1.22
2023-11-13,002840,39.78,39.71,40.26,38.94,64725,105565024.14,3.34,0.38,0.15,1.4
2023-11-14,002840,39.71,40.76,40.88,39.25,63992,106105937.74,4.1,2.64,1.05,1.38
2023-11-15,002840,40.74,40.64,41.0,39.95,47652,79383392.56,2.58,-0.29,-0.12,1.03
2023-11-16,002840,40.28,40.35,40.98,40.23,33798,56584415.74,1.85,-0.71,-0.29,0.73
2023-11-17,002840,40.28,40.28,40.88,40.14,37582,62782653.0,1.83,-0.17,-0.07,0.81
2023-11-20,002840,40.16,41.91,42.39,40.04,93351,160508380.01,5.83,4.05,1.63,2.02
2023-11-21,002840,42.15,42.39,43.11,41.72,92072,161342240.11,3.32,1.15,0.48,1.99
2023-11-22,002840,42.2,43.26,44.12,42.2,86044,153658795.56,4.53,2.05,0.87,1.86
2023-11-23,002840,43.79,44.1,44.27,42.83,60870,109635815.22,3.33,1.94,0.84,1.32
2023-11-24,002840,44.1,44.96,46.76,43.67,90798,170204929.45,7.01,1.95,0.86,1.96
2023-11-27,002840,45.71,45.92,47.12,44.58,117531,221552214.32,5.65,2.14,0.96,2.54
2023-11-28,002840,45.99,45.11,46.31,44.77,69693,130745408.08,3.35,-1.76,-0.81,1.51
2023-11-29,002840,44.79,44.77,45.2,44.17,68095,125575315.62,2.28,-0.75,-0.34,1.47
2023-11-30,002840,44.7,45.63,45.9,44.55,46972,87936528.13,3.02,1.92,0.86,1.02
2023-12-01,002840,45.8,45.3,46.4,44.53,65933,123095917.17,4.1,-0.72,-0.33,1.42
2023-12-04,002840,45.08,47.07,48.42,44.6,100214,194064362.91,8.43,3.91,1.77,2.17
2023-12-05,002840,47.0,46.86,48.97,46.52,109361,215933830.3,5.21,-0.45,-0.21,2.36
2023-12-06,002840,46.83,49.4,50.24,46.33,142271,284841444.38,8.34,5.42,2.54,3.07
2023-12-07,002840,48.68,50.48,52.23,48.68,131806,276287974.36,7.19,2.19,1.08,2.85
2023-12-08,002840,50.12,49.4,50.6,48.83,91456,187263535.99,3.51,-2.14,-1.08,1.98
2023-12-11,002840,49.16,50.12,50.48,47.91,95626,196631716.21,5.2,1.46,0.72,2.07
2023-12-12,002840,49.59,49.35,50.1,48.61,56768,115679956.69,2.97,-1.54,-0.77,1.23
2023-12-13,002840,49.47,47.84,49.47,47.75,57847,115500462.39,3.49,-3.06,-1.51,1.25
2023-12-14,002840,47.84,48.32,49.52,47.03,73101,145734429.25,5.2,1.0,0.48,1.58
2023-12-15,002840,48.27,48.25,49.33,47.48,57875,115700191.47,3.83,-0.14,-0.07,1.25
2023-12-18,002840,48.87,48.75,50.29,48.51,66565,135551439.63,3.69,1.04,0.5,1.44
2023-12-19,002840,48.32,48.92,49.79,47.87,65952,132828388.37,3.94,0.35,0.17,1.43
2023-12-20,002840,48.68,48.2,49.16,47.89,60393,120859357.61,2.6,-1.47,-0.72,1.31
2023-12-21,002840,47.96,48.39,48.59,46.88,69223,136634825.81,3.55,0.39,0.19,1.5
2023-12-22,002840,48.73,48.47,49.64,47.96,70891,142744044.52,3.47,0.17,0.08,1.53
2023-12-25,002840,48.42,48.01,48.92,47.48,56229,111692492.46,2.97,-0.95,-0.46,1.22
2023-12-26,002840,48.3,48.15,48.68,47.79,62527,124566305.7,1.85,0.29,0.14,1.35
2023-12-27,002840,48.18,50.89,51.32,48.15,143077,294924464.12,6.58,5.69,2.74,3.09
2023-12-28,002840,50.03,49.74,51.3,49.4,66176,136865860.54,3.73,-2.26,-1.15,1.43
2023-12-29,002840,49.5,50.34,51.61,48.15,90028,185682730.73,6.96,1.21,0.6,1.94
2024-01-02,002840,49.64,50.96,51.49,48.95,82248,171356244.48,5.05,1.23,0.62,1.78
2024-01-03,002840,50.87,50.89,51.97,49.43,76729,159845291.64,4.98,-0.14,-0.07,1.66
2024-01-04,002840,50.6,49.5,50.89,49.4,30606,63119624.42,2.93,-2.73,-1.39,0.66
2024-01-05,002840,49.5,48.71,49.81,48.2,46405,93768930.64,3.25,-1.6,-0.79,1.0
2024-01-08,002840,48.44,47.77,49.02,47.48,51337,101612993.18,3.16,-1.93,-0.94,1.11
2024-01-09,002840,47.43,47.99,48.83,47.19,43341,85987672.14,3.43,0.46,0.22,0.94
2024-01-10,002840,47.75,47.84,48.44,45.56,83025,160685335.51,6.0,-0.31,-0.15,1.79
2024-01-11,002840,47.55,51.23,51.44,47.36,127067,262847455.54,8.53,7.09,3.39,2.74
2024-01-12,002840,51.03,50.48,51.95,49.64,105177,219860565.06,4.51,-1.46,-0.75,2.27
2024-01-15,002840,50.58,48.11,50.58,47.55,94427,188949719.89,6.0,-4.69,-2.37,2.04
2024-01-16,002840,47.75,48.92,49.14,47.51,64265,128593085.38,3.39,1.68,0.81,1.39
2024-01-17,002840,49.28,47.07,49.43,46.95,47452,93706706.4,5.07,-3.78,-1.85,1.02
2024-01-18,002840,46.52,46.04,47.03,44.34,100753,187991724.04,5.71,-2.19,-1.03,2.18
2024-01-19,002840,46.19,45.8,46.19,44.36,58475,109118760.29,3.97,-0.52,-0.24,1.26
2024-01-22,002840,45.32,42.23,45.47,41.48,146159,261372074.44,8.71,-7.79,-3.57,3.16
2024-01-23,002840,41.91,41.96,43.5,41.36,77278,134702573.17,5.07,-0.64,-0.27,1.67
2024-01-24,002840,41.89,41.96,42.47,40.52,57150,97938705.21,4.65,0.0,0.0,1.23
2024-01-25,002840,41.82,41.96,42.44,41.24,78341,135051997.46,2.86,0.0,0.0,1.69
2024-01-26,002840,41.96,43.4,44.1,41.31,62853,111598024.66,6.65,3.43,1.44,1.36
2024-01-29,002840,43.26,43.21,44.36,42.37,67358,120387407.9,4.59,-0.44,-0.19,1.45
2024-01-30,002840,42.71,41.72,44.51,41.72,52151,92376618.68,6.46,-3.45,-1.49,1.13
2024-01-31,002840,41.19,41.51,42.27,40.91,50213,86144610.2,3.26,-0.5,-0.21,1.08
2024-02-01,002840,41.27,43.4,44.07,39.32,107209,184242521.57,11.44,4.55,1.89,2.31
2024-02-02,002840,42.78,44.48,45.9,42.25,105401,192968019.43,8.41,2.49,1.08,2.28
2024-02-05,002840,43.43,41.24,44.07,41.1,98660,172054058.62,6.68,-7.28,-3.24,2.13
2024-02-06,002840,40.4,41.46,41.96,40.07,110040,185887606.8,4.58,0.53,0.22,2.38
2024-02-07,002840,40.95,42.32,43.4,40.95,90271,158080461.54,5.91,2.07,0.86,1.95
2024-02-08,002840,41.51,43.4,45.03,41.51,100203,179735364.28,8.32,2.55,1.08,2.16
2024-02-19,002840,42.92,41.63,43.98,40.07,128955,219737620.65,9.01,-4.08,-1.77,2.78
2024-02-20,002840,41.12,42.66,42.78,40.52,87735,151330309.15,5.43,2.47,1.03,1.89
2024-02-21,002840,42.11,42.2,43.52,41.77,69765,123183258.74,4.1,-1.08,-0.46,1.51
2024-02-22,002840,41.96,42.47,42.63,40.95,78418,134894342.28,3.98,0.64,0.27,1.69
2024-02-23,002840,42.68,43.67,43.83,42.08,57510,102036807.12,4.12,2.83,1.2,1.24
2024-02-26,002840,43.52,44.84,45.51,42.9,70832,129757720.49,5.98,2.68,1.17,1.53
2024-02-27,002840,44.39,45.75,47.07,44.19,68128,129118689.35,6.42,2.03,0.91,1.47
2024-02-28,002840,45.51,44.03,46.19,43.98,71478,132984870.59,4.83,-3.76,-1.72,1.54
2024-02-29,002840,44.05,44.51,45.35,43.79,54943,100664109.25,3.54,1.09,0.48,1.19
2024-03-01,002840,44.53,43.07,44.75,42.08,91314,161781225.28,6.0,-3.24,-1.44,1.97
2024-03-04,002840,42.92,42.23,43.07,40.83,102290,176367628.78,5.2,-1.95,-0.84,2.21
2024-03-05,002840,41.7,43.23,43.86,41.24,78375,139253875.79,6.2,2.37,1.0,1.69
2024-03-06,002840,42.83,42.49,43.04,41.19,79301,137450644.5,4.28,-1.71,-0.74,1.71
2024-03-07,002840,42.32,42.8,43.91,42.2,80655,143082095.34,4.02,0.73,0.31,1.74
2024-03-08,002840,42.63,41.87,43.04,41.43,85863,148255170.57,3.76,-2.17,-0.93,1.85
2024-03-11,002840,41.96,41.99,42.44,41.1,106497,182948881.29,3.2,0.29,0.12,2.3
2024-03-12,002840,41.91,41.29,42.15,40.52,98805,167736723.57,3.88,-1.67,-0.7,2.13
2024-03-13,002840,40.93,39.97,41.17,39.68,100298,165939924.97,3.61,-3.2,-1.32,2.17
2024-03-14,002840,39.8,40.28,40.43,39.78,60492,99843713.74,1.63,0.78,0.31,1.31
2024-03-15,002840,40.31,40.79,41.24,40.16,81476,136829434.47,2.68,1.27,0.51,1.76
2024-03-18,002840,40.74,41.63,41.72,39.49,127199,212510686.56,5.47,2.06,0.84,2.75
2024-03-19,002840,42.68,44.36,44.87,42.39,161400,291532483.4,5.96,6.56,2.73,3.48
2024-03-20,002840,43.64,45.71,46.04,43.35,142093,265891390.65,6.06,3.04,1.35,3.07
2024-03-21,002840,45.8,50.15,50.24,45.27,252878,513132040.21,10.87,9.71,4.44,5.46
2024-03-22,002840,50.36,48.44,50.36,48.03,149819,301823416.89,4.65,-3.41,-1.71,3.23
2024-03-25,002840,47.55,47.07,48.56,46.81,94116,185391910.77,3.61,-2.83,-1.37,2.03
2024-03-26,002840,47.1,46.55,49.64,45.9,114599,224036909.0,7.95,-1.1,-0.52,2.47
2024-03-27,002840,46.59,46.91,48.13,45.99,117439,228799537.55,4.6,0.77,0.36,2.54
2024-03-28,002840,46.83,46.67,47.7,46.35,87637,169898718.66,2.88,-0.51,-0.24,1.89
2024-03-29,002840,46.5,51.3,51.3,46.11,187643,385171441.16,11.12,9.92,4.63,4.01
2024-04-01,002840,51.3,53.46,53.67,50.31,144278,312919264.86,6.55,4.21,2.16,3.09
2024-04-02,002840,53.24,52.81,53.63,51.87,100467,218204826.46,3.29,-1.22,-0.65,2.15
2024-04-03,002840,52.59,54.68,57.03,52.55,193535,441514512.65,8.48,3.54,1.87,4.14
2024-04-08,002840,56.24,53.53,56.82,53.43,109549,246395203.08,6.2,-2.1,-1.15,2.34
2024-04-09,002840,52.98,53.48,53.82,52.07,115303,251790316.73,3.27,-0.09,-0.05,2.47
2024-04-10,002840,53.34,52.69,54.25,51.63,98804,215370423.4,4.9,-1.48,-0.79,2.11
2024-04-11,002840,52.45,51.54,53.15,51.11,72267,154486089.06,3.87,-2.18,-1.15,1.55
2024-04-12,002840,51.2,51.06,51.92,50.46,72044,151970145.44,2.83,-0.93,-0.48,1.54
2024-04-15,002840,50.96,51.9,51.9,49.04,94603,198285373.12,5.6,1.65,0.84,2.02
2024-04-16,002840,50.63,50.79,52.45,50.36,77191,163903304.92,4.03,-2.14,-1.11,1.65
2024-04-17,002840,50.7,50.96,51.71,50.22,70035,147156489.63,2.93,0.33,0.17,1.5
2024-04-18,002840,50.55,50.48,52.04,49.4,116215,243702230.0,5.18,-0.94,-0.48,2.49
2024-04-19,002840,50.0,50.55,51.2,49.64,58222,121255478.28,3.09,0.14,0.07,1.25
2024-04-22,002840,50.39,52.28,54.2,50.39,130514,285394762.24,7.54,3.42,1.73,2.79
2024-04-23,002840,51.51,51.83,53.12,50.43,81588,175235630.6,5.15,-0.86,-0.45,1.75
2024-04-24,002840,51.56,51.2,51.75,50.0,85095,178484908.4,3.38,-1.22,-0.63,1.82
2024-04-25,002840,51.06,51.01,51.32,49.79,79431,166460582.97,2.99,-0.37,-0.19,1.7
2024-04-26,002840,51.03,51.44,52.09,50.27,77201,162644612.01,3.57,0.84,0.43,1.65
2024-04-29,002840,50.65,51.2,51.95,50.17,84479,178125915.53,3.46,-0.47,-0.24,1.81
2024-04-30,002840,50.39,52.02,53.43,50.29,73529,157960339.62,6.13,1.6,0.82,1.57
2024-05-06,002840,51.73,52.11,52.74,50.36,127297,271578632.23,4.58,0.17,0.09,2.72
2024-05-07,002840,51.8,51.54,52.09,50.79,77287,164212157.0,2.49,-1.09,-0.57,1.65
2024-05-08,002840,51.32,56.65,56.65,51.03,128575,289950375.98,10.9,9.91,5.11,2.75
2024-05-09,002840,56.36,56.31,57.03,54.87,162390,374276300.98,3.81,-0.6,-0.34,3.47
2024-05-10,002840,56.07,56.79,58.69,55.76,109694,258979901.63,5.2,0.85,0.48,2.35
2024-05-13,002840,56.75,56.79,59.6,56.19,179439,429180979.14,6.0,0.0,0.0,3.82
2024-05-14,002840,55.95,58.23,59.36,55.69,148322,356022134.66,6.46,2.54,1.44,3.16
2024-05-15,002840,58.04,56.36,59.34,56.1,110583,260836321.49,5.56,-3.21,-1.87,2.35
2024-05-16,002840,56.51,55.76,57.59,55.52,78604,183549015.21,3.67,-1.06,-0.6,1.67
2024-05-17,002840,55.76,55.26,57.51,54.68,92872,213759945.33,5.08,-0.9,-0.5,1.98
2024-05-20,002840,55.64,57.08,58.76,55.04,122895,289255950.58,6.73,3.29,1.82,2.62
2024-05-21,002840,56.24,57.11,58.52,56.15,90323,214150917.8,4.15,0.05,0.03,1.92
2024-05-22,002840,57.03,56.34,57.66,55.16,94914,219660769.78,4.38,-1.35,-0.77,2.02
2024-05-23,002840,56.31,54.44,56.79,54.06,102416,231931489.65,4.85,-3.37,-1.9,2.18
2024-05-24,002840,54.42,55.16,55.88,53.79,92971,212054669.0,3.84,1.32,0.72,1.98
2024-05-27,002840,55.16,54.32,55.38,53.24,71175,158707991.4,3.88,-1.52,-0.84,1.52
2024-05-28,002840,53.87,54.01,54.56,52.47,64760,143817385.0,3.85,-0.57,-0.31,1.38
2024-05-29,002840,54.03,54.13,54.95,53.17,56404,125937394.0,3.3,0.22,0.12,1.2
2024-05-30,002840,54.61,52.71,54.68,52.47,45121,99512953.14,4.08,-2.62,-1.42,0.96
2024-05-31,002840,52.71,52.02,52.88,51.73,48556,104531350.64,2.18,-1.31,-0.69,1.03
2024-06-03,002840,52.52,53.65,55.35,52.38,106043,234625624.94,5.71,3.13,1.63,2.26
2024-06-04,002840,52.81,52.02,53.22,51.35,88948,191091551.6,3.49,-3.04,-1.63,1.89
2024-06-05,002840,51.15,51.42,51.97,50.84,47585,101057897.47,2.17,-1.15,-0.6,1.01
2024-06-06,002840,51.42,50.15,51.75,49.83,42948,89421554.13,3.73,-2.47,-1.27,0.91
2024-06-07,002840,50.15,50.46,51.37,49.76,41138,85783541.11,3.21,0.62,0.31,0.88
2024-06-11,002840,49.86,51.03,51.3,49.76,32787,68399620.95,3.05,1.13,0.57,0.7
2024-06-12,002840,51.06,50.05,51.75,49.98,33380,70092729.0,3.47,-1.92,-0.98,0.71
2024-06-13,002840,49.64,46.31,50.03,45.08,178963,344189544.8,9.89,-7.47,-3.74,3.81
2024-06-14,002840,46.19,45.99,46.35,45.23,83587,158005599.0,2.42,-0.69,-0.32,1.78
2024-06-17,002840,46.02,45.2,46.02,44.75,83916,156395217.31,2.76,-1.72,-0.79,1.79
2024-06-18,002840,46.02,44.24,46.43,44.12,78944,144932189.9,5.11,-2.12,-0.96,1.68
2024-06-19,002840,44.41,43.45,44.41,43.38,53851,97094953.16,2.33,-1.79,-0.79,1.15
2024-06-20,002840,43.31,42.39,43.4,42.2,86640,152417118.11,2.76,-2.44,-1.06,1.84
2024-06-21,002840,42.25,42.44,43.28,41.72,52188,91578638.1,3.68,0.12,0.05,1.11
2024-06-24,002840,42.44,40.16,42.68,39.99,130865,219048797.23,6.34,-5.37,-2.28,2.79
2024-06-25,002840,40.23,39.73,40.62,39.44,57874,95226658.28,2.94,-1.07,-0.43,1.23
2024-06-26,002840,39.49,39.2,40.04,38.6,101963,164083111.97,3.62,-1.33,-0.53,2.17
2024-06-27,002840,39.35,40.21,40.76,38.7,109496,180729582.4,5.26,2.58,1.01,2.33
2024-06-28,002840,40.21,40.26,41.46,39.8,93372,155893723.06,4.13,0.12,0.05,1.99
2024-07-01,002840,40.04,43.09,43.31,40.04,107188,186576935.27,8.12,7.03,2.83,2.28
2024-07-02,002840,43.09,42.95,44.12,42.32,91042,162138464.05,4.18,-0.32,-0.14,1.94
2024-07-03,002840,43.16,41.53,43.47,41.07,76227,131359616.73,5.59,-3.31,-1.42,1.62
2024-07-04,002840,41.65,40.71,41.87,40.19,71804,120691298.89,4.05,-1.97,-0.82,1.53
2024-07-05,002840,40.35,41.05,41.05,39.83,46977,78422086.17,3.0,0.84,0.34,1.0
2024-07-08,002840,41.24,40.64,41.43,40.33,44138,74279014.6,2.68,-1.0,-0.41,0.94
2024-07-09,002840,40.23,38.53,40.45,37.81,104520,166267935.43,6.5,-5.19,-2.11,2.22
2024-07-10,002840,38.22,38.1,38.6,37.43,82947,130261231.77,3.04,-1.12,-0.43,1.77
2024-07-11,002840,38.31,36.73,39.03,36.23,160255,243064500.01,7.35,-3.6,-1.37,3.41
2024-07-12,002840,36.73,36.44,37.28,36.27,109767,165826703.02,2.75,-0.79,-0.29,2.34
2024-07-15,002840,36.75,37.4,38.34,36.49,119098,183594157.86,5.08,2.63,0.96,2.53
2024-07-16,002840,37.16,37.88,38.48,36.87,129102,199705169.45,4.3,1.28,0.48,2.75
2024-07-17,002840,38.05,37.95,38.29,37.07,65284,101710832.31,3.22,0.18,0.07,1.39
2024-07-18,002840,37.59,37.64,38.67,37.33,61410,95658279.68,3.53,-0.82,-0.31,1.31
2024-07-19,002840,37.62,36.8,37.64,36.61,77868,119050359.0,2.74,-2.23,-0.84,1.66
2024-07-22,002840,36.73,35.96,36.75,35.79,73154,108607442.52,2.61,-2.28,-0.84,1.56
2024-07-23,002840,35.82,34.71,36.32,34.71,53923,78436170.8,4.48,-3.48,-1.25,1.15
2024-07-24,002840,34.76,32.6,34.79,32.36,117231,160498043.43,7.0,-6.08,-2.11,2.49
2024-07-25,002840,32.65,32.7,32.79,30.95,164176,215617575.72,5.64,0.31,0.1,3.49
2024-07-26,002840,32.79,32.48,33.59,32.07,85783,115245087.82,4.65,-0.67,-0.22,1.83
2024-07-29,002840,32.43,32.43,32.58,30.8,202196,262151249.12,5.48,-0.15,-0.05,4.3
2024-07-30,002840,32.24,32.63,33.39,31.95,103087,139183198.98,4.44,0.62,0.2,2.19
2024-07-31,002840,32.65,33.99,34.4,32.1,128391,176221286.16,7.05,4.17,1.36,2.73
2024-08-01,002840,34.04,34.38,35.12,33.56,93596,132978992.4,4.59,1.15,0.39,1.99
2024-08-02,002840,34.04,35.36,36.59,33.63,146329,214911818.72,8.61,2.85,0.98,3.11
2024-08-05,002840,35.77,34.59,36.9,34.4,160311,233064370.33,7.07,-2.18,-0.77,3.41
2024-08-06,002840,34.83,34.71,35.6,34.11,91161,130501106.08,4.31,0.35,0.12,1.94
2024-08-07,002840,34.69,33.39,34.71,33.11,124668,172166548.51,4.61,-3.8,-1.32,2.65
2024-08-08,002840,33.11,33.3,33.59,32.65,98381,134012336.35,2.82,-0.27,-0.09,2.09
2024-08-09,002840,33.39,32.39,33.54,32.27,66084,89081113.62,3.81,-2.73,-0.91,1.41
2024-08-12,002840,32.96,32.79,33.56,32.07,104969,141317631.66,4.6,1.23,0.4,2.23
2024-08-13,002840,32.99,33.11,34.79,32.65,121116,167021463.52,6.53,0.98,0.32,2.58
2024-08-14,002840,33.49,32.05,33.75,31.79,87273,115768818.16,5.92,-3.2,-1.06,1.86
2024-08-15,002840,31.91,32.0,33.01,31.91,76798,102167136.7,3.43,-0.16,-0.05,1.63
2024-08-16,002840,32.03,30.11,32.05,30.11,188523,237068849.9,6.06,-5.91,-1.89,4.01
2024-08-19,002840,29.84,29.31,29.99,29.22,168792,204797928.2,2.56,-2.66,-0.8,3.59
2024-08-20,002840,29.53,28.62,29.75,28.11,126559,149026099.44,5.6,-2.35,-0.69,2.69
2024-08-21,002840,28.62,28.21,28.83,28.16,76893,89771752.92,2.34,-1.43,-0.41,1.64
2024-08-22,002840,28.02,27.68,28.5,27.54,82589,94216629.67,3.4,-1.88,-0.53,1.76
2024-08-23,002840,27.56,27.61,28.55,27.54,74735,85482491.5,3.65,-0.25,-0.07,1.59
2024-08-26,002840,27.39,27.92,28.02,27.15,74880,85197823.83,3.15,1.12,0.31,1.59
2024-08-27,002840,27.78,27.42,27.99,26.94,95406,106804526.0,3.76,-1.79,-0.5,2.03
2024-08-28,002840,27.13,27.3,27.66,26.87,78874,88521872.51,2.88,-0.44,-0.12,1.68
2024-08-29,002840,27.66,27.75,28.31,27.01,126283,143040011.0,4.76,1.65,0.45,2.69
2024-08-30,002840,27.8,27.8,28.43,27.15,135380,154583433.6,4.61,0.18,0.05,2.88
2024-09-02,002840,27.83,26.77,28.02,26.72,121202,135388698.73,4.68,-3.71,-1.03,2.58
2024-09-03,002840,26.7,27.15,27.39,26.51,85638,95056459.45,3.29,1.42,0.38,1.82
2024-09-04,002840,27.47,26.84,27.47,26.72,89564,98936205.88,2.76,-1.14,-0.31,1.91
2024-09-05,002840,26.87,27.3,27.44,26.65,75417,84044566.64,2.94,1.71,0.46,1.6
2024-09-06,002840,27.27,26.31,27.32,26.29,84710,92603317.14,3.77,-3.63,-0.99,1.8
2024-09-09,002840,26.24,26.31,26.39,25.91,58373,62660523.99,1.82,0.0,0.0,1.24
2024-09-10,002840,26.34,26.07,26.48,25.64,71421,75927506.46,3.19,-0.91,-0.24,1.52
2024-09-11,002840,26.05,25.71,26.12,25.5,87882,92715729.75,2.38,-1.38,-0.36,1.87
2024-09-12,002840,25.81,25.21,26.03,25.16,78788,82440881.93,3.38,-1.94,-0.5,1.68
2024-09-13,002840,25.31,24.63,25.38,24.59,100781,102542961.98,3.13,-2.3,-0.58,2.14
2024-09-18,002840,24.63,24.2,24.75,23.67,122664,120586131.7,4.38,-1.75,-0.43,2.61
2024-09-19,002840,24.27,24.83,25.28,24.23,99748,101206035.84,4.34,2.6,0.63,2.12
2024-09-20,002840,24.83,24.39,24.87,24.15,68014,67789943.45,2.9,-1.77,-0.44,1.45
2024-09-23,002840,24.37,24.18,24.73,24.11,52704,52415112.59,2.54,-0.86,-0.21,1.12
2024-09-24,002840,24.2,25.88,25.93,24.2,118934,122544352.0,7.15,7.03,1.7,2.53
2024-09-25,002840,26.43,25.74,27.01,25.67,156067,169356095.76,5.18,-0.54,-0.14,3.32
2024-09-26,002840,25.74,27.92,28.02,25.64,167732,184941763.13,9.25,8.47,2.18,3.57
2024-09-27,002840,28.74,29.31,29.91,28.09,212914,252251683.49,6.52,4.98,1.39,4.53
2024-09-30,002840,30.44,32.07,32.07,29.27,278223,353573748.06,9.55,9.42,2.76,5.9
2024-10-08,002840,35.22,31.93,35.22,30.03,430924,574959619.29,16.18,-0.44,-0.14,9.14
2024-10-09,002840,31.16,29.07,31.31,28.86,244103,298356293.47,7.67,-8.96,-2.86,5.18
2024-10-10,002840,29.36,29.7,31.33,29.36,253662,315665636.11,6.78,2.17,0.63,5.38
2024-10-11,002840,29.51,28.04,29.51,27.68,159925,185672039.5,6.16,-5.59,-1.66,3.39
2024-10-14,002840,28.04,28.43,29.05,27.68,207416,241513982.05,4.89,1.39,0.39,4.4
2024-10-15,002840,28.28,27.61,28.57,27.56,155265,178636724.27,3.55,-2.88,-0.82,3.29
2024-10-16,002840,27.32,28.43,29.77,27.15,212389,247296983.18,9.49,2.97,0.82,4.51
2024-10-17,002840,28.64,27.63,28.83,27.63,123853,142539427.0,4.22,-2.81,-0.8,2.63
2024-10-18,002840,27.73,28.04,28.64,27.44,154375,176805251.3,4.34,1.48,0.41,3.28
2024-10-21,002840,28.38,28.64,29.24,28.19,229485,269651473.39,3.74,2.14,0.6,4.87
2024-10-22,002840,28.64,28.76,28.93,27.99,140315,164160104.23,3.28,0.42,0.12,2.98
2024-10-23,002840,28.98,28.45,29.19,28.33,160683,189161735.8,2.99,-1.08,-0.31,3.41
2024-10-24,002840,28.23,27.95,28.67,27.9,125852,145583456.56,2.71,-1.76,-0.5,2.67
2024-10-25,002840,27.97,28.26,28.62,27.9,191219,221518281.2,2.58,1.11,0.31,4.06
2024-10-28,002840,28.11,28.91,28.93,28.11,213866,251767182.91,2.9,2.3,0.65,4.54
2024-10-29,002840,29.03,27.27,29.24,27.23,297028,338518593.95,6.95,-5.67,-1.64,6.3
2024-10-30,002840,27.39,27.49,27.75,26.79,172498,193259858.28,3.52,0.81,0.22,3.66
2024-10-31,002840,27.83,27.83,28.91,27.54,325498,377562314.5,4.98,1.24,0.34,6.91
2024-11-01,002840,27.75,26.91,28.88,26.91,320684,362863969.47,7.08,-3.31,-0.92,6.81
2024-11-04,002840,27.08,27.56,27.92,26.75,242719,272123715.47,4.35,2.42,0.65,5.15
2024-11-05,002840,27.44,27.66,27.66,27.11,311204,349161009.41,2.0,0.36,0.1,6.6
2024-11-06,002840,27.51,28.71,28.88,27.08,481707,555198910.29,6.51,3.8,1.05,10.22
2024-11-07,002840,28.45,30.13,30.13,28.35,620407,755103728.57,6.2,4.95,1.42,13.17
2024-11-08,002840,30.63,29.6,30.78,29.53,495309,607676069.22,4.15,-1.76,-0.53,10.51
2024-11-11,002840,29.36,32.03,32.36,29.15,635317,816308185.16,10.84,8.21,2.43,13.14
2024-11-12,002840,31.74,31.45,32.84,31.4,509028,667491771.41,4.5,-1.81,-0.58,10.53
2024-11-13,002840,31.43,31.38,31.69,30.27,337730,429665612.05,4.52,-0.22,-0.07,6.98
2024-11-14,002840,31.28,30.2,31.4,30.15,222760,280805358.98,3.98,-3.76,-1.18,4.61
2024-11-15,002840,30.2,29.7,30.78,29.63,199643,247910706.75,3.81,-1.66,-0.5,4.13
2024-11-18,002840,29.79,28.35,30.06,28.07,242138,288140842.34,6.7,-4.55,-1.35,5.01
2024-11-19,002840,28.16,28.93,28.95,27.92,186187,216243878.89,3.63,2.05,0.58,3.85
2024-11-20,002840,28.64,28.83,29.05,28.47,161535,190377846.9,2.0,-0.35,-0.1,3.34
2024-11-21,002840,29.96,31.67,31.67,29.24,579411,741587443.9,8.43,9.85,2.84,11.98
2024-11-22,002840,31.98,31.02,33.49,30.97,789103,1044103930.76,7.96,-2.05,-0.65,16.32
2024-11-25,002840,30.97,30.83,31.64,30.23,410232,520188990.51,4.55,-0.61,-0.19,8.48
2024-11-26,002840,30.68,30.23,31.45,30.08,331393,417394807.73,4.44,-1.95,-0.6,6.85
2024-11-27,002840,30.2,31.83,32.22,29.63,545190,700279641.99,8.57,5.29,1.6,11.27
2024-11-28,002840,31.47,33.01,33.68,31.33,678598,913018912.23,7.38,3.71,1.18,14.03
2024-11-29,002840,33.06,32.65,33.49,32.12,471786,633592950.19,4.15,-1.09,-0.36,9.76
2024-12-02,002840,32.63,34.64,34.67,32.39,681535,935364347.87,6.98,6.09,1.99,14.09
2024-12-03,002840,34.11,33.61,34.45,33.32,484790,674156657.26,3.26,-2.97,-1.03,10.02
2024-12-04,002840,33.32,32.75,34.04,32.55,389465,531528315.03,4.43,-2.56,-0.86,8.05
2024-12-05,002840,32.48,32.84,33.03,32.15,231600,310640937.39,2.69,0.27,0.09,4.79
2024-12-06,002840,32.63,33.18,33.42,32.51,268457,364804137.68,2.77,1.04,0.34,5.55
2024-12-09,002840,32.87,32.1,32.96,31.91,298315,396565643.18,3.16,-3.25,-1.08,6.17
2024-12-10,002840,33.01,32.82,33.49,32.55,371415,505184908.0,2.93,2.24,0.72,7.47
2024-12-11,002840,32.65,33.01,33.63,32.65,259026,353081209.98,2.99,0.58,0.19,5.21
2024-12-12,002840,33.23,35.15,35.96,32.79,703014,1001063353.52,9.6,6.48,2.14,14.14
2024-12-13,002840,34.88,34.74,35.67,34.64,521936,754919946.47,2.93,-1.17,-0.41,10.49
2024-12-16,002840,34.74,34.31,35.12,33.9,297731,420297509.07,3.51,-1.24,-0.43,5.99
2024-12-17,002840,34.26,34.47,35.63,33.51,387783,552033293.35,6.18,0.47,0.16,7.8
2024-12-18,002840,34.47,33.39,34.55,33.11,294790,406604841.52,4.18,-3.13,-1.08,5.93
2024-12-19,002840,33.01,32.27,33.03,31.91,246059,327158923.41,3.35,-3.35,-1.12,4.95
2024-12-20,002840,32.43,32.7,33.3,32.41,177216,239335445.14,2.76,1.33,0.43,3.56
2024-12-23,002840,32.82,31.28,32.96,31.02,212718,277605630.34,5.93,-4.34,-1.42,4.28
2024-12-24,002840,31.11,31.55,32.17,31.11,118988,153969669.16,3.39,0.86,0.27,2.39
2024-12-25,002840,31.35,32.36,32.6,30.56,222912,288755677.34,6.47,2.57,0.81,4.48
2024-12-26,002840,31.83,32.1,32.72,31.83,159628,211901744.64,2.75,-0.8,-0.26,3.21
2024-12-27,002840,32.05,32.75,32.89,31.79,176490,235480846.22,3.43,2.02,0.65,3.55
2024-12-30,002840,32.75,31.69,32.87,31.64,144090,190761809.13,3.76,-3.24,-1.06,2.9
2024-12-31,002840,31.62,30.71,31.93,30.71,140474,179800118.06,3.85,-3.09,-0.98,2.82
2025-01-02,002840,30.54,29.24,31.07,29.0,194849,239822303.06,6.74,-4.79,-1.47,3.91
2025-01-03,002840,29.24,27.35,29.41,27.25,209198,241064362.14,7.39,-6.46,-1.89,4.2
2025-01-06,002840,27.37,27.18,28.02,26.55,136249,152246105.56,5.37,-0.62,-0.17,2.74
2025-01-07,002840,27.18,27.68,27.68,27.01,96746,108438377.0,2.47,1.84,0.5,1.94
2025-01-08,002840,27.42,27.27,27.8,26.53,121566,135303143.98,4.59,-1.48,-0.41,2.44
2025-01-09,002840,27.08,27.27,27.92,27.08,105233,118580800.26,3.08,0.0,0.0,2.11
2025-01-10,002840,27.27,25.91,27.37,25.91,121235,132171417.33,5.35,-4.99,-1.36,2.44
2025-01-13,002840,25.45,26.89,26.91,25.38,154858,167271742.62,5.91,3.78,0.98,3.11
2025-01-14,002840,26.89,27.63,27.63,26.72,154031,171875728.62,3.38,2.75,0.74,3.09
2025-01-15,002840,27.66,27.54,28.21,27.47,115511,131445502.03,2.68,-0.33,-0.09,2.32
2025-01-16,002840,27.63,27.63,28.11,27.25,112879,128077952.74,3.12,0.33,0.09,2.27
2025-01-17,002840,27.54,27.47,27.63,27.13,74098,83256660.76,1.81,-0.58,-0.16,1.49
2025-01-20,002840,27.68,27.63,27.99,27.56,82891,94281140.71,1.57,0.58,0.16,1.67
2025-01-21,002840,27.8,27.56,27.99,27.23,66958,75388784.61,2.75,-0.25,-0.07,1.35
2025-01-22,002840,27.51,26.94,27.56,26.79,84854,94335403.8,2.79,-2.25,-0.62,1.7
2025-01-23,002840,27.25,27.83,28.45,27.06,175310,198161743.49,5.16,3.3,0.89,3.52
2025-01-24,002840,27.51,27.71,28.04,27.39,104740,118886970.91,2.34,-0.43,-0.12,2.1
2025-01-27,002840,27.97,28.02,28.5,27.78,115447,133121378.12,2.6,1.12,0.31,2.32
2025-02-05,002840,28.02,27.8,28.4,27.71,94347,108287660.14,2.46,-0.79,-0.22,1.9
2025-02-06,002840,27.8,27.56,27.8,26.96,132622,148759707.81,3.02,-0.86,-0.24,2.66
2025-02-07,002840,27.54,27.71,28.07,27.35,157112,178347968.82,2.61,0.54,0.15,3.16
2025-02-10,002840,27.8,28.11,28.11,27.71,125016,143235059.93,1.44,1.44,0.4,2.51
2025-02-11,002840,28.21,27.61,28.4,27.42,123336,139870494.02,3.49,-1.78,-0.5,2.48
2025-02-12,002840,27.42,27.27,27.59,26.94,137852,153815564.85,2.35,-1.23,-0.34,2.77
2025-02-13,002840,27.27,27.68,28.11,27.2,287898,327622921.23,3.34,1.5,0.41,5.78
2025-02-14,002840,27.56,27.35,27.78,27.2,152529,171359614.46,2.1,-1.19,-0.33,3.06
2025-02-17,002840,27.2,27.08,27.35,26.82,155765,172495374.32,1.94,-0.99,-0.27,3.13
2025-02-18,002840,27.13,26.7,27.2,26.36,166893,182592081.87,3.1,-1.4,-0.38,3.35
2025-02-19,002840,26.43,27.15,27.2,26.24,168482,185528812.43,3.6,1.69,0.45,3.38
2025-02-20,002840,27.11,26.94,27.13,26.75,110362,121656723.13,1.4,-0.77,-0.21,2.22
2025-02-21,002840,26.96,26.84,27.25,26.7,113154,124563923.06,2.04,-0.37,-0.1,2.27
2025-02-24,002840,27.01,26.96,27.32,26.87,121041,134224181.78,1.68,0.45,0.12,2.43
2025-02-25,002840,26.84,26.51,26.96,26.43,122294,133542423.78,1.97,-1.67,-0.45,2.46
2025-02-26,002840,26.51,26.63,26.7,26.22,125898,136227056.11,1.81,0.45,0.12,2.53
2025-02-27,002840,26.7,26.96,27.03,26.58,147176,161779641.52,1.69,1.24,0.33,2.96
2025-02-28,002840,26.87,26.51,27.27,26.43,142209,156613441.36,3.12,-1.67,-0.45,2.86
2025-03-03,002840,26.48,26.51,27.15,26.34,133520,145970831.68,3.06,0.0,0.0,2.68
2025-03-04,002840,26.46,26.6,26.63,26.03,106938,115343048.23,2.26,0.34,0.09,2.15
2025-03-05,002840,26.58,26.19,26.7,26.05,89599,96204551.82,2.44,-1.54,-0.41,1.8
2025-03-06,002840,26.1,26.22,26.29,25.93,87329,93530421.88,1.37,0.11,0.03,1.75
2025-03-07,002840,26.19,26.27,26.82,25.93,118423,127550461.79,3.39,0.19,0.05,2.38
2025-03-10,002840,26.79,27.71,28.19,26.75,378421,428816041.0,5.48,5.48,1.44,7.6
2025-03-11,002840,27.32,28.45,28.76,27.32,407637,473471014.19,5.2,2.67,0.74,8.19
2025-03-12,002840,28.38,27.73,28.86,27.71,273137,313831202.25,4.04,-2.53,-0.72,5.49
2025-03-13,002840,27.73,27.61,28.07,27.32,171585,194595717.43,2.7,-0.43,-0.12,3.45
2025-03-14,002840,27.54,27.73,27.83,27.37,161143,182661430.9,1.67,0.43,0.12,3.24
2025-03-17,002840,27.97,27.78,28.21,27.73,174840,200210281.17,1.73,0.18,0.05,3.51
2025-03-18,002840,27.73,27.66,27.8,27.39,112948,127474875.53,1.48,-0.43,-0.12,2.27
2025-03-19,002840,27.61,27.39,27.61,27.35,79342,89246268.4,0.94,-0.98,-0.27,1.59
2025-03-20,002840,27.51,27.3,27.66,27.25,120453,135374168.4,1.5,-0.33,-0.09,2.42
2025-03-21,002840,27.15,26.99,27.47,26.89,106651,118623682.8,2.12,-1.14,-0.31,2.14
2025-03-24,002840,26.77,26.67,26.99,26.27,115039,125333281.92,2.67,-1.19,-0.32,2.31
2025-03-25,002840,26.58,26.89,26.91,26.36,93059,101620719.87,2.06,0.82,0.22,1.87
2025-03-26,002840,26.79,27.42,27.73,26.7,195132,218844479.39,3.83,1.97,0.53,3.92
2025-03-27,002840,27.32,27.39,27.61,27.11,106149,118960423.18,1.82,-0.11,-0.03,2.13
2025-03-28,002840,27.49,27.42,27.66,27.13,121857,137114778.71,1.94,0.11,0.03,2.45
2025-03-31,002840,27.3,27.37,28.16,27.11,146813,166191476.68,3.83,-0.18,-0.05,2.95
2025-04-01,002840,27.37,27.9,28.26,27.3,190151,217523656.64,3.51,1.94,0.53,3.82
2025-04-02,002840,27.95,27.49,28.11,27.44,139613,158454587.46,2.4,-1.47,-0.41,2.8
2025-04-03,002840,27.23,27.73,27.92,27.23,141158,159901909.43,2.51,0.87,0.24,2.84
2025-04-07,002840,27.32,24.99,28.28,24.99,343149,374662568.53,11.86,-9.88,-2.74,6.89
2025-04-08,002840,25.02,27.03,27.42,24.99,343742,368517990.16,9.72,8.16,2.04,6.91
2025-04-09,002840,27.68,28.62,28.76,26.82,493660,565054771.58,7.18,5.88,1.59,9.92
2025-04-10,002840,27.8,28.64,28.88,27.37,471305,547929722.74,5.28,0.07,0.02,9.47
2025-04-11,002840,29.24,28.02,29.24,27.85,265709,307843987.55,4.85,-2.16,-0.62,5.34
2025-04-14,002840,27.99,28.19,28.35,27.87,181737,209668428.81,1.71,0.61,0.17,3.65
2025-04-15,002840,28.16,28.26,28.67,27.71,190613,220065538.1,3.41,0.25,0.07,3.83
2025-04-16,002840,28.04,27.39,28.11,26.94,180356,203209542.61,4.14,-3.08,-0.87,3.62
2025-04-17,002840,27.2,27.2,27.54,26.91,122240,136758086.64,2.3,-0.69,-0.19,2.46
2025-04-18,002840,27.13,26.63,27.32,26.6,121998,134011495.25,2.65,-2.1,-0.57,2.45
2025-04-21,002840,26.65,26.77,26.87,26.41,90403,98878766.0,1.73,0.53,0.14,1.82
2025-04-22,002840,26.7,26.75,27.01,26.53,93648,102737102.65,1.79,-0.07,-0.02,1.88
2025-04-23,002840,26.77,26.51,26.94,26.43,103548,112739405.38,1.91,-0.9,-0.24,2.08
2025-04-24,002840,26.58,26.63,27.18,26.51,132415,145543990.0,2.53,0.45,0.12,2.66
2025-04-25,002840,26.46,26.58,26.72,26.07,99379,107670652.68,2.44,-0.19,-0.05,2.0
