日期,股票代码,开盘,收盘,最高,最低,成交量,成交额,振幅,涨跌幅,涨跌额,换手率
1997-07-08,600095,10.0,11.15,11.18,9.52,341303,344378000.0,28.72,92.91,5.37,68.26
1997-07-09,600095,10.79,10.16,11.0,10.04,183177,190324000.0,8.61,-8.88,-0.99,36.64
1997-07-10,600095,10.2,10.73,11.15,10.2,144155,153726000.0,9.35,5.61,0.57,28.83
1997-07-11,600095,10.81,11.8,11.8,10.8,152928,176488000.0,9.32,9.97,1.07,30.59
1997-07-14,600095,12.28,12.97,12.97,11.94,180049,223849000.0,8.73,9.92,1.17,36.01
1997-07-15,600095,12.9,13.01,13.55,12.35,106337,137315000.0,9.25,0.31,0.04,21.27
1997-07-16,600095,12.9,12.5,12.99,12.21,71722,90312000.0,6.0,-3.92,-0.51,14.34
1997-07-17,600095,12.4,13.1,13.22,12.32,68680,88405000.0,7.2,4.8,0.6,13.74
1997-07-18,600095,13.0,12.85,13.19,12.6,39571,50914000.0,4.5,-1.91,-0.25,7.91
1997-07-21,600095,12.92,12.4,12.95,12.3,51719,64822000.0,5.06,-3.5,-0.45,10.34
1997-07-22,600095,12.3,12.58,12.78,11.9,40219,49344000.0,7.1,1.45,0.18,8.04
1997-07-23,600095,12.75,12.25,12.78,12.1,30587,37730000.0,5.41,-2.62,-0.33,6.12
1997-07-24,600095,12.09,11.99,12.3,11.88,21729,26175000.0,3.43,-2.12,-0.26,4.35
1997-07-25,600095,11.9,11.73,12.0,11.6,20239,23844000.0,3.34,-2.17,-0.26,4.05
1997-07-28,600095,11.6,11.1,11.6,11.02,17060,19286000.0,4.94,-5.37,-0.63,3.41
1997-07-29,600095,11.0,11.47,11.49,10.89,13949,15662000.0,5.41,3.33,0.37,2.79
1997-07-30,600095,11.48,11.73,11.8,11.45,13503,15682000.0,3.05,2.27,0.26,2.7
1997-07-31,600095,11.82,11.58,11.88,11.5,9123,10610000.0,3.24,-1.28,-0.15,1.82
1997-08-01,600095,11.65,11.64,11.7,11.35,8083,9271000.0,3.02,0.52,0.06,1.62
1997-08-04,600095,11.64,11.57,11.65,11.31,8966,10292000.0,2.92,-0.6,-0.07,1.79
1997-08-05,600095,11.61,11.8,11.97,11.52,11943,14054000.0,3.89,1.99,0.23,2.39
1997-08-06,600095,11.8,11.35,11.82,11.3,7202,8339000.0,4.41,-3.81,-0.45,1.44
1997-08-07,600095,11.21,11.46,11.49,11.12,9712,10954000.0,3.26,0.97,0.11,1.94
1997-08-08,600095,11.5,11.27,11.6,11.2,10433,11801000.0,3.49,-1.66,-0.19,2.09
1997-08-11,600095,11.2,10.66,11.2,10.5,14615,15712000.0,6.21,-5.41,-0.61,2.92
1997-08-12,600095,10.5,10.36,10.88,10.35,9609,10151000.0,4.97,-2.81,-0.3,1.92
1997-08-13,600095,10.36,10.14,10.68,10.11,6357,6588000.0,5.5,-2.12,-0.22,1.27
1997-08-14,600095,10.13,10.55,10.6,10.13,8479,8749000.0,4.64,4.04,0.41,1.7
1997-08-15,600095,10.66,10.12,10.7,10.01,8031,8201000.0,6.54,-4.08,-0.43,1.61
1997-08-18,600095,10.1,9.7,10.11,9.44,9660,9371000.0,6.62,-4.15,-0.42,1.93
1997-08-19,600095,9.65,9.66,9.99,9.58,4673,4583000.0,4.23,-0.41,-0.04,0.93
1997-08-20,600095,9.7,10.0,10.0,9.7,4214,4164000.0,3.11,3.52,0.34,0.84
1997-08-21,600095,10.12,10.33,10.4,10.0,7974,8117000.0,4.0,3.3,0.33,1.59
1997-08-22,600095,10.3,10.39,10.45,10.1,7486,7684000.0,3.39,0.58,0.06,1.5
1997-08-25,600095,10.3,10.39,10.45,10.1,7486,7684000.0,3.37,0.0,0.0,1.5
1997-08-26,600095,11.43,11.43,11.43,11.43,2109,2410000.0,0.0,10.01,1.04,0.42
1997-08-27,600095,12.57,12.57,12.57,12.57,15576,19580000.0,0.0,9.97,1.14,3.12
1997-08-28,600095,13.83,13.83,13.83,13.21,177869,244577000.0,4.93,10.02,1.26,35.57
1997-08-29,600095,13.83,13.7,14.12,13.32,82267,113130000.0,5.78,-0.94,-0.13,16.45
1997-09-01,600095,13.5,13.28,13.5,13.01,43933,58240000.0,3.58,-3.07,-0.42,8.79
1997-09-02,600095,13.05,13.67,13.79,13.0,31576,42263000.0,5.95,2.94,0.39,6.32
1997-09-03,600095,13.7,13.52,13.7,13.45,19261,26090000.0,1.83,-1.1,-0.15,3.85
1997-09-04,600095,13.5,13.45,13.54,13.3,17574,23633000.0,1.78,-0.52,-0.07,3.51
1997-09-05,600095,13.42,13.54,13.6,13.3,16559,22212000.0,2.23,0.67,0.09,3.31
1997-09-08,600095,13.46,13.2,13.47,13.1,11218,14859000.0,2.73,-2.51,-0.34,2.24
1997-09-09,600095,13.21,13.03,13.45,13.01,7478,9922000.0,3.33,-1.29,-0.17,1.5
1997-09-10,600095,13.03,13.03,13.22,12.8,12994,16785000.0,3.22,0.0,0.0,2.6
1997-09-11,600095,13.1,13.17,13.51,13.03,12585,16597000.0,3.68,1.07,0.14,2.52
1997-09-12,600095,13.17,12.75,13.19,12.71,8318,10725000.0,3.64,-3.19,-0.42,1.66
1997-09-15,600095,12.6,12.14,12.6,12.1,11489,14106000.0,3.92,-4.78,-0.61,2.3
1997-09-16,600095,12.1,12.2,12.4,12.06,6495,7918000.0,2.8,0.49,0.06,1.3
1997-09-17,600095,12.2,11.95,12.3,11.9,6987,8410000.0,3.28,-2.05,-0.25,1.4
1997-09-18,600095,12.01,12.19,12.4,11.98,5158,6297000.0,3.51,2.01,0.24,1.03
1997-09-19,600095,12.3,12.25,12.4,12.15,3794,4658000.0,2.05,0.49,0.06,0.76
1997-09-22,600095,12.25,11.45,12.3,11.4,7814,9175000.0,7.35,-6.53,-0.8,1.56
1997-09-23,600095,11.3,10.5,11.32,10.35,12815,14001000.0,8.47,-8.3,-0.95,2.56
1997-09-24,600095,11.0,11.55,11.55,10.8,15674,17573000.0,7.14,10.0,1.05,3.13
1997-09-25,600095,11.95,12.1,12.58,11.85,26144,31815000.0,6.32,4.76,0.55,5.23
1997-09-26,600095,11.9,11.84,12.01,11.58,12068,14256000.0,3.55,-2.15,-0.26,2.41
1997-09-29,600095,11.4,11.35,11.7,11.35,8938,10256000.0,2.96,-4.14,-0.49,1.79
1997-09-30,600095,11.3,11.6,11.64,11.0,5904,6801000.0,5.64,2.2,0.25,1.18
1997-10-06,600095,11.68,11.56,11.75,11.4,2845,3286000.0,3.02,-0.34,-0.04,0.57
1997-10-07,600095,11.3,11.55,11.6,11.3,2529,2884000.0,2.6,-0.09,-0.01,0.51
1997-10-08,600095,11.85,11.99,12.26,11.7,8064,9663000.0,4.85,3.81,0.44,1.61
1997-10-09,600095,12.05,11.73,12.06,11.7,3785,4478000.0,3.0,-2.17,-0.26,0.76
1997-10-10,600095,11.7,11.83,11.9,11.59,3079,3633000.0,2.64,0.85,0.1,0.62
1997-10-13,600095,11.85,11.62,11.95,11.52,3432,4010000.0,3.63,-1.78,-0.21,0.69
1997-10-14,600095,11.6,11.6,11.65,11.4,3263,3750000.0,2.15,-0.17,-0.02,0.65
1997-10-15,600095,11.6,11.78,11.98,11.5,2388,2793000.0,4.14,1.55,0.18,0.48
1997-10-16,600095,11.9,12.25,12.44,11.82,17015,20864000.0,5.26,3.99,0.47,3.4
1997-10-17,600095,12.45,12.63,12.85,12.38,22552,28541000.0,3.84,3.1,0.38,4.51
1997-10-20,600095,12.7,12.61,12.9,12.4,16802,21319000.0,3.96,-0.16,-0.02,3.36
1997-10-21,600095,12.61,12.9,12.96,12.36,14626,18503000.0,4.76,2.3,0.29,2.93
1997-10-22,600095,12.9,12.5,12.98,12.39,18639,23660000.0,4.57,-3.1,-0.4,3.73
1997-10-23,600095,12.45,12.48,12.75,12.1,12334,15347000.0,5.2,-0.16,-0.02,2.47
1997-10-24,600095,12.48,12.79,12.89,12.41,15638,19952000.0,3.85,2.48,0.31,3.13
1997-10-27,600095,12.81,13.39,13.48,12.81,28120,37278000.0,5.24,4.69,0.6,5.62
1997-10-28,600095,13.39,12.54,13.49,12.3,17298,22254000.0,8.89,-6.35,-0.85,3.46
1997-10-29,600095,12.4,12.6,12.65,12.21,12878,16020000.0,3.51,0.48,0.06,2.58
1997-10-30,600095,12.65,12.75,13.4,12.65,25820,33843000.0,5.95,1.19,0.15,5.16
1997-10-31,600095,12.6,12.83,12.87,12.4,9550,12031000.0,3.69,0.63,0.08,1.91
1997-11-03,600095,12.8,12.58,12.88,12.52,5002,6328000.0,2.81,-1.95,-0.25,1.0
1997-11-04,600095,12.5,12.52,12.58,12.48,5715,7151000.0,0.79,-0.48,-0.06,1.14
1997-11-05,600095,12.52,12.8,12.98,12.5,3483,4375486.0,3.83,2.24,0.28,0.7
1997-11-06,600095,12.82,12.6,13.12,12.6,11112,14346000.0,4.06,-1.56,-0.2,2.22
1997-11-07,600095,12.71,12.97,13.1,12.56,12194,15721000.0,4.29,2.94,0.37,2.44
1997-11-10,600095,14.2,14.27,14.27,14.06,38282,54618000.0,1.62,10.02,1.3,7.66
1997-11-11,600095,15.49,14.68,15.58,14.6,180207,271267000.0,6.87,2.87,0.41,36.04
1997-11-12,600095,14.52,15.7,16.15,14.31,125674,194957000.0,12.53,6.95,1.02,25.13
1997-11-13,600095,15.6,15.68,15.9,15.0,69081,106613000.0,5.73,-0.13,-0.02,13.82
1997-11-14,600095,15.59,15.3,15.85,15.2,39781,61739000.0,4.15,-2.42,-0.38,7.96
1997-11-17,600095,15.5,14.9,15.5,14.8,24681,37286000.0,4.58,-2.61,-0.4,4.94
1997-11-18,600095,14.8,14.95,15.29,14.5,22673,33725000.0,5.3,0.34,0.05,4.53
1997-11-19,600095,14.96,14.8,15.18,14.62,10682,15944000.0,3.75,-1.0,-0.15,2.14
1997-11-20,600095,14.78,14.34,14.8,14.3,21306,30904000.0,3.38,-3.11,-0.46,4.26
1997-11-21,600095,14.18,14.16,14.4,14.02,19870,28252000.0,2.65,-1.26,-0.18,3.97
1997-11-24,600095,14.0,14.17,14.5,13.83,14717,20930000.0,4.73,0.07,0.01,2.94
1997-11-25,600095,14.1,14.66,14.69,14.0,13496,19417000.0,4.87,3.46,0.49,2.7
1997-11-26,600095,14.75,14.65,14.85,14.41,8985,13129000.0,3.0,-0.07,-0.01,1.8
1997-11-27,600095,14.55,14.17,14.63,14.02,11047,15818000.0,4.16,-3.28,-0.48,2.21
1997-11-28,600095,14.05,14.55,14.59,13.95,9714,13852000.0,4.52,2.68,0.38,1.94
1997-12-01,600095,14.55,14.78,14.88,14.36,9004,13160000.0,3.57,1.58,0.23,1.8
1997-12-02,600095,14.77,14.98,15.45,14.62,20793,31461000.0,5.62,1.35,0.2,4.16
1997-12-03,600095,14.96,14.98,15.1,14.8,8784,13175000.0,2.0,0.0,0.0,1.76
1997-12-04,600095,15.01,15.36,15.67,14.95,19092,29362000.0,4.81,2.54,0.38,3.82
1997-12-05,600095,15.5,14.93,15.62,14.91,15072,23174000.0,4.62,-2.8,-0.43,3.01
1997-12-08,600095,15.1,15.4,15.58,15.1,12306,18962000.0,3.22,3.15,0.47,2.46
1997-12-09,600095,15.4,15.57,15.68,15.38,12881,20020000.0,1.95,1.1,0.17,2.58
1997-12-10,600095,15.7,15.55,15.85,15.45,13030,20417000.0,2.57,-0.13,-0.02,2.61
1997-12-11,600095,15.5,15.4,15.65,15.14,12903,19719000.0,3.28,-0.96,-0.15,2.58
1997-12-12,600095,15.5,15.79,16.15,15.4,31033,49288000.0,4.87,2.53,0.39,6.21
1997-12-15,600095,16.14,17.1,17.35,16.02,45685,77224000.0,8.42,8.3,1.31,9.14
1997-12-16,600095,16.6,16.25,16.9,16.05,81143,132740000.0,4.97,-4.97,-0.85,16.23
1997-12-17,600095,16.0,16.02,16.66,15.5,55136,87788000.0,7.14,-1.42,-0.23,11.03
1997-12-18,600095,15.96,15.88,16.2,15.82,18526,29716000.0,2.37,-0.87,-0.14,3.71
1997-12-19,600095,15.88,16.0,16.2,15.5,21805,34488000.0,4.41,0.76,0.12,4.36
1997-12-22,600095,15.98,16.5,16.8,15.65,29821,48762000.0,7.19,3.13,0.5,5.96
1997-12-23,600095,16.6,16.3,16.8,16.2,19775,32544000.0,3.64,-1.21,-0.2,3.96
1997-12-24,600095,16.29,16.0,16.48,15.8,15097,24465000.0,4.17,-1.84,-0.3,3.02
1997-12-25,600095,15.8,16.0,16.1,15.8,18739,29837000.0,1.88,0.0,0.0,3.75
1997-12-26,600095,16.05,16.18,16.73,16.05,18018,29655000.0,4.25,1.13,0.18,3.6
1997-12-29,600095,16.15,15.86,16.3,15.8,13459,21477000.0,3.09,-1.98,-0.32,2.69
1997-12-30,600095,15.86,16.39,16.48,15.86,11590,18845000.0,3.91,3.34,0.53,2.32
1997-12-31,600095,16.51,16.89,17.16,16.4,30304,50980000.0,4.64,3.05,0.5,6.06
1998-01-05,600095,17.01,17.5,17.8,17.01,30163,52943000.0,4.68,3.61,0.61,6.03
1998-01-06,600095,17.6,17.35,17.69,17.1,24179,41938000.0,3.37,-0.86,-0.15,4.84
1998-01-07,600095,17.18,17.88,17.98,17.02,19593,34188000.0,5.53,3.05,0.53,3.92
1998-01-08,600095,17.82,17.7,18.25,17.5,14300,25494000.0,4.19,-1.01,-0.18,2.86
1998-01-09,600095,17.6,17.35,17.6,17.0,19405,33465000.0,3.39,-1.98,-0.35,3.88
1998-01-12,600095,17.09,16.9,17.58,16.9,17001,29171000.0,3.92,-2.59,-0.45,3.4
1998-01-13,600095,16.5,15.75,16.5,15.21,35264,55292000.0,7.63,-6.8,-1.15,7.05
1998-01-14,600095,15.8,16.0,16.3,15.8,19290,30921000.0,3.17,1.59,0.25,3.86
1998-01-15,600095,16.01,16.1,16.4,15.8,11885,19091000.0,3.75,0.63,0.1,2.38
1998-01-16,600095,16.1,16.25,16.49,15.94,9271,15050000.0,3.42,0.93,0.15,1.85
1998-01-19,600095,16.1,15.94,16.24,15.85,10300,16407000.0,2.4,-1.91,-0.31,2.06
1998-01-20,600095,15.98,15.54,16.0,15.3,9410,14709000.0,4.39,-2.51,-0.4,1.88
1998-01-21,600095,15.5,15.5,15.65,15.4,6487,10063000.0,1.61,-0.26,-0.04,1.3
1998-01-22,600095,15.5,16.1,16.15,15.5,6452,10293000.0,4.19,3.87,0.6,1.29
1998-01-23,600095,16.28,16.18,16.28,16.09,6145,9918000.0,1.18,0.5,0.08,1.23
1998-02-09,600095,16.66,16.34,16.88,16.26,6766,11168000.0,3.83,0.99,0.16,1.35
1998-02-10,600095,16.32,15.84,16.32,15.8,5782,9198000.0,3.18,-3.06,-0.5,1.16
1998-02-11,600095,15.6,15.93,15.99,15.6,5024,7917000.0,2.46,0.57,0.09,1.0
1998-02-12,600095,16.0,15.8,16.0,15.6,3330,5257000.0,2.51,-0.82,-0.13,0.67
1998-02-13,600095,15.8,15.9,15.98,15.66,3834,6063000.0,2.03,0.63,0.1,0.77
1998-02-16,600095,15.6,15.48,15.9,15.45,6682,10421000.0,2.83,-2.64,-0.42,1.34
1998-02-17,600095,15.3,15.58,15.7,15.3,3668,5688000.0,2.58,0.65,0.1,0.73
1998-02-18,600095,15.7,15.32,15.77,15.25,4665,7183000.0,3.34,-1.67,-0.26,0.93
1998-02-19,600095,15.35,15.25,15.5,15.1,6010,9165000.0,2.61,-0.46,-0.07,1.2
1998-02-20,600095,15.25,15.3,15.72,15.25,3643,5626000.0,3.08,0.33,0.05,0.73
1998-02-23,600095,15.01,14.74,15.13,14.65,7358,10870000.0,3.14,-3.66,-0.56,1.47
1998-02-24,600095,14.9,14.28,14.9,14.1,8077,11659000.0,5.43,-3.12,-0.46,1.62
1998-02-25,600095,14.02,14.08,14.21,14.0,7183,10141000.0,1.47,-1.4,-0.2,1.44
1998-02-26,600095,14.2,15.05,15.29,14.05,10619,15630000.0,8.81,6.89,0.97,2.12
1998-02-27,600095,15.2,14.66,15.25,14.6,5342,7923000.0,4.32,-2.59,-0.39,1.07
1998-03-02,600095,14.0,14.03,14.4,13.51,7030,9926000.0,6.07,-4.3,-0.63,1.41
1998-03-03,600095,13.98,14.4,14.45,13.78,3911,5528000.0,4.78,2.64,0.37,0.78
1998-03-04,600095,14.4,14.2,14.46,14.08,2769,3941000.0,2.64,-1.39,-0.2,0.55
1998-03-05,600095,14.4,14.38,14.71,14.38,3155,4568000.0,2.32,1.27,0.18,0.63
1998-03-06,600095,14.3,14.24,14.4,14.1,2287,3249000.0,2.09,-0.97,-0.14,0.46
1998-03-09,600095,14.2,13.92,14.2,13.88,4291,5985000.0,2.25,-2.25,-0.32,0.86
1998-03-10,600095,13.88,14.06,14.18,13.6,4000,5512000.0,4.17,1.01,0.14,0.8
1998-03-11,600095,14.0,14.07,14.6,13.86,4059,5784000.0,5.26,0.07,0.01,0.81
1998-03-12,600095,13.97,14.05,14.11,13.88,2438,3416000.0,1.63,-0.14,-0.02,0.49
1998-03-13,600095,14.03,14.2,14.4,14.0,3623,5173000.0,2.85,1.07,0.15,0.72
1998-03-16,600095,14.37,14.75,14.76,14.31,7366,10785000.0,3.17,3.87,0.55,1.47
1998-03-17,600095,14.75,14.69,14.85,14.5,4772,6987000.0,2.37,-0.41,-0.06,0.95
1998-03-18,600095,14.75,14.25,14.75,14.21,3977,5746000.0,3.68,-3.0,-0.44,0.8
1998-03-19,600095,14.2,14.52,14.58,14.09,3265,4662639.0,3.44,1.89,0.27,0.65
1998-03-20,600095,14.2,14.29,14.5,14.0,2089,2994000.0,3.44,-1.58,-0.23,0.42
1998-03-23,600095,13.6,13.76,14.2,13.6,18352,25379000.0,4.2,-3.71,-0.53,3.67
1998-03-24,600095,13.7,14.11,14.16,13.5,11309,15675000.0,4.8,2.54,0.35,2.26
1998-03-25,600095,14.3,14.4,15.0,14.15,18768,27408000.0,6.02,2.06,0.29,3.75
1998-03-26,600095,14.4,14.36,14.76,14.33,7020,10192000.0,2.99,-0.28,-0.04,1.4
1998-03-27,600095,14.36,14.9,15.07,14.1,20000,29285000.0,6.75,3.76,0.54,4.0
1998-03-30,600095,15.08,15.37,15.8,15.01,20867,32155000.0,5.3,3.15,0.47,4.17
1998-03-31,600095,15.35,14.93,15.4,14.85,11884,17906000.0,3.58,-2.86,-0.44,2.38
1998-04-01,600095,14.9,15.14,15.7,14.7,9944,15095000.0,6.7,1.41,0.21,1.99
1998-04-02,600095,15.13,14.9,15.45,14.88,13934,20905000.0,3.76,-1.59,-0.24,2.79
1998-04-03,600095,14.83,14.7,14.85,14.6,9280,13631000.0,1.68,-1.34,-0.2,1.86
1998-04-06,600095,14.51,14.74,14.95,14.26,12435,18066000.0,4.69,0.27,0.04,2.49
1998-04-07,600095,14.9,14.61,14.91,14.5,7681,11233000.0,2.78,-0.88,-0.13,1.54
1998-04-08,600095,14.6,15.25,15.28,14.38,11883,17476000.0,6.16,4.38,0.64,2.38
1998-04-09,600095,15.25,14.7,15.3,14.6,10966,16329000.0,4.59,-3.61,-0.55,2.19
1998-04-10,600095,14.62,14.89,15.18,14.5,8071,12024000.0,4.63,1.29,0.19,1.61
1998-04-13,600095,14.95,15.22,15.5,14.95,22010,33642000.0,3.69,2.22,0.33,4.4
1998-04-14,600095,15.22,15.18,15.49,15.01,12399,18896000.0,3.15,-0.26,-0.04,2.48
1998-04-15,600095,15.25,15.56,15.6,15.15,19305,29623000.0,2.96,2.5,0.38,3.86
1998-04-16,600095,15.8,15.68,16.2,15.61,45692,72974000.0,3.79,0.77,0.12,9.14
1998-04-17,600095,15.6,15.02,15.73,14.9,13306,20339000.0,5.29,-4.21,-0.66,2.66
1998-04-20,600095,14.8,14.85,15.27,14.7,6087,9102000.0,3.79,-1.13,-0.17,1.22
1998-04-21,600095,14.85,14.85,15.22,14.7,5806,8643000.0,3.5,0.0,0.0,1.16
1998-04-22,600095,14.73,15.39,15.5,14.73,8832,13376000.0,5.19,3.64,0.54,1.77
1998-04-23,600095,15.6,15.28,15.8,15.23,13371,20745000.0,3.7,-0.71,-0.11,2.67
1998-04-24,600095,15.3,15.13,15.45,15.1,7928,12060000.0,2.29,-0.98,-0.15,1.59
1998-04-27,600095,15.1,15.09,15.35,14.95,7897,11895000.0,2.64,-0.26,-0.04,1.58
1998-04-29,600095,15.32,15.7,15.8,15.31,12763,19911000.0,3.25,4.04,0.61,2.55
1998-04-30,600095,15.83,15.88,16.0,15.58,20487,32433000.0,2.68,1.15,0.18,4.1
1998-05-04,600095,16.11,16.04,16.47,16.0,23499,38117000.0,2.96,1.01,0.16,4.7
1998-05-05,600095,16.1,15.95,16.15,15.8,10483,16664000.0,2.18,-0.56,-0.09,2.1
1998-05-06,600095,15.95,15.68,15.95,15.58,8389,13171000.0,2.32,-1.69,-0.27,1.68
1998-05-07,600095,15.67,15.2,15.7,15.15,8874,13768000.0,3.51,-3.06,-0.48,1.77
1998-05-08,600095,15.12,15.65,15.68,15.12,10292,15776000.0,3.68,2.96,0.45,2.06
1998-05-11,600095,15.85,15.37,15.88,15.28,9571,14773000.0,3.83,-1.79,-0.28,1.91
1998-05-12,600095,15.31,15.43,15.78,15.2,5975,9241000.0,3.77,0.39,0.06,1.2
1998-05-13,600095,15.45,15.54,15.92,15.45,9590,15047000.0,3.05,0.71,0.11,1.92
1998-05-14,600095,15.58,15.63,16.0,15.52,9354,14728000.0,3.09,0.58,0.09,1.87
1998-05-15,600095,16.0,15.5,16.0,15.4,6126,9572000.0,3.84,-0.83,-0.13,1.23
1998-05-18,600095,15.5,15.32,15.6,15.3,5576,8575000.0,1.94,-1.16,-0.18,1.12
1998-05-19,600095,15.4,15.15,15.47,15.08,6164,9345000.0,2.55,-1.11,-0.17,1.23
1998-05-20,600095,15.1,14.91,15.18,14.88,7509,11272000.0,1.98,-1.58,-0.24,1.5
1998-05-21,600095,14.85,15.19,15.27,14.8,5740,8617000.0,3.15,1.88,0.28,1.15
1998-05-22,600095,15.23,15.12,15.38,15.02,8099,12324000.0,2.37,-0.46,-0.07,1.62
1998-05-25,600095,15.3,15.98,16.0,15.3,19149,30022000.0,4.63,5.69,0.86,3.83
1998-05-26,600095,16.1,15.8,16.18,15.62,13081,20708000.0,3.5,-1.13,-0.18,2.62
1998-05-27,600095,15.8,15.6,15.94,15.56,7459,11695000.0,2.41,-1.27,-0.2,1.49
1998-05-28,600095,15.8,15.5,15.85,15.39,7913,12305000.0,2.95,-0.64,-0.1,1.58
1998-05-29,600095,15.6,15.87,16.09,15.48,14668,23184000.0,3.94,2.39,0.37,2.93
1998-06-01,600095,16.01,16.25,16.5,15.84,33704,54853000.0,4.16,2.39,0.38,6.74
1998-06-02,600095,16.35,16.1,16.5,16.01,12760,20625000.0,3.02,-0.92,-0.15,2.55
1998-06-03,600095,16.2,16.8,16.85,16.16,31527,52451000.0,4.29,4.35,0.7,6.31
1998-06-04,600095,17.0,16.52,17.0,16.45,15036,25038000.0,3.27,-1.67,-0.28,3.01
1998-06-05,600095,16.5,16.69,16.84,16.05,23813,39302000.0,4.78,1.03,0.17,4.76
1998-06-08,600095,16.74,16.4,16.8,16.35,10388,17137000.0,2.7,-1.74,-0.29,2.08
1998-06-09,600095,16.35,15.9,16.35,15.7,12576,20104000.0,3.96,-3.05,-0.5,2.52
1998-06-10,600095,15.99,16.2,16.5,15.8,14969,24278000.0,4.4,1.89,0.3,2.99
1998-06-11,600095,16.0,15.7,16.2,15.68,5542,8822000.0,3.21,-3.09,-0.5,1.11
1998-06-12,600095,15.97,16.16,16.25,15.81,9962,15992000.0,2.8,2.93,0.46,1.99
1998-06-15,600095,16.29,16.4,16.5,16.19,13106,21432000.0,1.92,1.49,0.24,2.62
1998-06-16,600095,16.35,16.2,16.38,15.8,6568,10569000.0,3.54,-1.22,-0.2,1.31
1998-06-17,600095,16.28,15.9,16.38,15.8,3544,5687000.0,3.58,-1.85,-0.3,0.71
1998-06-18,600095,16.0,16.11,16.2,15.9,5214,8354000.0,1.89,1.32,0.21,1.04
1998-06-19,600095,16.2,16.4,16.45,16.0,7236,11757000.0,2.79,1.8,0.29,1.45
1998-06-22,600095,16.55,16.7,16.75,16.36,14458,24024000.0,2.38,1.83,0.3,2.89
1998-06-23,600095,16.9,16.93,17.03,16.55,11848,19512000.0,2.87,1.38,0.23,2.37
1998-06-24,600095,17.05,17.02,17.5,16.97,17932,30397000.0,3.13,0.53,0.09,3.59
1998-06-25,600095,17.0,16.64,17.01,16.6,7838,12864000.0,2.41,-2.23,-0.38,1.57
1998-06-26,600095,16.65,16.55,16.8,16.45,5079,8255000.0,2.1,-0.54,-0.09,1.02
1998-06-29,600095,16.55,16.3,16.63,16.15,4905,7901000.0,2.9,-1.51,-0.25,0.98
1998-06-30,600095,16.25,15.8,16.27,15.75,4530,7087000.0,3.19,-3.07,-0.5,0.91
1998-07-01,600095,16.32,15.48,16.32,15.35,6554,10064000.0,6.14,-2.03,-0.32,1.31
1998-07-02,600095,15.37,15.6,15.74,15.35,4897,7411000.0,2.52,0.78,0.12,0.98
1998-07-03,600095,15.65,15.66,16.35,15.61,3300,5104000.0,4.74,0.38,0.06,0.66
1998-07-06,600095,15.64,15.2,15.75,15.15,4635,6956000.0,3.83,-2.94,-0.46,0.93
1998-07-07,600095,15.15,15.12,15.25,14.93,4539,6668000.0,2.11,-0.53,-0.08,0.91
1998-07-08,600095,15.15,15.17,15.43,15.15,2514,3750000.0,1.85,0.33,0.05,0.5
1998-07-09,600095,15.35,15.24,15.45,15.15,2865,4262000.0,1.98,0.46,0.07,0.57
1998-07-10,600095,15.3,15.6,15.7,15.18,3887,5857000.0,3.41,2.36,0.36,0.78
1998-07-13,600095,15.6,15.41,15.6,15.25,3856,5774000.0,2.24,-1.22,-0.19,0.77
1998-07-14,600095,15.4,15.0,15.4,14.96,4870,7175000.0,2.86,-2.66,-0.41,0.97
1998-07-15,600095,14.95,14.96,15.1,14.85,3532,5144000.0,1.67,-0.27,-0.04,0.71
1998-07-16,600095,14.9,14.55,14.96,14.45,4347,6238000.0,3.41,-2.74,-0.41,0.87
1998-07-17,600095,14.5,14.53,14.74,14.49,3932,5589000.0,1.72,-0.14,-0.02,0.79
1998-07-20,600095,14.51,14.07,14.55,14.05,3544,4929000.0,3.44,-3.17,-0.46,0.71
1998-07-21,600095,14.05,14.55,14.86,13.98,2614,3664000.0,6.25,3.41,0.48,0.52
1998-07-22,600095,14.57,14.19,14.57,14.15,1974,2756000.0,2.89,-2.47,-0.36,0.39
1998-07-23,600095,14.19,14.33,14.49,14.19,2237,3118000.0,2.11,0.99,0.14,0.45
1998-07-24,600095,14.4,14.55,14.77,14.39,2839,4053000.0,2.65,1.54,0.22,0.57
1998-07-27,600095,14.73,14.4,14.73,14.3,2804,3943000.0,2.96,-1.03,-0.15,0.56
1998-07-28,600095,14.44,14.29,14.45,14.2,2420,3375000.0,1.74,-0.76,-0.11,0.48
1998-07-29,600095,14.35,14.49,14.51,14.25,1682,2353000.0,1.82,1.4,0.2,0.34
1998-07-30,600095,14.45,14.35,14.46,14.3,1960,2745000.0,1.1,-0.97,-0.14,0.39
1998-07-31,600095,14.37,14.27,14.45,14.21,2195,3060000.0,1.67,-0.56,-0.08,0.44
1998-08-03,600095,14.35,14.1,14.36,14.05,2319,3200000.0,2.17,-1.19,-0.17,0.46
1998-08-04,600095,13.95,13.96,14.1,13.78,3318,4516000.0,2.27,-0.99,-0.14,0.66
1998-08-05,600095,14.03,13.96,14.2,13.83,3073,4182000.0,2.65,0.0,0.0,0.61
1998-08-06,600095,14.15,13.97,14.24,13.85,2812,3860000.0,2.79,0.07,0.01,0.56
1998-08-07,600095,13.97,13.82,14.0,13.63,2798,3775000.0,2.65,-1.07,-0.15,0.56
1998-08-10,600095,13.55,13.28,13.61,13.25,3494,4548000.0,2.6,-3.91,-0.54,0.7
1998-08-11,600095,13.3,12.82,13.37,12.67,3295,4194000.0,5.27,-3.46,-0.46,0.66
1998-08-12,600095,11.85,12.05,12.35,11.57,7484,8595000.0,6.08,-6.01,-0.77,1.5
1998-08-13,600095,11.97,12.6,12.73,11.87,9908,12006000.0,7.14,4.56,0.55,1.98
1998-08-14,600095,12.39,12.1,12.53,12.03,5014,5970000.0,3.97,-3.97,-0.5,1.0
1998-08-17,600095,11.87,10.93,11.87,10.93,6557,7203000.0,7.77,-9.67,-1.17,1.31
1998-08-18,600095,10.75,10.81,11.44,10.44,5186,5520000.0,9.15,-1.1,-0.12,1.04
1998-08-19,600095,10.85,11.37,11.41,10.84,5362,5834000.0,5.27,5.18,0.56,1.07
1998-08-20,600095,11.43,11.54,11.59,11.15,7686,8512000.0,3.87,1.5,0.17,1.54
1998-08-21,600095,11.53,11.75,11.75,11.35,6924,7813000.0,3.47,1.82,0.21,1.38
1998-08-24,600095,11.75,12.1,12.52,11.65,8030,9456000.0,7.4,2.98,0.35,1.61
1998-08-25,600095,12.03,12.14,12.24,11.85,4208,4904000.0,3.22,0.33,0.04,0.84
1998-08-26,600095,11.95,11.85,12.15,11.85,3696,4300000.0,2.47,-2.39,-0.29,0.74
1998-08-27,600095,11.66,11.61,11.76,11.53,3154,3562000.0,1.94,-2.03,-0.24,0.63
1998-08-28,600095,11.48,11.46,11.7,11.4,2293,2562000.0,2.58,-1.29,-0.15,0.46
1998-08-31,600095,11.3,11.8,11.8,10.66,3619,3889000.0,9.95,2.97,0.34,0.72
1998-09-01,600095,11.55,11.53,11.85,11.45,3253,3675000.0,3.39,-2.29,-0.27,0.65
1998-09-02,600095,11.36,11.45,11.65,11.2,1814,2017000.0,3.9,-0.69,-0.08,0.36
1998-09-03,600095,11.33,11.66,11.75,11.33,2182,2459000.0,3.67,1.83,0.21,0.44
1998-09-04,600095,11.7,11.99,12.05,11.68,5589,6494000.0,3.17,2.83,0.33,1.12
1998-09-07,600095,12.1,12.29,12.3,12.07,6231,7406000.0,1.92,2.5,0.3,1.25
1998-09-08,600095,12.36,12.0,12.4,11.99,4580,5423000.0,3.34,-2.36,-0.29,0.92
1998-09-09,600095,11.95,12.55,12.55,11.85,8675,10368000.0,5.83,4.58,0.55,1.74
1998-09-10,600095,12.65,13.0,13.3,12.65,19429,24667000.0,5.18,3.59,0.45,3.89
1998-09-11,600095,13.0,13.13,13.19,12.83,10317,13107000.0,2.77,1.0,0.13,2.06
1998-09-14,600095,13.13,13.3,13.58,13.13,11140,14544000.0,3.43,1.29,0.17,2.23
1998-09-15,600095,13.29,13.0,13.29,12.95,7349,9382000.0,2.56,-2.26,-0.3,1.47
1998-09-16,600095,12.92,13.01,13.03,12.65,7492,9334000.0,2.92,0.08,0.01,1.5
1998-09-17,600095,13.07,12.7,13.3,12.65,7171,9054000.0,5.0,-2.38,-0.31,1.43
1998-09-18,600095,12.65,12.43,12.68,12.34,8055,9750000.0,2.68,-2.13,-0.27,1.61
1998-09-21,600095,12.35,12.68,12.68,12.25,3717,4504000.0,3.46,2.01,0.25,0.74
1998-09-22,600095,12.65,12.53,12.7,12.45,2541,3104000.0,1.97,-1.18,-0.15,0.51
1998-09-23,600095,12.6,12.68,13.05,12.6,4493,5585000.0,3.59,1.2,0.15,0.9
1998-09-24,600095,12.73,12.38,12.8,12.35,3415,4168000.0,3.55,-2.37,-0.3,0.68
1998-09-25,600095,12.35,12.85,12.94,12.35,4339,5345000.0,4.77,3.8,0.47,0.87
1998-09-28,600095,12.85,12.8,13.21,12.8,5341,6778000.0,3.19,-0.39,-0.05,1.07
1998-09-29,600095,12.85,12.97,13.0,12.82,3869,4855000.0,1.41,1.33,0.17,0.77
1998-09-30,600095,13.05,13.28,13.33,13.05,9561,12335000.0,2.16,2.39,0.31,1.91
1998-10-05,600095,13.36,13.18,13.46,13.15,4709,6084000.0,2.33,-0.75,-0.1,0.94
1998-10-06,600095,13.15,12.83,13.15,12.8,3101,3897000.0,2.66,-2.66,-0.35,0.62
1998-10-07,600095,12.8,12.74,12.95,12.65,1792,2229000.0,2.34,-0.7,-0.09,0.36
1998-10-08,600095,12.76,12.85,12.9,12.7,1756,2184000.0,1.57,0.86,0.11,0.35
1998-10-09,600095,12.87,12.94,13.0,12.76,2594,3248000.0,1.87,0.7,0.09,0.52
1998-10-12,600095,12.85,12.78,12.94,12.6,2658,3290000.0,2.63,-1.24,-0.16,0.53
1998-10-13,600095,12.85,13.1,13.45,12.8,8108,10440000.0,5.09,2.5,0.32,1.62
1998-10-14,600095,13.1,13.12,13.27,12.93,3067,3898000.0,2.6,0.15,0.02,0.61
1998-10-15,600095,13.2,13.85,13.85,13.13,21283,28177000.0,5.49,5.56,0.73,4.26
1998-10-16,600095,13.85,13.51,13.95,13.5,11134,14870000.0,3.25,-2.45,-0.34,2.23
1998-10-19,600095,13.65,13.58,13.85,13.5,4334,5746000.0,2.59,0.52,0.07,0.87
1998-10-20,600095,13.6,13.66,13.85,13.55,5636,7531000.0,2.21,0.59,0.08,1.13
1998-10-21,600095,13.6,13.03,13.7,13.01,8577,11052000.0,5.05,-4.61,-0.63,1.72
1998-10-22,600095,13.0,13.13,13.13,12.7,6037,7571000.0,3.3,0.77,0.1,1.21
1998-10-23,600095,13.05,12.9,13.16,12.85,4682,5941000.0,2.36,-1.75,-0.23,0.94
1998-10-26,600095,12.8,12.75,12.8,12.51,4455,5465000.0,2.25,-1.16,-0.15,0.89
1998-10-27,600095,12.6,12.9,12.9,12.55,3178,3925000.0,2.75,1.18,0.15,0.64
1998-10-28,600095,12.91,13.05,13.1,12.83,2420,3044000.0,2.09,1.16,0.15,0.48
1998-10-29,600095,13.0,12.95,13.1,12.83,2527,3177000.0,2.07,-0.77,-0.1,0.51
1998-10-30,600095,12.95,13.1,13.25,12.95,3386,4326000.0,2.32,1.16,0.15,0.68
1998-11-02,600095,13.05,13.52,13.52,13.05,6050,7860000.0,3.59,3.21,0.42,1.21
1998-11-03,600095,13.53,13.55,13.6,13.35,5626,7395000.0,1.85,0.22,0.03,1.13
1998-11-04,600095,13.56,13.23,13.6,13.15,4483,5820000.0,3.32,-2.36,-0.32,0.9
1998-11-05,600095,13.2,13.55,13.56,13.2,6439,8420000.0,2.72,2.42,0.32,1.29
1998-11-06,600095,13.6,13.5,13.94,13.46,12912,17300000.0,3.54,-0.37,-0.05,2.58
1998-11-09,600095,13.48,13.75,13.75,13.37,7957,10468000.0,2.81,1.85,0.25,1.59
1998-11-10,600095,13.53,13.97,13.99,13.53,13776,18571000.0,3.35,1.6,0.22,2.76
1998-11-11,600095,13.97,13.85,14.08,13.77,9892,13446000.0,2.22,-0.86,-0.12,1.98
1998-11-12,600095,13.9,13.69,13.95,13.66,6357,8526000.0,2.09,-1.16,-0.16,1.27
1998-11-13,600095,13.7,13.83,13.85,13.65,5710,7657000.0,1.46,1.02,0.14,1.14
1998-11-16,600095,13.85,14.04,14.1,13.75,7106,9673000.0,2.53,1.52,0.21,1.42
1998-11-17,600095,14.04,13.83,14.04,13.8,3746,5063000.0,1.71,-1.5,-0.21,0.75
1998-11-18,600095,13.76,13.75,13.84,13.63,5363,7151000.0,1.52,-0.58,-0.08,1.07
1998-11-19,600095,13.65,13.62,13.8,13.55,3260,4342000.0,1.82,-0.95,-0.13,0.65
1998-11-20,600095,13.55,13.47,13.61,13.43,3766,4962000.0,1.32,-1.1,-0.15,0.75
1998-11-23,600095,13.38,13.44,13.51,13.37,2073,2712000.0,1.04,-0.22,-0.03,0.41
1998-11-24,600095,13.45,13.45,13.55,13.4,2874,3768000.0,1.12,0.07,0.01,0.57
1998-11-25,600095,13.5,13.25,13.5,13.25,3689,4816000.0,1.86,-1.49,-0.2,0.74
1998-11-26,600095,13.23,13.1,13.3,13.1,3387,4352000.0,1.51,-1.13,-0.15,0.68
1998-11-27,600095,13.09,12.9,13.19,12.85,2816,3575000.0,2.6,-1.53,-0.2,0.56
1998-11-30,600095,12.85,12.86,13.07,12.63,3488,4370000.0,3.41,-0.31,-0.04,0.7
1998-12-01,600095,12.95,12.87,13.0,12.84,1701,2132000.0,1.24,0.08,0.01,0.34
1998-12-02,600095,12.83,12.77,12.83,12.65,1623,2009000.0,1.4,-0.78,-0.1,0.32
1998-12-03,600095,12.75,12.7,12.81,12.65,1886,2332000.0,1.25,-0.55,-0.07,0.38
1998-12-04,600095,12.69,12.65,12.78,12.64,1762,2174000.0,1.1,-0.39,-0.05,0.35
1998-12-07,600095,12.75,12.4,13.03,12.4,1217,1502000.0,4.98,-1.98,-0.25,0.24
1998-12-08,600095,12.4,12.63,12.7,12.4,1062,1296000.0,2.42,1.85,0.23,0.21
1998-12-09,600095,12.85,12.75,12.85,12.65,889,1102000.0,1.58,0.95,0.12,0.18
1998-12-10,600095,12.75,12.74,12.75,12.63,1200,1480000.0,0.94,-0.08,-0.01,0.24
1998-12-11,600095,12.65,12.8,13.3,12.65,1321,1670000.0,5.1,0.47,0.06,0.26
1998-12-14,600095,12.41,12.61,12.95,12.41,391,480000.0,4.22,-1.48,-0.19,0.08
1998-12-15,600095,12.46,12.62,12.84,12.43,1247,1525000.0,3.25,0.08,0.01,0.25
1998-12-16,600095,12.48,12.63,12.83,12.48,741,914000.0,2.77,0.08,0.01,0.15
1998-12-17,600095,12.75,12.39,12.75,12.37,1379,1670000.0,3.01,-1.9,-0.24,0.28
1998-12-18,600095,12.38,12.37,12.52,12.2,1789,2141000.0,2.58,-0.16,-0.02,0.36
1998-12-21,600095,12.33,12.25,12.45,12.23,1023,1223000.0,1.78,-0.97,-0.12,0.2
1998-12-22,600095,12.25,12.64,12.74,12.25,1246,1507000.0,4.0,3.18,0.39,0.25
1998-12-23,600095,12.71,12.45,12.71,12.45,738,897000.0,2.06,-1.5,-0.19,0.15
1998-12-24,600095,12.36,12.53,12.55,12.35,765,921000.0,1.61,0.64,0.08,0.15
1998-12-25,600095,13.23,12.67,13.23,12.55,2243,2786000.0,5.43,1.12,0.14,0.45
1998-12-28,600095,12.63,12.43,12.65,12.43,707,858000.0,1.74,-1.89,-0.24,0.14
1998-12-29,600095,12.36,12.25,12.45,12.21,1272,1522000.0,1.93,-1.45,-0.18,0.25
1998-12-30,600095,12.35,12.3,12.4,12.08,1541,1832000.0,2.61,0.41,0.05,0.31
1998-12-31,600095,12.35,12.35,12.55,12.25,1001,1201000.0,2.44,0.41,0.05,0.2
1999-01-04,600095,12.41,12.06,12.41,11.9,802,943000.0,4.13,-2.35,-0.29,0.16
1999-01-05,600095,11.94,11.9,12.09,11.8,1374,1594000.0,2.4,-1.33,-0.16,0.27
1999-01-06,600095,11.9,11.95,12.01,11.77,2099,2422000.0,2.02,0.42,0.05,0.42
1999-01-07,600095,12.55,12.07,12.55,11.85,1506,1781000.0,5.86,1.0,0.12,0.3
1999-01-08,600095,12.06,12.35,12.5,11.96,2022,2405000.0,4.47,2.32,0.28,0.4
1999-01-11,600095,12.4,12.5,12.55,11.55,2600,3089000.0,8.1,1.21,0.15,0.52
1999-01-13,600095,12.35,12.29,12.47,12.21,2039,2451000.0,2.08,-1.68,-0.21,0.41
1999-01-14,600095,12.23,12.06,12.43,11.85,3422,3984000.0,4.72,-1.87,-0.23,0.68
1999-01-15,600095,11.96,11.7,12.18,11.62,2340,2687000.0,4.64,-2.99,-0.36,0.47
1999-01-18,600095,11.63,11.69,11.69,11.23,4551,5054000.0,3.93,-0.09,-0.01,0.91
1999-01-19,600095,11.65,11.76,11.84,11.58,2140,2439000.0,2.22,0.6,0.07,0.43
1999-01-20,600095,11.74,11.78,12.03,11.74,2288,2633000.0,2.47,0.17,0.02,0.46
1999-01-21,600095,11.76,11.92,11.92,11.23,2035,2294000.0,5.86,1.19,0.14,0.41
1999-01-22,600095,11.9,12.25,12.32,11.9,3902,4626000.0,3.52,2.77,0.33,0.78
1999-01-25,600095,12.23,12.05,12.33,12.03,2017,2387000.0,2.45,-1.63,-0.2,0.4
1999-01-26,600095,12.04,11.74,12.04,11.73,1159,1332000.0,2.57,-2.57,-0.31,0.23
1999-01-27,600095,11.75,11.83,11.93,11.75,929,1061000.0,1.53,0.77,0.09,0.19
1999-01-28,600095,11.85,11.65,11.85,11.65,1111,1262000.0,1.69,-1.52,-0.18,0.22
1999-01-29,600095,11.6,11.56,11.62,11.51,1376,1543000.0,0.94,-0.77,-0.09,0.28
1999-02-01,600095,11.45,11.47,11.89,11.36,936,1047000.0,4.58,-0.78,-0.09,0.19
1999-02-02,600095,11.45,11.63,11.68,11.4,865,967000.0,2.44,1.39,0.16,0.17
1999-02-03,600095,11.64,11.46,11.64,11.43,613,682000.0,1.81,-1.46,-0.17,0.12
1999-02-04,600095,11.55,11.41,11.55,11.35,1185,1307000.0,1.75,-0.44,-0.05,0.24
1999-02-05,600095,11.35,11.2,11.4,11.15,1457,1583000.0,2.19,-1.84,-0.21,0.29
1999-02-08,600095,11.03,10.88,11.2,10.83,1516,1609000.0,3.3,-2.86,-0.32,0.3
1999-02-09,600095,10.83,11.0,11.05,10.83,3076,3254000.0,2.02,1.1,0.12,0.62
1999-03-01,600095,10.98,11.0,11.02,10.75,776,818000.0,2.45,0.0,0.0,0.16
1999-03-02,600095,11.0,10.98,11.02,10.91,786,833000.0,1.0,-0.18,-0.02,0.16
1999-03-03,600095,11.0,11.29,11.31,10.98,2098,2271000.0,3.01,2.82,0.31,0.42
1999-03-04,600095,11.27,11.38,11.42,11.17,2626,2885000.0,2.21,0.8,0.09,0.53
1999-03-05,600095,11.4,11.94,12.35,11.36,6085,7028000.0,8.7,4.92,0.56,1.22
1999-03-08,600095,12.66,12.36,12.83,12.05,10051,11920000.0,6.53,3.52,0.42,2.01
1999-03-09,600095,12.45,12.1,12.47,12.1,5837,6956000.0,2.99,-2.1,-0.26,1.17
1999-03-10,600095,11.95,12.26,12.35,11.95,2413,2864000.0,3.31,1.32,0.16,0.48
1999-03-11,600095,12.3,12.32,12.43,12.25,3921,4703000.0,1.47,0.49,0.06,0.78
1999-03-12,600095,12.32,12.31,12.38,12.27,2105,2516000.0,0.89,-0.08,-0.01,0.42
1999-03-15,600095,12.31,12.41,12.5,12.2,4633,5552000.0,2.44,0.81,0.1,0.93
1999-03-16,600095,12.55,12.47,12.55,12.41,2783,3366000.0,1.13,0.48,0.06,0.56
1999-03-17,600095,12.5,12.2,12.5,12.2,3186,3813000.0,2.41,-2.17,-0.27,0.64
1999-03-18,600095,12.13,12.2,12.35,11.95,2267,2685000.0,3.28,0.0,0.0,0.45
1999-03-19,600095,12.22,12.45,12.45,12.22,2822,3389000.0,1.89,2.05,0.25,0.56
1999-03-22,600095,12.47,12.62,12.82,12.46,6824,8410000.0,2.89,1.37,0.17,1.36
1999-03-23,600095,12.65,12.51,12.71,12.45,2140,2609000.0,2.06,-0.87,-0.11,0.43
1999-03-24,600095,12.49,12.4,12.55,12.35,2306,2788000.0,1.6,-0.88,-0.11,0.46
1999-03-25,600095,12.37,12.19,12.37,12.17,1714,2035000.0,1.61,-1.69,-0.21,0.34
1999-03-26,600095,12.2,12.25,12.33,12.2,1021,1214000.0,1.07,0.49,0.06,0.2
1999-03-29,600095,12.25,12.27,12.3,12.15,1726,2048000.0,1.22,0.16,0.02,0.35
1999-03-30,600095,12.3,12.2,12.35,12.19,1088,1295000.0,1.3,-0.57,-0.07,0.22
1999-03-31,600095,12.15,12.11,12.23,11.96,2328,2734000.0,2.21,-0.74,-0.09,0.47
1999-04-01,600095,12.15,12.14,12.25,12.05,2084,2452000.0,1.65,0.25,0.03,0.42
1999-04-02,600095,12.16,12.47,12.55,12.1,4935,5928000.0,3.71,2.72,0.33,0.99
1999-04-05,600095,12.6,12.55,12.75,12.4,3494,4266000.0,2.81,0.64,0.08,0.7
1999-04-06,600095,12.6,12.43,12.73,12.35,2403,2911000.0,3.03,-0.96,-0.12,0.48
1999-04-07,600095,12.43,12.32,12.43,12.25,1801,2150000.0,1.45,-0.88,-0.11,0.36
1999-04-08,600095,12.31,12.24,12.35,12.23,2111,2516000.0,0.97,-0.65,-0.08,0.42
1999-04-09,600095,12.24,12.27,12.34,12.17,2091,2491000.0,1.39,0.25,0.03,0.42
1999-04-12,600095,12.27,12.05,12.35,12.03,2627,3085000.0,2.61,-1.79,-0.22,0.53
1999-04-13,600095,12.05,12.11,12.25,11.96,1790,2103000.0,2.41,0.5,0.06,0.36
1999-04-14,600095,12.05,12.09,12.21,12.0,1118,1311000.0,1.73,-0.17,-0.02,0.22
1999-04-15,600095,12.1,11.85,12.15,11.83,2139,2478000.0,2.65,-1.99,-0.24,0.43
1999-04-16,600095,11.8,11.81,11.95,11.65,2288,2615000.0,2.53,-0.34,-0.04,0.46
1999-04-19,600095,11.85,11.6,11.85,11.6,2114,2384000.0,2.12,-1.78,-0.21,0.42
1999-04-20,600095,11.6,11.5,11.65,11.4,2269,2535000.0,2.16,-0.86,-0.1,0.45
1999-04-21,600095,11.46,11.54,11.83,11.4,2340,2619000.0,3.74,0.35,0.04,0.47
1999-04-23,600095,11.54,11.35,11.57,11.35,1650,1829000.0,1.91,-1.65,-0.19,0.33
1999-04-26,600095,11.35,11.05,11.35,11.05,2010,2176000.0,2.64,-2.64,-0.3,0.4
1999-04-27,600095,10.95,11.14,11.33,10.88,1970,2113000.0,4.07,0.81,0.09,0.39
1999-04-28,600095,11.25,11.54,12.2,11.25,4450,5058000.0,8.53,3.59,0.4,0.89
1999-04-29,600095,11.55,11.6,11.65,11.41,1560,1751000.0,2.08,0.52,0.06,0.31
1999-04-30,600095,11.63,11.62,11.71,11.59,1141,1287000.0,1.03,0.17,0.02,0.23
1999-05-04,600095,11.64,11.51,11.73,11.5,1089,1227000.0,1.98,-0.95,-0.11,0.22
1999-05-05,600095,11.45,11.75,11.78,11.44,1255,1412000.0,2.95,2.09,0.24,0.25
1999-05-06,600095,11.75,11.8,12.0,11.7,2850,3281000.0,2.55,0.43,0.05,0.57
1999-05-07,600095,11.75,11.53,11.75,11.53,1356,1527000.0,1.86,-2.29,-0.27,0.27
1999-05-10,600095,11.47,11.05,11.47,10.85,2595,2812000.0,5.38,-4.16,-0.48,0.52
1999-05-11,600095,11.21,11.25,11.35,11.07,1329,1444000.0,2.53,1.81,0.2,0.27
1999-05-12,600095,11.33,11.55,11.75,11.15,2901,3246000.0,5.33,2.67,0.3,0.58
1999-05-13,600095,11.61,11.43,11.65,11.35,1006,1117000.0,2.6,-1.04,-0.12,0.2
1999-05-14,600095,11.38,11.25,11.38,11.15,1466,1595000.0,2.01,-1.57,-0.18,0.29
1999-05-17,600095,11.1,11.15,11.4,10.96,1204,1301000.0,3.91,-0.89,-0.1,0.24
1999-05-18,600095,11.3,11.14,11.43,11.09,1217,1326000.0,3.05,-0.09,-0.01,0.24
1999-05-19,600095,11.05,11.79,11.8,11.05,4278,4802000.0,6.73,5.83,0.65,0.86
1999-05-20,600095,11.8,12.16,12.25,11.8,9691,11355000.0,3.82,3.14,0.37,1.94
1999-05-21,600095,12.3,12.48,12.57,12.05,15889,19109000.0,4.28,2.63,0.32,3.18
1999-05-24,600095,12.53,13.18,13.43,12.43,28641,36368000.0,8.01,5.61,0.7,5.73
1999-05-25,600095,13.35,12.93,13.65,12.93,32427,42052000.0,5.46,-1.9,-0.25,6.49
1999-05-26,600095,12.85,13.02,13.1,12.75,10031,12631000.0,2.71,0.7,0.09,2.01
1999-05-27,600095,13.15,13.19,13.33,13.05,12394,15875000.0,2.15,1.31,0.17,2.48
1999-05-28,600095,13.2,12.86,13.25,12.85,8590,10845000.0,3.03,-2.5,-0.33,1.72
1999-05-31,600095,12.85,12.75,13.15,12.55,11185,14096000.0,4.67,-0.86,-0.11,2.24
1999-06-01,600095,12.77,13.1,13.1,12.6,8273,10276000.0,3.92,2.75,0.35,1.65
1999-06-02,600095,13.1,12.85,13.55,12.83,14968,19236000.0,5.5,-1.91,-0.25,2.99
1999-06-03,600095,12.67,12.47,12.85,12.44,6829,8356000.0,3.19,-2.96,-0.38,1.37
1999-06-04,600095,12.45,12.85,12.95,12.45,6237,7738000.0,4.01,3.05,0.38,1.25
1999-06-07,600095,12.9,13.45,13.54,12.9,24547,31947000.0,4.98,4.67,0.6,4.91
1999-06-08,600095,13.6,13.25,13.65,13.15,12363,16061000.0,3.72,-1.49,-0.2,2.47
1999-06-09,600095,13.3,13.26,13.4,13.05,7982,10300000.0,2.64,0.08,0.01,1.6
1999-06-10,600095,13.4,13.35,13.6,13.26,16142,21128000.0,2.56,0.68,0.09,3.23
1999-06-11,600095,13.35,13.2,13.55,13.11,11301,14744000.0,3.3,-1.12,-0.15,2.26
1999-06-14,600095,13.33,13.98,14.19,13.23,20468,27586000.0,7.27,5.91,0.78,4.09
1999-06-15,600095,14.27,13.2,14.35,13.05,21133,28655000.0,9.3,-5.58,-0.78,4.23
1999-06-16,600095,13.3,14.49,14.49,13.3,32546,44926000.0,9.02,9.77,1.29,6.51
1999-06-17,600095,15.55,15.9,15.9,15.23,79826,123357000.0,4.62,9.73,1.41,15.97
1999-06-18,600095,16.33,16.15,16.65,15.55,56654,89655000.0,6.92,1.57,0.25,11.33
1999-06-21,600095,16.37,16.47,17.05,16.16,33402,54068000.0,5.51,1.98,0.32,6.68
1999-06-22,600095,16.47,16.3,16.54,15.91,21644,34245000.0,3.83,-1.03,-0.17,4.33
1999-06-23,600095,16.5,17.33,17.88,16.43,40053,67826000.0,8.9,6.32,1.03,8.01
1999-06-24,600095,17.65,19.03,19.03,17.23,50288,88952000.0,10.39,9.81,1.7,10.06
1999-06-25,600095,19.37,19.05,20.9,19.03,86782,172730000.0,9.83,0.11,0.02,17.36
1999-06-28,600095,19.54,20.92,20.92,19.53,60928,122399000.0,7.3,9.82,1.87,12.19
1999-06-29,600095,21.35,22.55,22.98,21.33,39404,86120000.0,7.89,7.79,1.63,7.88
1999-06-30,600095,22.55,20.5,22.55,20.35,47347,98866000.0,9.76,-9.09,-2.05,9.47
1999-07-01,600095,20.35,18.55,20.35,18.49,52413,96613000.0,9.07,-9.51,-1.95,10.48
1999-07-02,600095,18.85,19.11,19.49,17.96,38530,71183000.0,8.25,3.02,0.56,7.71
1999-07-05,600095,19.11,17.23,19.11,17.23,22490,39247000.0,9.84,-9.84,-1.88,4.5
1999-07-06,600095,16.55,17.5,18.02,16.37,32413,55482000.0,9.58,1.57,0.27,6.48
1999-07-07,600095,17.53,19.22,19.22,17.53,30571,55613000.0,9.66,9.83,1.72,6.11
1999-07-08,600095,19.5,19.4,20.46,19.35,39531,77543018.0,5.78,0.94,0.18,7.91
1999-07-09,600095,19.55,21.31,21.31,19.55,60313,123840000.0,9.07,9.85,1.91,12.06
1999-07-12,600095,21.65,20.35,21.85,20.15,29706,61540843.0,7.98,-4.5,-0.96,5.94
1999-07-13,600095,20.23,19.38,20.25,19.15,23132,44596000.0,5.41,-4.77,-0.97,4.63
1999-07-14,600095,20.03,20.75,21.5,19.77,21199,36860000.0,8.93,7.07,1.37,3.26
1999-07-15,600095,20.81,20.89,21.54,20.81,13746,24308000.0,3.52,0.67,0.14,2.11
1999-07-16,600095,20.68,21.99,22.7,20.43,27711,50261000.0,10.87,5.27,1.1,4.26
1999-07-19,600095,21.43,21.17,21.98,21.07,14242,25491000.0,4.14,-3.73,-0.82,2.19
1999-07-20,600095,21.2,23.48,23.48,21.2,31154,58900000.0,10.77,10.91,2.31,4.79
1999-07-21,600095,24.42,26.01,26.01,24.19,44818,95091000.0,7.75,10.78,2.53,6.9
1999-07-22,600095,26.5,25.23,26.59,24.98,42030,89436000.0,6.19,-3.0,-0.78,6.47
1999-07-23,600095,25.36,27.24,27.93,25.29,48834,109273000.0,10.46,7.97,2.01,7.51
1999-07-26,600095,27.11,27.05,27.89,26.46,22189,49379000.0,5.25,-0.7,-0.19,3.41
1999-07-27,600095,26.92,26.14,27.09,26.01,12879,27959000.0,3.99,-3.36,-0.91,1.98
1999-07-28,600095,25.89,26.26,26.82,25.23,17736,37792000.0,6.08,0.46,0.12,2.73
1999-07-29,600095,26.53,26.33,26.79,25.75,7946,17121000.0,3.96,0.27,0.07,1.22
1999-07-30,600095,26.53,26.7,27.08,25.89,8868,19383345.0,4.52,1.41,0.37,1.36
1999-08-02,600095,27.3,28.87,28.87,26.78,21875,50486000.0,7.83,8.13,2.17,3.37
1999-08-03,600095,30.14,31.94,31.94,29.65,78051,199312000.0,7.93,10.63,3.07,12.01
1999-08-04,600095,32.99,31.95,33.13,31.86,48615,127704000.0,3.98,0.03,0.01,7.48
1999-08-05,600095,31.95,32.24,32.51,31.12,21202,55020000.0,4.35,0.91,0.29,3.26
1999-08-06,600095,32.12,32.35,32.39,31.08,21592,55851000.0,4.06,0.34,0.11,3.32
1999-08-09,600095,32.33,31.83,32.51,31.48,8417,21854000.0,3.18,-1.61,-0.52,1.29
1999-08-10,600095,31.35,30.49,31.77,30.3,16183,40521000.0,4.62,-4.21,-1.34,2.49
1999-08-11,600095,30.31,30.4,30.92,29.92,8338,20712000.0,3.28,-0.3,-0.09,1.28
1999-08-12,600095,30.17,29.08,30.62,28.84,14799,35578000.0,5.86,-4.34,-1.32,2.28
1999-08-13,600095,29.13,29.34,29.77,28.93,7645,18275000.0,2.89,0.89,0.26,1.18
1999-08-16,600095,28.09,28.21,28.74,27.57,17937,41311000.0,3.99,-3.85,-1.13,2.76
1999-08-17,600095,28.22,29.34,30.36,28.22,20443,49491000.0,7.59,4.01,1.13,3.15
1999-08-18,600095,29.39,30.01,30.04,28.75,6958,16646000.0,4.4,2.28,0.67,1.07
1999-08-19,600095,30.3,32.0,32.0,29.91,28457,71805000.0,6.96,6.63,1.99,4.38
1999-08-20,600095,32.04,31.2,32.11,31.05,19003,48866000.0,3.31,-2.5,-0.8,2.92
1999-08-23,600095,31.08,31.7,31.98,31.08,9734,24854000.0,2.88,1.6,0.5,1.5
1999-08-24,600095,31.81,31.96,32.44,31.47,17774,46208000.0,3.06,0.82,0.26,2.73
1999-08-25,600095,31.85,30.72,31.96,30.57,10239,25907000.0,4.35,-3.88,-1.24,1.58
1999-08-26,600095,30.47,31.52,31.73,30.27,6417,16099000.0,4.75,2.6,0.8,0.99
1999-08-27,600095,31.21,31.4,31.73,30.95,5508,14011000.0,2.47,-0.38,-0.12,0.85
1999-08-30,600095,31.34,30.94,31.65,30.69,5664,14355000.0,3.06,-1.46,-0.46,0.87
1999-08-31,600095,31.14,31.16,31.44,30.79,4979,12590000.0,2.1,0.71,0.22,0.77
1999-09-01,600095,31.27,30.17,31.4,30.04,7710,19237000.0,4.36,-3.18,-0.99,1.19
1999-09-02,600095,29.49,31.07,31.08,29.49,14089,34647000.0,5.27,2.98,0.9,2.17
1999-09-06,600095,30.23,29.82,30.68,29.73,7869,19378000.0,3.06,-4.02,-1.25,1.21
1999-09-07,600095,30.04,29.09,30.3,28.02,24062,56504000.0,7.65,-2.45,-0.73,3.7
1999-09-08,600095,28.67,28.58,28.67,28.08,18805,43498000.0,2.03,-1.75,-0.51,2.89
1999-09-09,600095,29.13,31.6,31.63,28.61,110813,279195000.0,10.57,10.57,3.02,17.05
1999-09-10,600095,32.18,30.93,33.32,30.34,293946,459412000.0,9.43,-2.12,-0.67,27.24
1999-09-13,600095,30.56,31.55,31.96,29.29,80289,121663000.0,8.63,2.0,0.62,7.44
1999-09-14,600095,31.6,31.21,31.77,30.95,31552,48351000.0,2.6,-1.08,-0.34,2.92
1999-09-15,600095,31.29,31.62,32.07,30.99,31775,49361000.0,3.46,1.31,0.41,2.94
1999-09-16,600095,31.62,31.23,31.64,31.12,14564,22380000.0,1.64,-1.23,-0.39,1.35
1999-09-17,600095,31.21,31.42,31.83,30.99,15847,24364000.0,2.69,0.61,0.19,1.47
1999-09-20,600095,31.49,31.12,31.6,31.06,8820,13482000.0,1.72,-0.95,-0.3,0.82
1999-09-21,600095,30.75,30.21,30.99,30.09,23592,35183000.0,2.89,-2.92,-0.91,2.19
1999-09-22,600095,30.26,30.45,30.71,30.26,10644,15925000.0,1.49,0.79,0.24,0.99
1999-09-23,600095,30.45,30.47,30.99,30.24,10096,15122000.0,2.46,0.07,0.02,0.94
1999-09-24,600095,30.99,30.8,31.21,30.56,6878,10398000.0,2.13,1.08,0.33,0.64
1999-09-27,600095,30.8,30.32,31.1,30.09,7368,11015000.0,3.28,-1.56,-0.48,0.68
1999-09-28,600095,30.34,30.34,30.78,30.09,6266,9333000.0,2.28,0.07,0.02,0.58
1999-09-29,600095,30.56,30.13,30.78,30.04,6568,9756000.0,2.44,-0.69,-0.21,0.61
1999-09-30,600095,30.37,29.59,30.5,29.44,11443,16723000.0,3.52,-1.79,-0.54,1.06
1999-10-08,600095,29.37,28.32,29.42,28.29,9006,12729000.0,3.82,-4.29,-1.27,0.83
1999-10-11,600095,28.14,27.73,28.73,27.11,7909,10830000.0,5.72,-2.08,-0.59,0.73
1999-10-12,600095,28.14,28.19,28.4,27.71,4515,6205000.0,2.49,1.66,0.46,0.42
1999-10-13,600095,28.23,27.43,28.4,27.32,5171,7058000.0,3.83,-2.7,-0.76,0.48
1999-10-14,600095,27.11,27.39,28.38,26.89,4865,6604000.0,5.43,-0.15,-0.04,0.45
1999-10-15,600095,27.73,27.97,28.29,27.32,7961,10921000.0,3.54,2.12,0.58,0.74
1999-10-18,600095,28.08,26.57,28.19,26.46,9478,12687000.0,6.19,-5.01,-1.4,0.88
1999-10-19,600095,26.24,25.77,26.24,25.77,8379,10782000.0,1.77,-3.01,-0.8,0.78
1999-10-20,600095,25.7,25.81,26.14,25.36,5781,7387000.0,3.03,0.16,0.04,0.54
1999-10-21,600095,25.81,24.67,25.92,24.63,8794,10919000.0,5.0,-4.42,-1.14,0.81
1999-10-22,600095,24.52,26.46,27.28,24.47,20413,26373000.0,11.39,7.26,1.79,1.89
1999-10-25,600095,26.46,25.38,26.52,25.34,9121,11557000.0,4.46,-4.08,-1.08,0.85
1999-10-26,600095,25.49,25.86,26.65,25.49,7591,9808000.0,4.57,1.89,0.48,0.7
1999-10-27,600095,26.68,27.22,27.28,26.57,17145,22856000.0,2.75,5.26,1.36,1.59
1999-10-28,600095,27.24,26.65,27.32,26.42,9892,13073000.0,3.31,-2.09,-0.57,0.92
1999-10-29,600095,26.57,26.2,27.06,25.92,6166,8038000.0,4.28,-1.69,-0.45,0.57
1999-11-01,600095,26.03,25.81,26.35,25.62,4151,5325000.0,2.79,-1.49,-0.39,0.38
1999-11-02,600095,25.92,26.01,26.35,25.7,3332,4290000.0,2.52,0.77,0.2,0.31
1999-11-03,600095,26.03,26.27,26.46,25.96,5206,6764000.0,1.92,1.0,0.26,0.48
1999-11-04,600095,26.29,25.53,26.29,25.45,7211,9198000.0,3.2,-2.82,-0.74,0.67
1999-11-05,600095,25.42,25.47,25.96,25.38,4235,5360000.0,2.27,-0.24,-0.06,0.39
1999-11-08,600095,25.34,25.16,25.51,24.99,4196,5244000.0,2.04,-1.22,-0.31,0.39
1999-11-09,600095,25.16,24.97,25.73,24.95,5269,6573000.0,3.1,-0.76,-0.19,0.49
1999-11-10,600095,24.95,24.91,25.06,24.43,8320,10170000.0,2.52,-0.24,-0.06,0.77
1999-11-11,600095,24.91,24.56,24.93,24.52,3513,4299000.0,1.65,-1.41,-0.35,0.33
1999-11-12,600095,24.5,24.54,24.67,24.39,3274,3999000.0,1.14,-0.08,-0.02,0.3
1999-11-15,600095,24.56,24.26,24.69,24.11,4371,5282000.0,2.36,-1.14,-0.28,0.41
1999-11-16,600095,23.87,23.46,24.63,23.33,8467,10047000.0,5.36,-3.3,-0.8,0.78
1999-11-17,600095,23.27,24.09,24.19,23.01,7112,8294000.0,5.03,2.69,0.63,0.66
1999-11-18,600095,24.09,24.56,25.06,23.55,8975,10911000.0,6.27,1.95,0.47,0.83
1999-11-19,600095,24.52,23.98,24.73,23.87,4696,5668000.0,3.5,-2.36,-0.58,0.44
1999-11-22,600095,23.98,23.48,23.98,23.33,3886,4554000.0,2.71,-2.09,-0.5,0.36
1999-11-23,600095,23.55,23.72,23.98,23.22,2546,2996000.0,3.24,1.02,0.24,0.24
1999-11-24,600095,23.96,23.57,24.11,23.5,2077,2451000.0,2.57,-0.63,-0.15,0.19
1999-11-25,600095,23.44,23.46,23.65,23.37,1589,1861000.0,1.19,-0.47,-0.11,0.15
1999-11-26,600095,23.46,23.48,23.76,23.42,2253,2643000.0,1.45,0.09,0.02,0.21
1999-11-29,600095,23.55,23.16,23.55,23.11,3251,3768000.0,1.87,-1.36,-0.32,0.3
1999-11-30,600095,23.16,23.22,23.44,23.01,1928,2236000.0,1.86,0.26,0.06,0.18
1999-12-01,600095,23.27,23.35,23.57,23.11,1874,2184000.0,1.98,0.56,0.13,0.17
1999-12-02,600095,23.35,23.03,23.35,23.03,2936,3388000.0,1.37,-1.37,-0.32,0.27
1999-12-03,600095,23.11,23.57,24.09,23.11,3591,4254000.0,4.26,2.34,0.54,0.33
1999-12-06,600095,23.55,23.29,23.55,23.22,2199,2558000.0,1.4,-1.19,-0.28,0.2
1999-12-07,600095,23.29,23.61,23.91,23.29,2384,2810000.0,2.66,1.37,0.32,0.22
1999-12-08,600095,23.65,24.58,25.16,23.65,15846,19511000.0,6.4,4.11,0.97,1.47
1999-12-09,600095,24.58,24.17,24.58,24.0,3822,4602000.0,2.36,-1.67,-0.41,0.35
1999-12-10,600095,24.09,25.06,25.16,23.87,10528,13006000.0,5.34,3.68,0.89,0.98
1999-12-13,600095,25.06,24.73,25.55,24.52,9851,12266000.0,4.11,-1.32,-0.33,0.91
1999-12-14,600095,24.73,24.84,24.99,24.52,4063,4997000.0,1.9,0.44,0.11,0.38
1999-12-15,600095,24.84,26.22,26.89,24.73,30373,39476000.0,8.7,5.56,1.38,2.81
1999-12-16,600095,26.03,26.03,26.31,25.6,11226,14440000.0,2.71,-0.72,-0.19,1.04
1999-12-17,600095,25.81,25.08,26.2,25.06,8313,10489000.0,4.38,-3.65,-0.95,0.77
1999-12-21,600095,24.73,24.63,24.91,24.26,5935,7227000.0,2.59,-1.79,-0.45,0.55
1999-12-22,600095,24.52,24.86,25.32,24.3,4131,5095000.0,4.14,0.93,0.23,0.38
1999-12-23,600095,24.86,24.65,24.86,24.52,2871,3527000.0,1.37,-0.84,-0.21,0.27
1999-12-24,600095,24.63,24.82,25.16,24.54,3753,4632000.0,2.52,0.69,0.17,0.35
1999-12-27,600095,24.82,25.12,25.38,24.69,4632,5787000.0,2.78,1.21,0.3,0.43
1999-12-28,600095,25.51,25.16,25.75,25.01,4848,6119000.0,2.95,0.16,0.04,0.45
1999-12-29,600095,25.16,24.88,25.53,24.84,3151,3921000.0,2.74,-1.11,-0.28,0.29
1999-12-30,600095,25.25,24.99,25.38,24.95,1854,2315000.0,1.73,0.44,0.11,0.17
2000-01-04,600095,25.21,26.03,26.2,24.99,11774,15129000.0,4.84,4.16,1.04,1.09
2000-01-05,600095,26.14,25.6,26.81,25.55,22069,28730000.0,4.84,-1.65,-0.43,2.05
2000-01-06,600095,25.58,26.63,26.68,25.16,17754,23018000.0,5.94,4.02,1.03,1.65
2000-01-07,600095,26.89,28.77,28.79,26.89,65665,90558000.0,7.13,8.04,2.14,6.09
2000-01-10,600095,29.48,29.37,30.0,28.19,52969,76249000.0,6.29,2.09,0.6,4.91
2000-01-11,600095,29.37,27.28,29.37,26.89,34183,47409000.0,8.44,-7.12,-2.09,3.17
2000-01-12,600095,26.89,26.07,27.71,25.83,23069,30240000.0,6.89,-4.44,-1.21,2.14
2000-01-13,600095,26.03,25.62,26.24,25.36,8591,10975000.0,3.38,-1.73,-0.45,0.8
2000-01-14,600095,25.51,25.38,25.81,25.29,6763,8563000.0,2.03,-0.94,-0.24,0.63
2000-01-17,600095,25.38,25.79,25.99,24.69,7035,8809000.0,5.12,1.62,0.41,0.65
2000-01-18,600095,25.88,25.38,26.03,25.38,5747,7309000.0,2.52,-1.59,-0.41,0.53
2000-01-19,600095,25.38,25.79,26.22,25.38,6653,8513000.0,3.31,1.62,0.41,0.62
2000-01-20,600095,25.79,26.22,26.24,25.6,11692,15042000.0,2.48,1.67,0.43,1.08
2000-01-21,600095,26.24,26.89,28.4,26.24,39079,53310000.0,8.24,2.56,0.67,3.62
2000-01-24,600095,26.93,27.84,28.21,26.78,26611,36229000.0,5.32,3.53,0.95,2.47
2000-01-25,600095,27.97,27.06,28.19,26.89,14186,19129000.0,4.67,-2.8,-0.78,1.31
2000-01-26,600095,27.06,26.76,27.22,26.63,9544,12625000.0,2.18,-1.11,-0.3,0.88
2000-01-27,600095,27.5,28.53,29.05,27.17,50320,70318000.0,7.03,6.61,1.77,4.66
2000-01-28,600095,28.83,29.91,30.56,28.83,87384,128494000.0,6.06,4.84,1.38,8.1
2000-02-14,600095,31.1,33.08,33.08,31.03,66930,106432000.0,6.85,10.6,3.17,6.2
2000-02-15,600095,35.05,33.37,36.58,33.04,125387,217627000.0,10.7,0.88,0.29,11.62
2000-02-16,600095,33.37,34.23,34.88,31.85,93007,152225000.0,9.08,2.58,0.86,8.62
2000-02-17,600095,34.88,30.62,36.62,30.62,99864,160783000.0,17.53,-10.55,-3.61,9.25
2000-02-18,600095,29.48,31.53,31.64,27.97,45434,65629000.0,11.99,2.97,0.91,4.21
2000-02-21,600095,31.42,29.61,31.42,29.22,35199,51760000.0,6.98,-6.09,-1.92,3.26
2000-02-22,600095,29.48,29.05,30.24,28.4,24090,34976000.0,6.21,-1.89,-0.56,2.23
2000-02-23,600095,28.62,28.49,29.42,28.4,20293,28691000.0,3.51,-1.93,-0.56,1.88
2000-02-24,600095,28.51,29.5,29.5,28.42,13874,19834000.0,3.79,3.55,1.01,1.29
2000-02-25,600095,29.74,29.22,29.91,28.94,14215,20504000.0,3.29,-0.95,-0.28,1.32
2000-02-28,600095,29.22,30.97,31.21,29.16,40552,60528000.0,7.02,5.99,1.75,3.76
2000-02-29,600095,31.42,30.32,31.83,29.7,31397,46978000.0,6.88,-2.1,-0.65,2.91
2000-03-01,600095,30.45,30.37,31.4,30.13,21836,32824000.0,4.19,0.16,0.05,2.02
2000-03-02,600095,30.37,30.13,31.12,29.7,19143,28470000.0,4.68,-0.79,-0.24,1.77
2000-03-03,600095,30.26,30.32,30.88,29.8,22035,32742000.0,3.58,0.63,0.19,2.04
2000-03-06,600095,30.56,28.6,30.67,28.4,23909,34645000.0,7.49,-5.67,-1.72,2.22
2000-03-07,600095,28.4,28.45,28.57,27.93,19368,26960000.0,2.24,-0.52,-0.15,1.79
2000-03-08,600095,28.57,29.35,29.37,28.1,16138,22726000.0,4.46,3.16,0.9,1.5
2000-03-09,600095,29.35,28.83,29.48,28.62,11207,15891000.0,2.93,-1.77,-0.52,1.04
2000-03-10,600095,28.62,28.19,29.27,28.14,14538,20405000.0,3.92,-2.22,-0.64,1.35
2000-03-13,600095,28.19,28.34,28.4,27.97,10962,15250000.0,1.53,0.53,0.15,1.02
2000-03-14,600095,27.32,27.91,28.32,27.11,14177,19335000.0,4.27,-1.52,-0.43,1.31
2000-03-15,600095,27.91,28.25,28.98,27.56,7608,10630000.0,5.09,1.22,0.34,0.71
2000-03-16,600095,28.29,27.02,28.29,26.89,12063,16327000.0,4.96,-4.35,-1.23,1.12
2000-03-17,600095,26.89,27.43,27.43,26.63,9401,12619000.0,2.96,1.52,0.41,0.87
2000-03-20,600095,27.28,27.86,27.86,26.74,10960,14823000.0,4.08,1.57,0.43,1.02
2000-03-21,600095,28.19,27.86,28.19,27.5,8294,11326000.0,2.48,0.0,0.0,0.77
2000-03-22,600095,27.88,28.64,29.18,27.88,14338,20172000.0,4.67,2.8,0.78,1.33
2000-03-23,600095,28.64,28.51,28.73,28.01,9376,13100000.0,2.51,-0.45,-0.13,0.87
2000-03-24,600095,28.83,28.27,29.05,28.19,13735,19402000.0,3.02,-0.84,-0.24,1.27
2000-03-27,600095,28.19,28.6,28.83,27.97,13235,18548000.0,3.04,1.17,0.33,1.23
2000-03-28,600095,28.79,29.87,30.13,28.75,25647,37244000.0,4.83,4.44,1.27,2.38
2000-03-29,600095,29.91,29.48,30.24,29.05,14450,20986000.0,3.98,-1.31,-0.39,1.34
2000-03-30,600095,29.5,29.42,29.76,29.05,9413,13598000.0,2.41,-0.2,-0.06,0.87
2000-03-31,600095,29.44,28.9,29.7,28.62,11357,16263000.0,3.67,-1.77,-0.52,1.05
2000-04-03,600095,28.9,28.64,29.05,28.4,8399,11867000.0,2.25,-0.9,-0.26,0.78
2000-04-04,600095,28.62,28.19,28.62,28.14,8541,11886000.0,1.68,-1.57,-0.45,0.79
2000-04-05,600095,28.19,28.14,28.45,27.97,5795,8052000.0,1.7,-0.18,-0.05,0.54
2000-04-06,600095,28.19,28.64,28.83,28.14,7176,10072000.0,2.45,1.78,0.5,0.67
2000-04-07,600095,28.83,28.6,28.94,28.4,7008,9872000.0,1.89,-0.14,-0.04,0.65
2000-04-10,600095,28.57,28.4,28.62,28.16,8840,12332000.0,1.61,-0.7,-0.2,0.82
2000-04-11,600095,28.45,30.09,30.13,28.4,26033,37757000.0,6.09,5.95,1.69,2.41
2000-04-12,600095,30.09,29.18,30.13,29.01,14607,21196000.0,3.72,-3.02,-0.91,1.35
2000-04-13,600095,29.05,28.77,29.48,28.51,11593,16437000.0,3.32,-1.41,-0.41,1.07
2000-04-14,600095,28.77,28.98,29.33,28.77,10334,14748000.0,1.95,0.73,0.21,0.96
2000-04-17,600095,29.01,28.23,29.07,27.97,11391,15890000.0,3.8,-2.59,-0.75,1.06
2000-04-18,600095,28.19,28.38,28.53,27.97,7246,10081000.0,1.98,0.53,0.15,0.67
2000-04-19,600095,28.4,28.83,29.05,28.4,8129,11550000.0,2.29,1.59,0.45,0.75
2000-04-20,600095,28.86,29.7,30.13,28.86,32378,47318000.0,4.41,3.02,0.87,3.0
2000-04-21,600095,29.87,30.02,31.12,29.83,35228,52866905.0,4.34,1.08,0.32,3.26
2000-04-24,600095,30.09,29.48,30.34,29.37,16295,23767000.0,3.23,-1.8,-0.54,1.51
2000-04-25,600095,29.52,29.03,29.8,28.9,7667,10981000.0,3.05,-1.53,-0.45,0.71
2000-04-26,600095,29.05,29.07,29.61,29.01,5246,7527000.0,2.07,0.14,0.04,0.49
2000-04-27,600095,29.07,28.68,29.37,28.62,7680,10955000.0,2.58,-1.34,-0.39,0.71
2000-04-28,600095,28.62,29.48,29.68,28.42,9614,13782000.0,4.39,2.79,0.8,0.89
2000-05-08,600095,29.61,29.01,29.91,28.94,5194,7457000.0,3.29,-1.59,-0.47,0.48
2000-05-09,600095,28.94,28.55,29.16,28.42,6062,8528000.0,2.55,-1.59,-0.46,0.56
2000-05-10,600095,28.4,27.6,28.4,27.5,7641,10512000.0,3.15,-3.33,-0.95,0.71
2000-05-11,600095,27.32,27.11,27.97,26.96,5814,7860000.0,3.66,-1.78,-0.49,0.54
2000-05-12,600095,27.11,26.52,27.54,26.24,6831,9058000.0,4.8,-2.18,-0.59,0.63
2000-05-15,600095,26.68,26.24,26.93,26.22,5611,7310000.0,2.68,-1.06,-0.28,0.52
2000-05-16,600095,26.35,26.68,27.06,26.24,3012,3965000.0,3.13,1.68,0.44,0.28
2000-05-17,600095,26.68,26.72,27.0,26.63,2489,3307000.0,1.39,0.15,0.04,0.23
2000-05-18,600095,26.72,27.06,27.06,26.33,4263,5626000.0,2.73,1.27,0.34,0.4
2000-05-19,600095,27.11,27.15,27.22,26.89,5491,7343000.0,1.22,0.33,0.09,0.51
2000-05-22,600095,27.15,27.75,28.14,26.85,8917,12085000.0,4.75,2.21,0.6,0.83
2000-05-23,600095,27.75,27.56,28.19,27.45,5586,7618000.0,2.67,-0.68,-0.19,0.52
2000-05-24,600095,27.58,28.08,28.36,27.22,9057,12411000.0,4.14,1.89,0.52,0.84
2000-05-25,600095,28.08,28.27,28.57,28.08,9322,12993000.0,1.75,0.68,0.19,0.86
2000-05-26,600095,28.4,28.83,29.22,27.99,12513,17717000.0,4.35,1.98,0.56,1.16
2000-05-29,600095,29.05,28.57,29.05,28.42,8553,12066000.0,2.19,-0.9,-0.26,0.79
2000-05-30,600095,28.62,27.86,28.79,27.82,8924,12435000.0,3.4,-2.49,-0.71,0.83
2000-05-31,600095,27.75,27.75,27.95,27.41,6702,9151000.0,1.94,-0.39,-0.11,0.62
2000-06-01,600095,27.93,28.19,28.62,27.75,5345,7443000.0,3.14,1.59,0.44,0.5
2000-06-02,600095,28.19,28.04,28.21,27.65,6149,8440000.0,1.99,-0.53,-0.15,0.57
2000-06-05,600095,28.19,28.42,28.77,28.04,11735,16460000.0,2.6,1.36,0.38,1.09
2000-06-06,600095,28.51,29.24,29.31,28.51,18669,26722000.0,2.81,2.89,0.82,1.73
2000-06-07,600095,29.48,29.03,29.7,28.83,12750,18382000.0,2.98,-0.72,-0.21,1.18
2000-06-08,600095,29.05,28.51,29.14,28.4,7291,10260000.0,2.55,-1.79,-0.52,0.68
2000-06-09,600095,28.47,28.25,28.51,28.14,5490,7650000.0,1.3,-0.91,-0.26,0.51
2000-06-12,600095,28.1,28.04,28.19,27.54,4752,6545000.0,2.3,-0.74,-0.21,0.44
2000-06-13,600095,28.14,28.23,28.4,28.04,4112,5719000.0,1.28,0.68,0.19,0.38
2000-06-14,600095,28.4,28.01,28.62,27.73,7733,10665000.0,3.15,-0.78,-0.22,0.72
2000-06-15,600095,28.04,28.23,28.6,27.75,5189,7226000.0,3.03,0.79,0.22,0.48
2000-06-16,600095,28.23,28.32,28.53,27.97,6050,8449000.0,1.98,0.32,0.09,0.56
2000-06-19,600095,28.4,28.83,29.27,28.32,13034,18555000.0,3.35,1.8,0.51,1.21
2000-06-20,600095,28.83,28.08,28.83,27.97,7159,10016000.0,2.98,-2.6,-0.75,0.66
2000-06-21,600095,27.93,28.4,28.62,27.75,9060,12633000.0,3.1,1.14,0.32,0.84
2000-06-22,600095,28.4,28.36,28.98,28.29,11745,16544000.0,2.43,-0.14,-0.04,1.09
2000-06-23,600095,27.97,28.66,28.94,27.5,53454,74504000.0,5.08,1.06,0.3,3.54
2000-06-26,600095,29.05,28.94,29.48,28.83,35741,51237000.0,2.27,0.98,0.28,2.37
2000-06-27,600095,28.94,28.62,29.03,28.4,12168,17136000.0,2.18,-1.11,-0.32,0.81
2000-06-29,600095,29.44,28.68,29.44,28.4,15108,21462000.0,3.63,0.21,0.06,1.0
2000-06-30,600095,28.83,29.35,29.98,28.73,42068,61045000.0,4.36,2.34,0.67,2.79
2000-07-03,600095,29.27,30.02,30.34,28.79,38148,56100000.0,5.28,2.28,0.67,2.53
2000-07-04,600095,30.0,29.7,30.13,29.48,14734,21520000.0,2.17,-1.07,-0.32,0.98
2000-07-05,600095,29.7,30.13,30.24,29.48,22140,32469000.0,2.56,1.45,0.43,1.47
2000-07-06,600095,30.13,30.86,30.99,29.89,42199,63007000.0,3.65,2.42,0.73,2.79
2000-07-07,600095,30.99,30.65,31.6,30.45,75710,115491000.0,3.73,-0.68,-0.21,5.01
2000-07-10,600095,30.82,30.78,30.99,30.3,30801,46269000.0,2.25,0.42,0.13,2.04
2000-07-11,600095,30.78,30.52,30.95,30.13,24630,36857000.0,2.66,-0.84,-0.26,1.63
2000-07-12,600095,30.56,30.26,30.88,30.15,20359,30379000.0,2.39,-0.85,-0.26,1.35
2000-07-13,600095,30.3,30.99,30.99,30.19,27239,41016143.0,2.64,2.41,0.73,1.8
2000-07-14,600095,31.16,30.43,31.51,30.24,24049,36251000.0,4.1,-1.81,-0.56,1.59
2000-07-17,600095,30.43,29.52,30.43,29.27,25675,37449000.0,3.81,-2.99,-0.91,1.7
2000-07-18,600095,29.52,29.76,30.0,29.31,10415,15165000.0,2.34,0.81,0.24,0.69
2000-07-19,600095,30.02,29.65,30.02,29.59,9620,14067000.0,1.44,-0.37,-0.11,0.64
2000-07-20,600095,29.72,29.33,29.76,29.27,11296,16322000.0,1.65,-1.08,-0.32,0.75
2000-07-21,600095,29.33,29.37,29.63,28.94,10522,15143000.0,2.35,0.14,0.04,0.7
2000-07-24,600095,29.27,28.66,29.31,28.51,14835,21018000.0,2.72,-2.42,-0.71,0.98
2000-07-25,600095,28.66,28.81,29.03,28.51,8942,12658000.0,1.81,0.52,0.15,0.59
2000-07-26,600095,28.83,29.01,29.18,28.6,13729,19514000.0,2.01,0.69,0.2,0.91
2000-07-27,600095,28.19,28.32,28.7,27.88,18615,25956000.0,2.83,-2.38,-0.69,1.23
2000-07-28,600095,28.29,28.57,28.62,27.97,18800,26245000.0,2.3,0.88,0.25,1.24
2000-07-31,600095,28.4,28.47,28.51,28.04,16426,22825000.0,1.65,-0.35,-0.1,1.09
2000-08-01,600095,28.47,28.83,29.09,28.4,9805,13919000.0,2.42,1.26,0.36,0.65
2000-08-02,600095,28.83,28.49,29.01,28.4,7505,10578000.0,2.12,-1.18,-0.34,0.5
2000-08-03,600095,28.49,28.19,28.6,28.08,14198,19754000.0,1.83,-1.05,-0.3,0.94
2000-08-04,600095,28.21,28.51,28.83,28.19,10460,14659000.0,2.27,1.14,0.32,0.69
2000-08-07,600095,28.51,28.94,29.05,28.51,9703,13758000.0,1.89,1.51,0.43,0.64
2000-08-08,600095,29.07,28.79,29.16,28.62,6759,9584000.0,1.87,-0.52,-0.15,0.45
2000-08-09,600095,28.9,28.68,28.94,28.51,9211,12987000.0,1.49,-0.38,-0.11,0.61
2000-08-10,600095,28.73,29.48,29.5,28.7,23290,33516000.0,2.79,2.79,0.8,1.54
2000-08-11,600095,29.72,29.01,29.8,28.94,12027,17342000.0,2.92,-1.59,-0.47,0.8
2000-08-14,600095,28.96,28.75,29.01,28.66,9099,12873000.0,1.21,-0.9,-0.26,0.6
2000-08-15,600095,28.75,28.75,29.05,28.66,7363,10439000.0,1.36,0.0,0.0,0.49
2000-08-16,600095,28.83,28.57,28.83,28.42,10791,15161000.0,1.43,-0.63,-0.18,0.71
2000-08-17,600095,28.62,28.47,28.75,28.4,9497,13322000.0,1.23,-0.35,-0.1,0.63
2000-08-18,600095,28.47,28.49,28.73,28.4,9113,12790000.0,1.16,0.07,0.02,0.6
2000-08-21,600095,28.45,28.4,28.49,28.21,11215,15648000.0,0.98,-0.32,-0.09,0.74
2000-08-22,600095,28.36,28.29,28.73,28.29,8394,11780000.0,1.55,-0.39,-0.11,0.56
2000-08-23,600095,28.19,27.86,28.27,27.0,14787,20218000.0,4.49,-1.52,-0.43,0.98
2000-08-25,600095,28.08,28.4,28.57,27.93,6080,8497000.0,2.3,1.94,0.54,0.4
2000-08-28,600095,28.51,27.99,28.62,27.97,8745,12106000.0,2.29,-1.44,-0.41,0.58
2000-08-29,600095,28.08,27.91,28.12,27.71,9428,12954000.0,1.46,-0.29,-0.08,0.62
2000-08-30,600095,27.95,27.75,28.08,27.69,9107,12494000.0,1.4,-0.57,-0.16,0.6
2000-08-31,600095,27.75,27.09,27.75,27.0,11249,15170000.0,2.7,-2.38,-0.66,0.74
2000-09-01,600095,27.0,26.68,27.06,26.68,9363,12440000.0,1.4,-1.51,-0.41,0.62
2000-09-04,600095,26.65,26.57,26.65,26.35,8029,10524000.0,1.12,-0.41,-0.11,0.53
2000-09-05,600095,26.57,26.33,27.0,26.29,5269,6943000.0,2.67,-0.9,-0.24,0.35
2000-09-06,600095,26.24,25.19,26.24,25.1,6788,8659000.0,4.33,-4.33,-1.14,0.45
2000-09-07,600095,25.19,25.45,25.99,25.19,4730,5984000.0,3.18,1.03,0.26,0.31
2000-09-08,600095,25.6,25.99,26.14,25.45,5082,6510000.0,2.71,2.12,0.54,0.34
2000-09-11,600095,26.03,25.7,26.22,25.6,3570,4568000.0,2.39,-1.12,-0.29,0.24
2000-09-12,600095,25.75,25.6,25.75,25.47,4409,5585000.0,1.09,-0.39,-0.1,0.29
2000-09-13,600095,25.6,25.7,25.92,25.6,3929,5023000.0,1.25,0.39,0.1,0.26
2000-09-14,600095,25.77,26.16,26.65,25.7,5761,7482000.0,3.7,1.79,0.46,0.38
2000-09-15,600095,26.14,25.81,26.14,25.7,2683,3436000.0,1.68,-1.34,-0.35,0.18
2000-09-18,600095,25.77,25.34,25.77,25.34,3146,3974000.0,1.67,-1.82,-0.47,0.21
2000-09-19,600095,25.16,24.52,25.16,24.47,5148,6315000.0,2.72,-3.24,-0.82,0.34
2000-09-20,600095,24.47,24.8,25.23,24.47,2539,3115000.0,3.1,1.14,0.28,0.17
2000-09-21,600095,24.82,24.58,25.06,24.56,2159,2654000.0,2.02,-0.89,-0.22,0.14
2000-09-22,600095,24.58,24.3,24.58,24.22,3138,3798000.0,1.46,-1.14,-0.28,0.21
2000-09-25,600095,24.3,24.3,24.73,24.3,1786,2167000.0,1.77,0.0,0.0,0.12
2000-09-26,600095,24.95,24.56,24.95,24.39,1729,2112000.0,2.3,1.07,0.26,0.11
2000-09-27,600095,24.73,24.91,24.95,24.58,1509,1866000.0,1.51,1.43,0.35,0.1
2000-09-28,600095,24.95,24.52,25.06,24.52,2045,2509000.0,2.17,-1.57,-0.39,0.14
2000-09-29,600095,24.52,24.78,24.95,24.52,1459,1793000.0,1.75,1.06,0.26,0.1
2000-10-09,600095,24.84,24.56,24.93,24.34,1841,2240000.0,2.38,-0.89,-0.22,0.12
2000-10-10,600095,24.63,24.91,24.93,24.63,1807,2228000.0,1.22,1.43,0.35,0.12
2000-10-11,600095,24.93,24.78,25.06,24.73,2080,2572000.0,1.32,-0.52,-0.13,0.14
2000-10-12,600095,24.78,24.26,24.86,24.09,5598,6768000.0,3.11,-2.1,-0.52,0.37
2000-10-13,600095,24.3,24.28,24.54,24.04,4152,4997000.0,2.06,0.08,0.02,0.27
2000-10-16,600095,24.19,23.68,24.28,23.65,3839,4575000.0,2.59,-2.47,-0.6,0.25
2000-10-17,600095,23.59,24.45,24.63,23.44,3706,4406000.0,5.03,3.25,0.77,0.25
2000-10-18,600095,24.45,24.41,24.58,24.13,2328,2830000.0,1.84,-0.16,-0.04,0.15
2000-10-19,600095,24.52,24.22,24.6,24.22,1805,2185000.0,1.56,-0.78,-0.19,0.12
2000-10-20,600095,24.17,25.36,25.6,24.09,10050,12524000.0,6.23,4.71,1.14,0.67
2000-10-23,600095,25.38,25.01,25.49,24.73,5218,6497000.0,3.0,-1.38,-0.35,0.35
2000-10-24,600095,25.06,24.91,25.16,24.84,2572,3187000.0,1.28,-0.4,-0.1,0.17
2000-10-25,600095,24.95,25.01,25.19,24.86,3685,4577000.0,1.32,0.4,0.1,0.24
2000-10-26,600095,24.95,24.56,24.95,24.52,4169,5111000.0,1.72,-1.8,-0.45,0.28
2000-10-27,600095,24.54,24.32,24.54,24.26,3852,4663000.0,1.14,-0.98,-0.24,0.26
2000-10-30,600095,24.26,24.19,24.3,24.04,4996,6005000.0,1.07,-0.53,-0.13,0.33
2000-10-31,600095,24.26,24.32,24.47,24.24,2611,3164000.0,0.95,0.54,0.13,0.17
2000-11-01,600095,24.32,24.45,24.45,24.13,3109,3762000.0,1.32,0.53,0.13,0.21
2000-11-02,600095,24.52,24.67,24.93,24.45,2816,3455000.0,1.96,0.9,0.22,0.19
2000-11-03,600095,24.67,24.32,24.84,24.22,2842,3466000.0,2.51,-1.42,-0.35,0.19
2000-11-06,600095,24.32,24.32,24.41,24.19,3183,3850000.0,0.9,0.0,0.0,0.21
2000-11-07,600095,24.73,25.1,25.45,24.63,7309,9130000.0,3.37,3.21,0.78,0.48
2000-11-08,600095,25.21,24.99,25.21,24.73,2867,3551000.0,1.91,-0.44,-0.11,0.19
2000-11-09,600095,24.95,25.34,25.49,24.73,8954,11183000.0,3.04,1.4,0.35,0.59
2000-11-10,600095,25.34,25.81,26.14,25.34,14400,18371000.0,3.16,1.85,0.47,0.95
2000-11-13,600095,25.99,26.03,26.22,25.92,10021,12931000.0,1.16,0.85,0.22,0.66
2000-11-14,600095,26.03,25.94,26.14,25.6,7319,9364000.0,2.07,-0.35,-0.09,0.48
2000-11-15,600095,25.94,26.24,26.24,25.9,11496,14865000.0,1.31,1.16,0.3,0.76
2000-11-16,600095,26.24,26.72,26.89,26.24,10371,13685000.0,2.48,1.83,0.48,0.69
2000-11-17,600095,26.72,26.35,26.78,26.29,8537,11192000.0,1.83,-1.38,-0.37,0.57
2000-11-20,600095,26.31,26.65,26.65,26.03,9368,12172000.0,2.35,1.14,0.3,0.62
2000-11-21,600095,26.68,26.35,26.89,26.24,5276,6933000.0,2.44,-1.13,-0.3,0.35
2000-11-22,600095,26.46,28.47,29.01,26.4,62294,86453000.0,9.91,8.05,2.12,4.13
2000-11-23,600095,28.47,28.06,28.62,27.8,19593,27162000.0,2.88,-1.44,-0.41,1.3
2000-11-27,600095,26.35,27.0,27.43,26.35,14397,19148000.0,3.85,-3.78,-1.06,0.95
2000-11-28,600095,27.0,27.19,27.3,26.98,6059,8115000.0,1.19,0.7,0.19,0.4
2000-11-29,600095,27.24,26.68,27.32,26.5,7087,9381000.0,3.02,-1.88,-0.51,0.47
2000-11-30,600095,26.68,26.44,26.78,26.4,5209,6826000.0,1.42,-0.9,-0.24,0.34
2000-12-01,600095,26.46,26.57,26.68,26.44,4164,5462000.0,0.91,0.49,0.13,0.28
2000-12-04,600095,26.57,26.46,26.68,26.24,6688,8733000.0,1.66,-0.41,-0.11,0.44
2000-12-05,600095,26.46,26.4,26.55,26.29,4811,6277000.0,0.98,-0.23,-0.06,0.32
2000-12-06,600095,26.35,25.96,26.46,25.92,6696,8693000.0,2.05,-1.67,-0.44,0.44
2000-12-07,600095,26.01,26.11,26.46,25.96,4593,5943000.0,1.93,0.58,0.15,0.3
2000-12-08,600095,26.11,26.11,26.11,25.62,4340,5567000.0,1.88,0.0,0.0,0.29
2000-12-11,600095,26.11,25.4,26.11,25.34,4582,5815000.0,2.95,-2.72,-0.71,0.3
2000-12-12,600095,25.4,25.62,25.75,25.27,3291,4160000.0,1.89,0.87,0.22,0.22
2000-12-13,600095,25.7,25.92,26.03,25.49,2418,3080000.0,2.11,1.17,0.3,0.16
2000-12-14,600095,25.92,26.76,27.32,23.22,11035,14537000.0,15.82,3.24,0.84,0.73
2000-12-15,600095,26.81,26.31,26.89,26.24,3919,5138000.0,2.43,-1.68,-0.45,0.26
2000-12-18,600095,26.46,26.46,26.46,26.03,3325,4320000.0,1.63,0.57,0.15,0.22
2000-12-19,600095,26.5,26.5,26.78,26.5,2772,3649000.0,1.06,0.15,0.04,0.18
2000-12-20,600095,26.48,27.43,27.43,26.48,16044,21622000.0,3.58,3.51,0.93,1.06
2000-12-21,600095,27.54,27.17,27.86,27.06,10649,14469000.0,2.92,-0.95,-0.26,0.71
2000-12-22,600095,27.17,27.15,27.54,27.11,6348,8551000.0,1.58,-0.07,-0.02,0.42
2000-12-25,600095,27.15,26.98,27.32,26.89,3691,4925000.0,1.58,-0.63,-0.17,0.24
2000-12-26,600095,27.06,27.11,27.32,27.0,3875,5192000.0,1.19,0.48,0.13,0.26
2000-12-27,600095,27.11,26.59,27.32,26.46,3985,5307543.0,3.17,-1.92,-0.52,0.26
2000-12-28,600095,26.59,26.5,26.78,26.37,3632,4777000.0,1.54,-0.34,-0.09,0.24
2000-12-29,600095,26.68,26.63,26.68,26.46,3103,4085000.0,0.83,0.49,0.13,0.21
2001-01-02,600095,26.68,27.28,27.32,26.68,5381,7235000.0,2.4,2.44,0.65,0.36
2001-01-03,600095,27.32,28.12,28.32,27.32,21349,29417000.0,3.67,3.08,0.84,1.41
2001-01-04,600095,28.16,28.16,28.45,27.8,22624,31471000.0,2.31,0.14,0.04,1.5
2001-01-05,600095,28.62,29.37,29.87,28.08,46933,66802000.0,6.36,4.3,1.21,3.11
2001-01-08,600095,29.87,29.16,30.02,29.01,105498,153316000.0,3.44,-0.72,-0.21,6.99
2001-01-09,600095,29.05,28.51,29.05,28.23,19237,27093000.0,2.81,-2.23,-0.65,1.27
2001-01-10,600095,28.51,28.79,29.01,28.42,12707,17978000.0,2.07,0.98,0.28,0.84
2001-01-11,600095,28.83,28.9,29.27,28.53,11067,15635000.0,2.57,0.38,0.11,0.73
2001-01-12,600095,28.9,28.21,28.9,28.19,8491,11876000.0,2.46,-2.39,-0.69,0.56
2001-01-15,600095,28.19,27.41,28.19,27.32,7821,10672000.0,3.08,-2.84,-0.8,0.52
2001-01-16,600095,27.32,27.39,27.54,26.81,5447,7339000.0,2.66,-0.07,-0.02,0.36
2001-01-17,600095,27.54,27.3,27.6,27.28,3104,4196000.0,1.17,-0.33,-0.09,0.21
2001-01-18,600095,27.32,27.32,27.47,27.3,4050,5477000.0,0.62,0.07,0.02,0.27
2001-01-19,600095,27.32,27.58,27.69,27.32,4299,5859000.0,1.35,0.95,0.26,0.28
2001-02-05,600095,27.56,26.57,27.8,26.42,3980,5319000.0,5.0,-3.66,-1.01,0.26
2001-02-06,600095,26.29,26.68,26.68,26.03,4019,5226000.0,2.45,0.41,0.11,0.27
2001-02-07,600095,27.11,26.7,27.19,26.68,1572,2080000.0,1.91,0.07,0.02,0.1
2001-02-08,600095,26.68,25.83,26.89,25.81,2627,3418000.0,4.04,-3.26,-0.87,0.17
2001-02-09,600095,25.92,26.24,26.44,25.92,2421,3137000.0,2.01,1.59,0.41,0.16
2001-02-12,600095,26.27,26.14,26.42,25.81,1925,2486000.0,2.32,-0.38,-0.1,0.13
2001-02-13,600095,26.24,26.33,26.57,26.24,1938,2528000.0,1.26,0.73,0.19,0.13
2001-02-14,600095,26.33,26.22,26.33,26.14,1391,1805000.0,0.72,-0.42,-0.11,0.09
2001-02-15,600095,26.24,25.94,26.35,25.94,1484,1919000.0,1.56,-1.07,-0.28,0.1
2001-02-16,600095,25.9,25.99,26.01,25.55,2783,3542000.0,1.77,0.19,0.05,0.18
2001-02-19,600095,25.81,26.14,26.16,25.81,1469,1895000.0,1.35,0.58,0.15,0.1
2001-02-20,600095,26.22,26.22,26.57,26.11,2065,2692000.0,1.76,0.31,0.08,0.14
2001-02-21,600095,26.14,25.7,26.14,25.7,2549,3261000.0,1.68,-1.98,-0.52,0.17
2001-02-22,600095,25.68,25.62,25.83,25.49,1728,2200000.0,1.32,-0.31,-0.08,0.11
2001-02-23,600095,25.62,25.34,25.7,24.73,3839,4809000.0,3.79,-1.09,-0.28,0.25
2001-02-26,600095,25.38,25.7,25.75,25.38,2330,2951000.0,1.46,1.42,0.36,0.15
2001-02-27,600095,25.99,25.75,25.99,25.7,1339,1711000.0,1.13,0.19,0.05,0.09
2001-02-28,600095,25.7,25.6,25.92,25.49,1584,2010000.0,1.67,-0.58,-0.15,0.1
2001-03-01,600095,25.6,25.81,25.81,25.6,1381,1760000.0,0.82,0.82,0.21,0.09
2001-03-02,600095,25.81,25.99,26.24,25.64,2710,3493000.0,2.32,0.7,0.18,0.18
2001-03-05,600095,26.22,26.24,26.35,26.03,2151,2793000.0,1.23,0.96,0.25,0.14
2001-03-06,600095,26.29,26.14,26.29,25.86,1749,2261000.0,1.64,-0.38,-0.1,0.12
2001-03-07,600095,26.14,26.16,26.24,26.11,1844,2390000.0,0.5,0.08,0.02,0.12
2001-03-08,600095,26.2,26.11,26.2,25.96,1865,2407000.0,0.92,-0.19,-0.05,0.12
2001-03-09,600095,26.09,26.5,26.78,26.03,3509,4593000.0,2.87,1.49,0.39,0.23
2001-03-12,600095,26.65,26.35,26.65,26.29,2512,3290000.0,1.36,-0.57,-0.15,0.17
2001-03-13,600095,26.35,25.99,26.35,25.99,2126,2748000.0,1.37,-1.37,-0.36,0.14
2001-03-14,600095,25.92,26.03,26.14,25.77,1871,2402000.0,1.42,0.15,0.04,0.12
2001-03-15,600095,26.03,25.94,26.03,25.81,2882,3699000.0,0.85,-0.35,-0.09,0.19
2001-03-16,600095,25.9,25.81,25.94,25.7,3036,3883000.0,0.93,-0.5,-0.13,0.2
2001-03-19,600095,25.77,25.7,25.77,25.45,4438,5634000.0,1.24,-0.43,-0.11,0.29
2001-03-20,600095,25.7,26.03,26.22,25.7,2011,2592000.0,2.02,1.28,0.33,0.13
2001-03-21,600095,26.16,26.46,26.46,26.05,3526,4595000.0,1.58,1.65,0.43,0.23
2001-03-22,600095,26.59,26.48,26.65,26.35,4311,5648000.0,1.13,0.08,0.02,0.29
2001-03-23,600095,26.52,26.52,26.98,26.46,6690,8829000.0,1.96,0.15,0.04,0.44
2001-03-26,600095,26.52,26.72,26.78,26.5,3804,5020000.0,1.06,0.75,0.2,0.25
2001-03-27,600095,26.85,27.26,27.54,26.85,6600,8858000.0,2.58,2.02,0.54,0.44
2001-03-28,600095,27.32,26.93,27.43,26.85,4334,5791000.0,2.13,-1.21,-0.33,0.29
2001-03-29,600095,26.93,26.65,26.96,26.55,4206,5547000.0,1.52,-1.04,-0.28,0.28
2001-03-30,600095,26.68,26.57,26.7,26.42,3487,4571000.0,1.05,-0.3,-0.08,0.23
2001-04-02,600095,26.57,26.46,26.57,26.29,4453,5827000.0,1.05,-0.41,-0.11,0.29
2001-04-03,600095,26.46,26.57,26.68,26.42,3275,4309000.0,0.98,0.42,0.11,0.22
2001-04-04,600095,26.57,26.11,26.78,25.94,3928,5153000.0,3.16,-1.73,-0.46,0.26
2001-04-05,600095,26.01,26.33,26.33,25.81,4076,5251000.0,1.99,0.84,0.22,0.27
2001-04-06,600095,26.35,26.14,26.37,26.03,2407,3120000.0,1.29,-0.72,-0.19,0.16
2001-04-09,600095,26.03,25.99,26.07,25.83,3801,4879000.0,0.92,-0.57,-0.15,0.25
2001-04-10,600095,26.03,26.11,26.24,26.03,1887,2440000.0,0.81,0.46,0.12,0.12
2001-04-11,600095,26.11,25.99,26.16,25.92,2790,3593000.0,0.92,-0.46,-0.12,0.18
2001-04-12,600095,26.03,26.27,26.59,25.86,4472,5812000.0,2.81,1.08,0.28,0.3
2001-04-13,600095,26.24,26.11,26.27,26.03,2798,3617000.0,0.91,-0.61,-0.16,0.19
2001-04-16,600095,26.11,26.65,26.65,26.11,6878,8956000.0,2.07,2.07,0.54,0.46
2001-04-17,600095,26.68,26.5,26.89,26.46,5595,7371000.0,1.61,-0.56,-0.15,0.37
2001-04-18,600095,26.68,26.76,26.89,26.46,7292,9636000.0,1.62,0.98,0.26,0.48
2001-04-19,600095,26.22,25.9,26.22,25.34,6843,8794000.0,3.29,-3.21,-0.86,0.45
2001-04-20,600095,25.9,26.03,26.76,25.81,8113,10512000.0,3.67,0.5,0.13,0.54
2001-04-23,600095,26.03,25.64,26.03,25.55,6023,7680000.0,1.84,-1.5,-0.39,0.4
2001-04-24,600095,25.64,25.7,25.83,25.6,4470,5692000.0,0.9,0.23,0.06,0.3
2001-04-25,600095,25.7,25.45,25.92,25.38,6251,7925000.0,2.1,-0.97,-0.25,0.41
2001-04-26,600095,25.47,25.29,25.64,25.29,4114,5186000.0,1.38,-0.63,-0.16,0.27
2001-04-27,600095,25.38,25.34,25.47,25.27,3661,4606000.0,0.79,0.2,0.05,0.24
2001-04-30,600095,25.34,25.08,25.38,24.97,4332,5392000.0,1.62,-1.03,-0.26,0.29
2001-05-08,600095,25.06,25.55,25.55,24.95,2488,3093490.0,2.39,1.87,0.47,0.16
2001-05-09,600095,25.6,25.14,25.6,25.12,2277,2857000.0,1.88,-1.6,-0.41,0.15
2001-05-10,600095,25.14,25.58,25.58,25.12,3430,4326000.0,1.83,1.75,0.44,0.23
2001-05-11,600095,25.62,25.83,26.2,25.62,4873,6268000.0,2.27,0.98,0.25,0.32
2001-05-14,600095,25.83,25.6,25.88,25.4,4778,6048000.0,1.86,-0.89,-0.23,0.32
2001-05-15,600095,25.77,25.68,25.92,25.6,5301,6745000.0,1.25,0.31,0.08,0.35
2001-05-16,600095,25.77,25.96,26.09,25.68,4868,6252000.0,1.6,1.09,0.28,0.32
2001-05-17,600095,26.03,25.77,26.16,25.77,4669,5995000.0,1.5,-0.73,-0.19,0.31
2001-05-18,600095,25.77,25.55,25.77,25.34,5034,6354000.0,1.67,-0.85,-0.22,0.33
2001-05-21,600095,25.49,25.27,25.49,25.08,6357,7968000.0,1.6,-1.1,-0.28,0.42
2001-05-23,600095,25.06,25.25,25.27,24.73,3552,4420000.0,2.14,-0.08,-0.02,0.24
2001-05-24,600095,25.25,24.95,25.25,24.84,5668,7035000.0,1.62,-1.19,-0.3,0.38
2001-05-25,600095,24.95,25.36,25.45,24.75,5577,6970000.0,2.81,1.64,0.41,0.37
2001-05-28,600095,25.27,24.95,25.27,24.84,4820,5976000.0,1.7,-1.62,-0.41,0.32
2001-05-29,600095,24.93,25.45,25.49,24.84,4657,5856000.0,2.61,2.0,0.5,0.31
2001-05-30,600095,25.27,25.6,25.6,25.12,4202,5292000.0,1.89,0.59,0.15,0.28
2001-05-31,600095,25.6,25.25,25.7,25.21,4661,5877000.0,1.91,-1.37,-0.35,0.31
2001-06-01,600095,25.16,25.23,25.27,24.95,4864,6064000.0,1.27,-0.08,-0.02,0.32
2001-06-04,600095,25.23,25.51,25.51,24.95,6655,8345000.0,2.22,1.11,0.28,0.44
2001-06-05,600095,25.53,25.64,25.7,25.45,6268,7953000.0,0.98,0.51,0.13,0.42
2001-06-06,600095,25.66,26.03,26.14,25.47,9209,11806000.0,2.61,1.52,0.39,0.61
2001-06-07,600095,26.16,25.86,26.16,25.81,3693,4742000.0,1.34,-0.65,-0.17,0.24
2001-06-08,600095,24.95,26.44,26.57,24.95,14617,19034000.0,6.26,2.24,0.58,0.97
2001-06-11,600095,26.46,26.55,26.61,26.11,10013,13101000.0,1.89,0.42,0.11,0.66
2001-06-12,600095,26.57,26.65,26.68,26.42,7750,10183000.0,0.98,0.38,0.1,0.51
2001-06-13,600095,26.65,26.52,26.76,26.46,8385,11047000.0,1.13,-0.49,-0.13,0.56
2001-06-14,600095,26.55,26.14,26.61,26.09,8802,11470000.0,1.96,-1.43,-0.38,0.58
2001-06-15,600095,25.81,26.24,26.24,25.75,5777,7455000.0,1.87,0.38,0.1,0.38
2001-06-18,600095,26.68,26.09,26.68,26.01,7637,9926000.0,2.55,-0.57,-0.15,0.51
2001-06-19,600095,26.03,26.35,26.35,25.81,4735,6138000.0,2.07,1.0,0.26,0.31
2001-06-20,600095,26.35,26.05,26.42,26.03,2920,3780000.0,1.48,-1.14,-0.3,0.19
2001-06-21,600095,26.16,26.29,26.42,26.01,3658,4743000.0,1.57,0.92,0.24,0.24
2001-06-22,600095,26.29,26.31,26.44,26.05,3900,5077000.0,1.48,0.08,0.02,0.26
2001-06-25,600095,26.24,26.7,26.76,26.22,7716,10147000.0,2.05,1.48,0.39,0.51
2001-06-26,600095,26.2,26.89,27.0,26.2,12146,16045000.0,3.0,0.71,0.19,0.8
2001-06-27,600095,26.91,26.87,27.0,26.7,7618,10121000.0,1.12,-0.07,-0.02,0.5
2001-06-28,600095,26.76,27.0,27.02,26.76,8243,10961000.0,0.97,0.48,0.13,0.55
2001-06-29,600095,27.0,26.5,27.0,26.5,4013,5319000.0,1.85,-1.85,-0.5,0.27
2001-07-02,600095,26.5,26.52,26.68,26.42,3307,4338000.0,0.98,0.08,0.02,0.22
2001-07-03,600095,26.57,26.78,26.78,26.46,4015,5286000.0,1.21,0.98,0.26,0.27
2001-07-04,600095,26.81,26.57,26.89,26.57,1981,2620000.0,1.19,-0.78,-0.21,0.13
2001-07-05,600095,26.52,26.24,26.61,26.24,3750,4907000.0,1.39,-1.24,-0.33,0.25
2001-07-06,600095,26.14,26.29,26.57,26.11,3179,4150000.0,1.75,0.19,0.05,0.21
2001-07-09,600095,26.29,26.31,26.46,26.03,2919,3806000.0,1.64,0.08,0.02,0.19
2001-07-10,600095,25.88,26.55,26.72,25.88,3051,4011000.0,3.19,0.91,0.24,0.2
2001-07-11,600095,26.55,26.5,26.68,26.42,2588,3398000.0,0.98,-0.19,-0.05,0.17
2001-07-12,600095,26.35,26.5,26.57,26.35,2396,3140000.0,0.83,0.0,0.0,0.16
2001-07-13,600095,26.42,26.44,26.68,26.42,2095,2756689.0,0.98,-0.23,-0.06,0.14
2001-07-16,600095,26.57,26.68,26.81,26.37,5875,7741000.0,1.66,0.91,0.24,0.39
2001-07-17,600095,26.68,26.72,26.85,26.5,3936,5192000.0,1.31,0.15,0.04,0.26
2001-07-18,600095,26.76,27.09,27.19,26.68,8924,11916000.0,1.91,1.38,0.37,0.59
2001-07-19,600095,27.11,26.93,27.19,26.89,3602,4802000.0,1.11,-0.59,-0.16,0.24
2001-07-20,600095,26.93,27.09,27.11,26.81,5179,6915000.0,1.11,0.59,0.16,0.34
2001-07-23,600095,27.13,27.22,27.43,27.11,7224,9739000.0,1.18,0.48,0.13,0.48
2001-07-24,600095,27.22,26.7,27.22,26.65,4801,6379000.0,2.09,-1.91,-0.52,0.32
2001-07-25,600095,26.63,26.44,26.63,26.29,4069,5326000.0,1.27,-0.97,-0.26,0.27
2001-07-26,600095,26.44,26.48,26.68,26.27,3711,4859000.0,1.55,0.15,0.04,0.25
2001-07-27,600095,26.48,25.88,26.48,25.81,4689,6034000.0,2.53,-2.27,-0.6,0.31
2001-07-30,600095,25.47,23.98,25.47,23.76,6300,7782000.0,6.61,-7.34,-1.9,0.42
2001-07-31,600095,23.65,24.09,24.73,23.44,4438,5363000.0,5.38,0.46,0.11,0.29
2001-08-01,600095,24.34,24.93,25.34,24.3,3708,4583000.0,4.32,3.49,0.84,0.25
2001-08-02,600095,24.91,25.49,25.92,24.52,10903,13780000.0,5.62,2.25,0.56,0.72
2001-08-03,600095,25.49,25.29,25.81,25.16,1998,2528000.0,2.55,-0.78,-0.2,0.13
2001-08-06,600095,25.29,24.43,25.36,24.34,3855,4732000.0,4.03,-3.4,-0.86,0.26
2001-08-07,600095,24.15,24.95,25.16,24.15,2335,2870000.0,4.13,2.13,0.52,0.15
2001-08-08,600095,24.95,24.6,24.95,24.54,982,1205000.0,1.64,-1.4,-0.35,0.07
2001-08-09,600095,24.6,25.29,25.79,24.6,2603,3250000.0,4.84,2.8,0.69,0.17
2001-08-10,600095,25.27,25.34,25.79,24.95,2473,3116000.0,3.32,0.2,0.05,0.16
2001-08-13,600095,25.49,25.12,25.49,25.08,2208,2764000.0,1.62,-0.87,-0.22,0.15
2001-08-14,600095,25.19,25.79,26.44,25.19,9182,11828000.0,4.98,2.67,0.67,0.61
2001-08-15,600095,25.7,25.92,26.46,25.66,5657,7344000.0,3.1,0.5,0.13,0.37
2001-08-16,600095,25.92,25.55,26.22,25.47,2340,2992000.0,2.89,-1.43,-0.37,0.15
2001-08-17,600095,25.38,25.4,25.62,25.29,1743,2198000.0,1.29,-0.59,-0.15,0.12
2001-08-20,600095,25.38,25.7,25.99,25.29,1172,1488000.0,2.76,1.18,0.3,0.08
2001-08-21,600095,25.62,25.81,26.14,24.75,1895,2432000.0,5.41,0.43,0.11,0.13
2001-08-22,600095,25.81,25.47,25.83,25.16,2183,2756000.0,2.6,-1.32,-0.34,0.14
2001-08-23,600095,25.16,25.47,25.58,25.01,1425,1786000.0,2.24,0.0,0.0,0.09
2001-08-24,600095,25.29,25.08,25.6,25.08,895,1125000.0,2.04,-1.53,-0.39,0.06
2001-08-27,600095,24.95,24.52,25.16,24.47,4370,5389000.0,2.75,-2.23,-0.56,0.29
2001-08-28,600095,24.09,24.73,24.73,23.87,2692,3277000.0,3.51,0.86,0.21,0.18
2001-08-29,600095,24.95,24.75,25.16,24.58,1218,1509000.0,2.35,0.08,0.02,0.08
2001-08-30,600095,24.71,24.73,24.95,24.63,1000,1230000.0,1.29,-0.08,-0.02,0.07
2001-08-31,600095,24.69,24.75,24.88,24.63,2592,3189000.0,1.01,0.08,0.02,0.17
2001-09-03,600095,24.8,24.47,25.49,24.47,1261,1546000.0,4.12,-1.13,-0.28,0.08
2001-09-04,600095,24.47,24.97,25.06,24.47,1181,1459000.0,2.41,2.04,0.5,0.08
2001-09-05,600095,24.97,25.12,25.7,24.97,2096,2638000.0,2.92,0.6,0.15,0.14
2001-09-06,600095,25.1,24.95,25.55,24.86,998,1243000.0,2.75,-0.68,-0.17,0.07
2001-09-07,600095,24.52,24.3,24.82,24.09,2574,3136000.0,2.93,-2.61,-0.65,0.17
2001-09-10,600095,24.09,24.88,24.95,23.78,2402,2916000.0,4.81,2.39,0.58,0.16
2001-09-11,600095,24.88,24.73,25.14,24.52,1552,1909000.0,2.49,-0.6,-0.15,0.1
2001-09-12,600095,24.52,24.26,24.52,23.68,3332,4015000.0,3.4,-1.9,-0.47,0.22
2001-09-13,600095,24.32,24.11,24.43,24.09,1460,1762000.0,1.4,-0.62,-0.15,0.1
2001-09-14,600095,24.11,24.19,24.73,23.89,3570,4337000.0,3.48,0.33,0.08,0.24
2001-09-17,600095,23.87,23.87,24.09,23.65,2249,2668000.0,1.82,-1.32,-0.32,0.15
2001-09-18,600095,23.87,24.15,24.86,23.76,5742,6977000.0,4.61,1.17,0.28,0.38
2001-09-19,600095,24.19,24.47,24.52,24.09,3266,3955000.0,1.78,1.33,0.32,0.22
2001-09-20,600095,24.52,24.3,24.54,24.0,5310,6440000.0,2.21,-0.69,-0.17,0.35
2001-09-21,600095,24.11,23.91,24.11,23.91,1350,1617000.0,0.82,-1.6,-0.39,0.09
2001-09-24,600095,23.91,23.76,24.19,23.65,1205,1434000.0,2.26,-0.63,-0.15,0.08
2001-09-25,600095,23.76,23.46,24.09,23.44,2047,2413000.0,2.74,-1.26,-0.3,0.14
2001-09-26,600095,23.46,23.01,23.61,23.01,2679,3124000.0,2.56,-1.92,-0.45,0.18
2001-09-27,600095,23.01,22.58,23.22,22.58,3241,3710000.0,2.78,-1.87,-0.43,0.21
2001-09-28,600095,22.9,21.82,22.9,21.5,5123,5662000.0,6.2,-3.37,-0.76,0.34
2001-10-08,600095,21.71,19.71,21.93,19.51,4264,4312000.0,11.09,-9.67,-2.11,0.28
2001-10-09,600095,19.45,20.27,20.42,19.34,2208,2221000.0,5.48,2.84,0.56,0.15
2001-10-10,600095,20.31,19.45,20.35,19.36,1867,1848000.0,4.88,-4.05,-0.82,0.12
2001-10-12,600095,18.15,19.55,19.88,17.72,5708,5434000.0,11.11,0.51,0.1,0.38
2001-10-15,600095,19.34,19.19,19.51,18.91,1955,1900000.0,3.07,-1.84,-0.36,0.13
2001-10-16,600095,19.12,18.58,19.12,18.48,1089,1033000.0,3.34,-3.18,-0.61,0.07
2001-10-17,600095,18.48,18.28,18.84,18.07,920,857000.0,4.14,-1.61,-0.3,0.06
2001-10-18,600095,18.67,17.85,18.67,17.83,815,751000.0,4.6,-2.35,-0.43,0.05
2001-10-19,600095,17.78,16.79,17.78,16.53,3154,2763000.0,7.0,-5.94,-1.06,0.21
2001-10-22,600095,16.53,15.86,16.68,15.73,2543,2149000.0,5.66,-5.54,-0.93,0.17
2001-10-23,600095,17.63,17.63,17.63,16.96,6581,5901000.0,4.22,11.16,1.77,0.44
2001-10-24,600095,18.99,19.55,19.58,18.91,15255,14899000.0,3.8,10.89,1.92,1.01
2001-10-25,600095,19.55,18.99,19.55,18.48,5644,5489000.0,5.47,-2.86,-0.56,0.37
2001-10-26,600095,18.71,19.01,19.32,18.71,3803,3673000.0,3.21,0.11,0.02,0.25
2001-10-29,600095,19.12,19.25,19.55,18.76,1534,1487000.0,4.16,1.26,0.24,0.1
2001-10-30,600095,19.49,18.82,19.49,18.82,1187,1145000.0,3.48,-2.23,-0.43,0.08
2001-10-31,600095,18.76,18.52,18.76,18.37,1459,1374000.0,2.07,-1.59,-0.3,0.1
2001-11-01,600095,18.69,18.86,19.01,18.69,930,892000.0,1.73,1.84,0.34,0.06
2001-11-02,600095,18.73,18.65,19.01,18.65,794,757000.0,1.91,-1.11,-0.21,0.05
2001-11-05,600095,18.63,18.15,18.63,18.0,1736,1605000.0,3.38,-2.68,-0.5,0.11
2001-11-06,600095,18.13,17.91,18.13,17.87,1143,1046000.0,1.43,-1.32,-0.24,0.08
2001-11-07,600095,17.83,16.81,17.83,16.79,3164,2776000.0,5.81,-6.14,-1.1,0.21
2001-11-08,600095,16.81,17.01,17.31,16.49,2018,1740000.0,4.88,1.19,0.2,0.13
2001-11-09,600095,16.99,17.35,17.59,16.84,1581,1394000.0,4.41,2.0,0.34,0.1
2001-11-12,600095,17.31,16.86,17.31,16.71,862,754000.0,3.46,-2.82,-0.49,0.06
2001-11-13,600095,16.86,16.79,16.96,16.71,641,554000.0,1.48,-0.42,-0.07,0.04
2001-11-14,600095,17.09,16.96,17.09,16.79,790,683000.0,1.79,1.01,0.17,0.05
2001-11-15,600095,16.96,17.09,17.27,16.9,835,729000.0,2.18,0.77,0.13,0.06
2001-11-16,600095,18.99,18.99,18.99,18.99,15159,14613000.0,0.0,11.12,1.9,1.0
2001-11-19,600095,18.99,19.9,19.94,18.69,15159,14613421.0,6.58,4.79,0.91,1.0
2001-11-20,600095,19.77,20.27,20.31,19.51,34960,34363657.0,4.02,1.86,0.37,2.32
2001-11-21,600095,20.2,20.18,20.31,19.88,13195,13372000.0,2.12,-0.44,-0.09,0.87
2001-11-22,600095,20.2,20.18,20.27,19.92,10809,10976000.0,1.73,0.0,0.0,0.72
2001-11-23,600095,20.24,20.33,20.96,20.2,15295,15890000.0,3.77,0.74,0.15,1.01
2001-11-26,600095,20.2,20.03,20.2,19.88,7110,7183000.0,1.57,-1.48,-0.3,0.47
2001-11-27,600095,20.12,20.46,20.55,19.99,5390,5532000.0,2.8,2.15,0.43,0.36
2001-11-28,600095,20.48,20.44,20.96,20.37,10905,11401000.0,2.88,-0.1,-0.02,0.72
2001-11-29,600095,20.37,20.53,20.85,20.29,4955,5142000.0,2.74,0.44,0.09,0.33
2001-11-30,600095,20.74,20.85,20.85,20.53,5472,5717000.0,1.56,1.56,0.32,0.36
2001-12-03,600095,20.96,21.06,21.17,20.55,7405,7826000.0,2.97,1.01,0.21,0.49
2001-12-04,600095,21.06,21.04,21.17,20.74,5313,5597000.0,2.04,-0.09,-0.02,0.35
2001-12-05,600095,20.81,20.01,21.02,19.99,10771,11126212.0,4.9,-4.9,-1.03,0.71
2001-12-06,600095,19.99,20.2,20.29,19.94,5416,5501296.0,1.75,0.95,0.19,0.36
2001-12-07,600095,20.31,20.12,20.42,19.99,3529,3596140.0,2.13,-0.4,-0.08,0.23
2001-12-10,600095,20.12,20.24,20.31,19.96,2296,2332403.0,1.74,0.6,0.12,0.15
2001-12-11,600095,20.2,20.05,20.31,20.03,2382,2426887.0,1.38,-0.94,-0.19,0.16
2001-12-12,600095,19.99,19.77,20.03,19.77,2906,2916978.0,1.3,-1.4,-0.28,0.19
2001-12-13,600095,19.77,19.25,19.88,19.25,3603,3571284.0,3.19,-2.63,-0.52,0.24
2001-12-14,600095,19.25,18.69,19.25,18.58,4104,3936454.0,3.48,-2.91,-0.56,0.27
2001-12-17,600095,18.56,18.76,18.91,18.39,1904,1813999.0,2.78,0.37,0.07,0.13
2001-12-18,600095,18.76,19.21,19.27,18.69,2043,1967129.0,3.09,2.4,0.45,0.14
2001-12-19,600095,19.3,18.69,19.34,18.69,2029,1960083.0,3.38,-2.71,-0.52,0.13
2001-12-20,600095,18.48,18.13,18.65,18.09,2702,2512349.0,3.0,-3.0,-0.56,0.18
2001-12-21,600095,18.13,18.37,18.52,18.11,1387,1289146.0,2.26,1.32,0.24,0.09
2001-12-24,600095,18.13,17.74,18.24,17.61,2275,2073317.0,3.43,-3.43,-0.63,0.15
2001-12-25,600095,18.15,17.85,18.15,17.78,1390,1267031.0,2.09,0.62,0.11,0.09
2001-12-26,600095,17.94,18.0,18.04,17.74,1252,1145180.0,1.68,0.84,0.15,0.08
2001-12-27,600095,18.04,18.02,18.26,18.0,1505,1386434.0,1.44,0.11,0.02,0.1
2001-12-28,600095,18.0,18.11,18.11,18.0,1137,1046727.0,0.61,0.5,0.09,0.08
2001-12-31,600095,18.17,18.19,18.45,18.17,1110,1034971.0,1.55,0.44,0.08,0.07
2002-01-04,600095,18.17,17.76,18.17,17.61,1142,1037511.0,3.08,-2.36,-0.43,0.08
2002-01-07,600095,17.57,17.53,17.61,17.42,994,891182.0,1.07,-1.3,-0.23,0.07
2002-01-08,600095,17.5,17.4,17.78,17.4,793,709989.0,2.17,-0.74,-0.13,0.05
2002-01-09,600095,17.4,16.96,17.4,16.96,1410,1238058.0,2.53,-2.53,-0.44,0.09
2002-01-10,600095,16.96,17.5,17.78,16.64,2374,2061651.0,6.72,3.18,0.54,0.16
2002-01-11,600095,17.5,16.79,17.5,16.75,976,852230.0,4.29,-4.06,-0.71,0.06
2002-01-14,600095,16.53,16.53,16.96,16.43,2302,1962214.0,3.16,-1.55,-0.26,0.15
2002-01-15,600095,16.43,16.32,16.53,16.32,1806,1525423.0,1.27,-1.27,-0.21,0.12
2002-01-17,600095,16.53,15.15,16.53,15.13,3811,3113765.0,8.58,-7.17,-1.17,0.25
2002-01-18,600095,14.81,14.22,14.91,13.94,4424,3333384.0,6.4,-6.14,-0.93,0.29
2002-01-21,600095,14.16,12.63,14.16,12.63,7402,5017871.0,10.76,-11.18,-1.59,0.49
2002-01-22,600095,12.39,12.43,14.05,11.18,6263,4188973.0,22.72,-1.58,-0.2,0.41
2002-01-23,600095,12.39,13.86,13.86,12.39,5274,3615395.0,11.83,11.5,1.43,0.35
2002-01-24,600095,13.81,14.07,14.59,13.12,9101,6727184.0,10.61,1.52,0.21,0.6
2002-01-25,600095,13.94,14.07,14.48,13.51,4027,2990516.0,6.89,0.0,0.0,0.27
2002-01-28,600095,13.94,12.71,14.16,12.65,5709,3995559.0,10.73,-9.67,-1.36,0.38
2002-01-29,600095,12.22,13.3,13.55,11.96,4314,2988109.0,12.51,4.64,0.59,0.29
2002-01-30,600095,13.21,13.36,13.51,13.17,2310,1625030.0,2.56,0.45,0.06,0.15
2002-01-31,600095,13.62,14.83,14.87,13.62,10735,8144512.0,9.36,11.0,1.47,0.71
2002-02-01,600095,14.98,14.91,15.35,14.59,8962,7020867.0,5.12,0.54,0.08,0.59
2002-02-04,600095,14.83,15.24,15.3,14.61,3473,2704558.0,4.63,2.21,0.33,0.23
2002-02-05,600095,15.26,15.24,15.63,15.02,4165,3303712.0,4.0,0.0,0.0,0.28
2002-02-06,600095,15.2,14.63,15.41,14.59,2988,2331611.0,5.38,-4.0,-0.61,0.2
2002-02-07,600095,14.59,16.02,16.27,14.55,12832,10539562.0,11.76,9.5,1.39,0.85
2002-02-08,600095,16.21,15.73,16.3,15.71,6396,5241296.0,3.68,-1.81,-0.29,0.42
2002-02-25,600095,15.56,15.69,16.08,15.56,7878,6393436.0,3.31,-0.25,-0.04,0.52
2002-02-26,600095,15.69,15.5,15.69,14.83,6044,4774170.0,5.48,-1.21,-0.19,0.4
2002-02-27,600095,15.45,15.48,15.5,15.22,3940,3148233.0,1.81,-0.13,-0.02,0.26
2002-02-28,600095,15.45,15.2,15.78,15.13,4160,3338466.0,4.2,-1.81,-0.28,0.28
2002-03-01,600095,15.11,14.98,15.2,14.89,3443,2683125.0,2.04,-1.45,-0.22,0.23
2002-03-04,600095,14.98,15.56,15.56,14.89,3576,2847599.0,4.47,3.87,0.58,0.24
2002-03-05,600095,15.56,15.95,16.08,15.56,15478,12659997.0,3.34,2.51,0.39,1.02
2002-03-06,600095,16.1,15.73,17.35,15.56,28511,23674321.0,11.22,-1.38,-0.22,1.89
2002-03-07,600095,15.71,16.53,16.53,15.71,21896,18201108.0,5.21,5.09,0.8,1.45
2002-03-08,600095,16.86,17.74,18.24,16.86,57859,51765444.0,8.35,7.32,1.21,3.83
2002-03-11,600095,17.72,17.76,17.85,17.2,25016,22368034.0,3.66,0.11,0.02,1.66
2002-03-12,600095,17.76,17.2,17.81,17.18,19035,17015733.0,3.55,-3.15,-0.56,1.26
2002-03-13,600095,16.96,16.71,17.4,16.68,12454,10875870.0,4.19,-2.85,-0.49,0.82
2002-03-14,600095,16.53,17.87,17.94,16.53,14806,13137412.0,8.44,6.94,1.16,0.98
2002-03-15,600095,18.69,18.52,19.83,18.48,107804,105949286.0,7.55,3.64,0.65,7.14
2002-03-18,600095,18.69,18.04,19.08,17.83,25822,24015202.0,6.75,-2.59,-0.48,1.71
2002-03-19,600095,18.15,18.43,18.45,17.94,15754,14604416.0,2.83,2.16,0.39,1.04
2002-03-20,600095,18.48,18.26,18.58,17.94,25540,23738451.0,3.47,-0.92,-0.17,1.69
2002-03-21,600095,18.26,18.17,18.5,17.94,16523,15299512.0,3.07,-0.49,-0.09,1.09
2002-03-22,600095,17.18,17.4,17.61,16.75,18944,16816345.0,4.73,-4.24,-0.77,1.25
2002-03-25,600095,17.35,17.14,17.4,16.86,17091,14917034.0,3.1,-1.49,-0.26,1.13
2002-03-26,600095,17.22,16.6,17.22,16.53,11159,9605963.0,4.03,-3.15,-0.54,0.74
2002-03-27,600095,16.53,17.2,17.27,16.34,13799,11766208.0,5.6,3.61,0.6,0.91
2002-03-28,600095,16.86,16.9,17.25,16.81,7392,6442297.0,2.56,-1.74,-0.3,0.49
2002-03-29,600095,16.88,15.97,16.88,15.84,11063,9262148.0,6.15,-5.5,-0.93,0.73
2002-04-01,600095,15.78,15.82,15.97,15.45,8053,6550915.0,3.26,-0.94,-0.15,0.53
2002-04-02,600095,15.89,15.67,16.08,15.54,5484,4471101.0,3.41,-0.95,-0.15,0.36
2002-04-03,600095,15.78,15.84,16.1,15.78,4758,3901949.0,2.04,1.08,0.17,0.32
2002-04-04,600095,15.86,16.49,16.53,15.63,7100,5917803.0,5.68,4.1,0.65,0.47
2002-04-05,600095,16.53,16.21,16.81,16.06,6778,5710876.0,4.55,-1.7,-0.28,0.45
2002-04-08,600095,16.23,16.53,16.94,16.19,4209,3569429.0,4.63,1.97,0.32,0.28
2002-04-09,600095,16.53,16.75,16.79,16.47,8690,7444958.0,1.94,1.33,0.22,0.58
2002-04-10,600095,16.75,17.14,17.61,16.62,14310,12594823.0,5.91,2.33,0.39,0.95
2002-04-11,600095,17.05,16.51,17.05,16.49,7151,6148418.0,3.27,-3.68,-0.63,0.47
2002-04-12,600095,16.51,16.58,16.73,16.49,3562,3040559.0,1.45,0.42,0.07,0.24
2002-04-15,600095,16.58,16.32,16.64,16.12,3870,3248525.0,3.14,-1.57,-0.26,0.26
2002-04-16,600095,16.3,16.51,16.73,16.19,3262,2768199.0,3.31,1.16,0.19,0.22
2002-04-17,600095,16.53,16.49,16.55,16.21,2248,1892472.0,2.06,-0.12,-0.02,0.15
2002-04-18,600095,16.49,16.08,16.53,16.06,2544,2126677.0,2.85,-2.49,-0.41,0.17
2002-04-19,600095,16.06,16.17,16.23,15.63,4518,3692771.0,3.73,0.56,0.09,0.3
2002-04-22,600095,16.1,16.21,16.43,15.89,4226,3544931.0,3.34,0.25,0.04,0.28
2002-04-23,600095,16.21,15.99,16.27,15.89,2927,2424283.0,2.34,-1.36,-0.22,0.19
2002-04-24,600095,16.21,15.89,16.21,15.78,2557,2097977.0,2.69,-0.63,-0.1,0.17
2002-04-25,600095,15.73,15.84,15.89,15.63,2894,2354067.0,1.64,-0.31,-0.05,0.19
2002-04-26,600095,15.84,16.02,16.25,15.78,4457,3687340.0,2.97,1.14,0.18,0.3
2002-04-29,600095,16.02,16.36,16.53,15.99,6152,5158672.0,3.37,2.12,0.34,0.41
2002-04-30,600095,16.43,16.27,16.47,16.17,4330,3629213.0,1.83,-0.55,-0.09,0.29
2002-05-08,600095,16.27,16.04,16.27,15.99,1558,1293318.0,1.72,-1.41,-0.23,0.1
2002-05-09,600095,15.99,16.21,16.21,15.78,3331,2752829.0,2.68,1.06,0.17,0.22
2002-05-10,600095,16.23,16.49,17.14,16.21,10312,8822386.0,5.74,1.73,0.28,0.68
2002-05-13,600095,16.43,16.06,16.43,16.02,3357,2804576.0,2.49,-2.61,-0.43,0.22
2002-05-14,600095,16.08,16.1,16.64,15.99,2695,2254293.0,4.05,0.25,0.04,0.18
2002-05-15,600095,15.67,16.02,16.32,15.67,2598,2161016.0,4.04,-0.5,-0.08,0.17
2002-05-16,600095,16.02,15.32,16.02,15.24,5628,4542083.0,4.87,-4.37,-0.7,0.37
2002-05-17,600095,15.32,15.65,15.67,15.24,4458,3571891.0,2.81,2.15,0.33,0.3
2002-05-20,600095,15.67,15.61,15.67,14.91,4177,3293154.0,4.86,-0.26,-0.04,0.28
2002-05-21,600095,15.78,16.14,16.86,15.78,12466,10458201.0,6.92,3.4,0.53,0.83
2002-05-22,600095,15.99,15.91,16.27,15.86,4417,3655734.0,2.54,-1.43,-0.23,0.29
2002-05-23,600095,15.99,15.97,16.27,15.89,2485,2057937.0,2.39,0.38,0.06,0.16
2002-05-24,600095,16.1,15.69,16.17,15.67,2843,2320226.0,3.13,-1.75,-0.28,0.19
2002-05-27,600095,15.65,15.84,15.99,15.65,1132,922096.0,2.17,0.96,0.15,0.07
2002-05-28,600095,15.91,15.82,16.04,15.78,1447,1187158.0,1.64,-0.13,-0.02,0.1
2002-05-29,600095,15.82,15.24,15.82,15.13,3773,3010525.0,4.36,-3.67,-0.58,0.25
2002-05-30,600095,15.24,15.13,15.67,14.81,2452,1923547.0,5.64,-0.72,-0.11,0.16
2002-05-31,600095,15.17,15.17,15.67,14.98,3197,2531671.0,4.56,0.26,0.04,0.21
2002-06-03,600095,15.02,14.81,15.02,14.74,2611,2014153.0,1.85,-2.37,-0.36,0.17
2002-06-04,600095,14.98,14.57,15.13,14.46,2358,1805727.0,4.52,-1.62,-0.24,0.16
2002-06-05,600095,14.59,14.16,14.7,14.12,3363,2513430.0,3.98,-2.81,-0.41,0.22
2002-06-06,600095,14.12,14.83,15.22,13.94,4350,3313509.0,9.04,4.73,0.67,0.29
2002-06-07,600095,14.83,15.09,15.3,14.61,4962,3879556.0,4.65,1.75,0.26,0.33
2002-06-10,600095,14.81,14.72,15.02,14.59,1524,1170028.0,2.85,-2.45,-0.37,0.1
2002-06-11,600095,14.72,14.85,15.02,14.66,2048,1579056.0,2.45,0.88,0.13,0.14
2002-06-12,600095,14.85,15.02,15.07,14.63,2765,2143751.0,2.96,1.14,0.17,0.18
2002-06-13,600095,15.02,15.0,15.15,14.83,2037,1585730.0,2.13,-0.13,-0.02,0.13
2002-06-14,600095,14.68,14.76,15.0,14.59,1934,1486631.0,2.73,-1.6,-0.24,0.13
2002-06-17,600095,14.61,14.53,14.87,14.33,1402,1067764.0,3.66,-1.56,-0.23,0.09
2002-06-18,600095,14.85,15.04,15.11,14.59,3973,3081249.0,3.58,3.51,0.51,0.26
2002-06-19,600095,15.0,14.81,15.0,14.7,1604,1237087.0,1.99,-1.53,-0.23,0.11
2002-06-20,600095,14.81,14.91,15.45,14.81,1601,1254522.0,4.32,0.68,0.1,0.11
2002-06-21,600095,14.89,15.89,15.93,14.89,11788,9490508.0,6.98,6.57,0.98,0.78
2002-06-24,600095,17.66,17.66,17.66,16.66,42304,37615791.0,6.29,11.14,1.77,2.8
2002-06-25,600095,17.61,17.03,17.66,16.86,24556,21807269.0,4.53,-3.57,-0.63,1.63
2002-06-26,600095,16.92,17.46,18.15,16.75,22618,20264972.0,8.22,2.52,0.43,1.5
2002-06-27,600095,16.9,17.4,17.59,16.9,12043,10680000.0,3.95,-0.34,-0.06,0.8
2002-07-01,600095,17.44,17.53,17.72,17.05,12972,11602023.0,3.85,0.75,0.13,0.86
2002-07-02,600095,17.53,18.52,18.78,17.46,39753,36559630.0,7.53,5.65,0.99,2.63
2002-07-03,600095,18.48,18.19,18.73,18.07,45701,42615570.0,3.56,-1.78,-0.33,3.03
2002-07-04,600095,18.19,18.07,18.37,18.02,13614,12629341.0,1.92,-0.66,-0.12,0.9
2002-07-05,600095,18.0,17.94,18.07,17.83,8923,8162402.0,1.33,-0.72,-0.13,0.59
2002-07-08,600095,17.94,17.96,18.24,17.89,4754,4360566.0,1.95,0.11,0.02,0.31
2002-07-09,600095,17.96,17.74,18.0,17.68,6680,6066941.0,1.78,-1.22,-0.22,0.44
2002-07-10,600095,17.74,17.61,17.85,17.55,10157,9165594.0,1.69,-0.73,-0.13,0.67
2002-07-11,600095,17.61,17.4,17.72,17.29,7205,6426200.0,2.44,-1.19,-0.21,0.48
2002-07-12,600095,17.4,17.29,17.5,17.22,5121,4540366.0,1.61,-0.63,-0.11,0.34
2002-07-15,600095,17.18,17.37,17.59,16.96,4731,4185835.0,3.64,0.46,0.08,0.31
2002-07-16,600095,17.12,17.46,17.81,17.12,2834,2538697.0,3.97,0.52,0.09,0.19
2002-07-17,600095,17.42,17.61,17.61,17.37,3523,3156184.0,1.37,0.86,0.15,0.23
2002-07-18,600095,17.68,17.46,17.72,17.44,2507,2257562.0,1.59,-0.85,-0.15,0.17
2002-07-19,600095,17.4,17.63,17.76,17.31,3196,2868794.0,2.58,0.97,0.17,0.21
2002-07-22,600095,17.61,17.35,17.66,17.18,3653,3263462.0,2.72,-1.59,-0.28,0.24
2002-07-23,600095,17.18,17.27,17.61,17.16,2111,1881877.0,2.59,-0.46,-0.08,0.14
2002-07-24,600095,17.31,17.4,17.7,17.25,2646,2369097.0,2.61,0.75,0.13,0.18
2002-07-25,600095,17.59,17.66,17.72,17.25,5834,5242987.0,2.7,1.49,0.26,0.39
2002-07-26,600095,17.66,17.66,17.72,17.42,2007,1802688.0,1.7,0.0,0.0,0.13
2002-07-29,600095,17.61,17.48,17.61,17.35,1490,1330167.0,1.47,-1.02,-0.18,0.1
2002-07-30,600095,17.55,17.61,17.72,17.4,2906,2616464.0,1.83,0.74,0.13,0.19
2002-07-31,600095,17.72,17.72,18.07,17.61,8279,7561444.0,2.61,0.62,0.11,0.55
2002-08-01,600095,17.66,17.78,17.78,17.35,3213,2879009.0,2.43,0.34,0.06,0.21
2002-08-02,600095,17.94,17.78,17.94,17.5,2957,2667898.0,2.47,0.0,0.0,0.2
2002-08-05,600095,17.61,17.72,17.76,17.5,2224,2002000.0,1.46,-0.34,-0.06,0.15
2002-08-06,600095,17.61,17.55,17.72,17.4,2600,2335475.0,1.81,-0.96,-0.17,0.17
2002-08-07,600095,17.44,17.37,17.61,17.37,1270,1132635.0,1.37,-1.03,-0.18,0.08
2002-08-08,600095,17.4,17.4,17.5,17.14,3866,3415327.0,2.07,0.17,0.03,0.26
2002-08-09,600095,17.2,17.01,17.25,16.99,1880,1650219.0,1.49,-2.24,-0.39,0.12
2002-08-12,600095,16.9,16.55,16.96,16.55,1998,1711026.0,2.41,-2.7,-0.46,0.13
2002-08-13,600095,16.55,16.62,16.84,16.55,974,834181.0,1.75,0.42,0.07,0.06
2002-08-14,600095,16.58,16.73,16.73,16.58,660,564270.0,0.9,0.66,0.11,0.04
2002-08-15,600095,16.66,16.55,16.77,16.53,893,763851.0,1.43,-1.08,-0.18,0.06
2002-08-16,600095,16.32,16.36,16.64,16.23,1956,1651602.0,2.48,-1.15,-0.19,0.13
2002-08-19,600095,16.36,16.34,16.51,16.32,3745,3161127.0,1.16,-0.12,-0.02,0.25
2002-08-20,600095,16.51,16.66,16.68,16.3,4259,3599244.0,2.33,1.96,0.32,0.28
2002-08-21,600095,16.66,16.49,16.66,16.36,1520,1289093.0,1.8,-1.02,-0.17,0.1
2002-08-22,600095,16.66,16.73,16.9,16.43,2979,2560588.0,2.85,1.46,0.24,0.2
2002-08-23,600095,16.53,16.47,16.64,16.38,3132,2650419.0,1.55,-1.55,-0.26,0.21
2002-08-26,600095,16.47,15.95,16.47,15.89,7041,5828437.0,3.52,-3.16,-0.52,0.47
2002-08-27,600095,15.93,16.12,16.19,15.89,3356,2782296.0,1.88,1.07,0.17,0.22
2002-08-28,600095,16.14,16.08,16.23,16.04,2417,2005000.0,1.18,-0.25,-0.04,0.16
2002-08-29,600095,16.02,16.06,16.06,15.91,2480,2042753.0,0.93,-0.12,-0.02,0.16
2002-08-30,600095,16.06,16.02,16.19,15.99,2419,2004152.0,1.25,-0.25,-0.04,0.16
2002-09-02,600095,16.1,15.93,16.1,15.91,1570,1291763.0,1.19,-0.56,-0.09,0.1
2002-09-03,600095,15.93,15.97,16.1,15.93,1597,1319655.0,1.07,0.25,0.04,0.11
2002-09-04,600095,16.02,16.32,16.79,15.99,9438,7965532.0,5.01,2.19,0.35,0.62
2002-09-05,600095,16.34,16.27,16.36,15.95,3213,2664665.0,2.51,-0.31,-0.05,0.21
2002-09-06,600095,16.1,16.27,16.51,16.1,2666,2240181.0,2.52,0.0,0.0,0.18
2002-09-09,600095,16.23,16.25,16.4,15.86,2409,1989874.0,3.32,-0.12,-0.02,0.16
2002-09-10,600095,16.21,16.21,16.4,16.1,1430,1195676.0,1.85,-0.25,-0.04,0.09
2002-09-11,600095,16.17,16.02,16.25,15.89,2341,1929381.0,2.22,-1.17,-0.19,0.16
2002-09-12,600095,16.02,16.02,16.1,15.78,2532,2093126.0,2.0,0.0,0.0,0.17
2002-09-13,600095,16.02,15.89,16.08,15.82,2112,1737265.0,1.62,-0.81,-0.13,0.14
2002-09-16,600095,15.82,15.56,15.84,15.56,2028,1642405.0,1.76,-2.08,-0.33,0.13
2002-09-17,600095,15.56,15.63,15.99,15.56,3105,2527272.0,2.76,0.45,0.07,0.21
2002-09-18,600095,15.65,15.67,15.93,15.56,2209,1792898.0,2.37,0.26,0.04,0.15
2002-09-19,600095,15.52,15.86,15.99,15.5,1789,1452416.0,3.13,1.21,0.19,0.12
2002-09-20,600095,15.89,15.58,15.89,15.56,570,461843.0,2.08,-1.77,-0.28,0.04
2002-09-23,600095,15.52,15.48,15.58,15.45,1274,1021390.0,0.83,-0.64,-0.1,0.08
2002-09-24,600095,15.45,15.58,15.97,15.45,1515,1222890.0,3.36,0.65,0.1,0.1
2002-09-25,600095,15.45,15.5,15.58,15.45,1346,1078553.0,0.83,-0.51,-0.08,0.09
2002-09-26,600095,15.5,15.35,15.5,15.3,1515,1210759.0,1.29,-0.97,-0.15,0.1
2002-09-27,600095,15.37,15.11,15.41,15.02,1460,1146048.0,2.54,-1.56,-0.24,0.1
2002-10-08,600095,14.83,14.89,14.98,14.83,3342,2586029.0,0.99,-1.46,-0.22,0.22
2002-10-09,600095,14.91,14.7,14.91,14.7,1265,971324.0,1.41,-1.28,-0.19,0.08
2002-10-10,600095,14.7,14.72,14.85,14.7,934,717294.0,1.02,0.14,0.02,0.06
2002-10-11,600095,14.72,14.59,14.94,14.48,939,719573.0,3.13,-0.88,-0.13,0.06
2002-10-14,600095,14.57,14.83,15.24,13.94,2331,1755806.0,8.91,1.64,0.24,0.15
2002-10-15,600095,14.81,14.72,15.02,14.61,1017,785873.0,2.76,-0.74,-0.11,0.07
2002-10-16,600095,14.87,14.89,15.24,14.79,2640,2053623.0,3.06,1.15,0.17,0.17
2002-10-17,600095,14.94,14.87,14.94,14.29,2211,1675498.0,4.37,-0.13,-0.02,0.15
2002-10-18,600095,14.79,14.74,14.98,14.48,1832,1409460.0,3.36,-0.87,-0.13,0.12
2002-10-21,600095,14.5,14.55,14.57,14.33,852,641095.0,1.63,-1.29,-0.19,0.06
2002-10-22,600095,14.55,14.66,14.81,14.4,3749,2859437.0,2.82,0.76,0.11,0.25
2002-10-23,600095,14.42,14.5,14.66,14.42,1280,970555.0,1.64,-1.09,-0.16,0.08
2002-10-24,600095,14.5,14.31,14.59,14.27,1373,1031822.0,2.21,-1.31,-0.19,0.09
2002-10-25,600095,14.48,14.25,14.59,14.16,1210,902512.0,3.0,-0.42,-0.06,0.08
2002-10-28,600095,14.16,13.64,14.16,13.64,2579,1864029.0,3.65,-4.28,-0.61,0.17
2002-10-29,600095,13.73,13.58,13.73,13.36,2100,1491304.0,2.71,-0.44,-0.06,0.14
2002-10-30,600095,14.12,13.66,14.16,13.53,3277,2349961.0,4.64,0.59,0.08,0.22
2002-10-31,600095,13.64,13.58,13.68,13.51,3328,2377369.0,1.24,-0.59,-0.08,0.22
2002-11-01,600095,13.58,13.45,13.58,13.3,1660,1170715.0,2.06,-0.96,-0.13,0.11
2002-11-04,600095,13.45,13.86,13.9,13.45,2596,1871843.0,3.35,3.05,0.41,0.17
2002-11-05,600095,14.05,14.44,14.61,14.05,9009,6726372.0,4.04,4.18,0.58,0.6
2002-11-06,600095,14.44,14.31,14.44,14.16,2072,1543672.0,1.94,-0.9,-0.13,0.14
2002-11-07,600095,14.38,14.16,14.53,14.12,2687,1990554.0,2.87,-1.05,-0.15,0.18
2002-11-08,600095,13.34,13.49,14.12,13.34,2641,1886102.0,5.51,-4.73,-0.67,0.17
2002-11-11,600095,13.51,13.4,13.62,13.36,1474,1041987.0,1.93,-0.67,-0.09,0.1
2002-11-12,600095,13.4,13.02,13.47,12.97,2721,1891743.0,3.73,-2.84,-0.38,0.18
2002-11-13,600095,12.67,12.86,12.86,12.32,2901,1938691.0,4.15,-1.23,-0.16,0.19
2002-11-14,600095,12.82,12.39,12.82,12.39,1606,1067416.0,3.34,-3.65,-0.47,0.11
2002-11-15,600095,12.32,12.52,12.67,12.26,1931,1281259.0,3.31,1.05,0.13,0.13
2002-11-18,600095,12.43,12.41,12.52,12.28,930,612096.0,1.92,-0.88,-0.11,0.06
2002-11-19,600095,12.39,12.63,12.63,12.39,1515,1004584.0,1.93,1.77,0.22,0.1
2002-11-20,600095,12.65,12.22,12.65,12.22,1195,781886.0,3.4,-3.25,-0.41,0.08
2002-11-21,600095,12.22,11.4,12.22,11.35,2647,1656201.0,7.12,-6.71,-0.82,0.18
2002-11-22,600095,11.46,11.53,11.79,11.18,2847,1754492.0,5.35,1.14,0.13,0.19
2002-11-25,600095,11.18,11.35,11.53,11.18,1273,778858.0,3.04,-1.56,-0.18,0.08
2002-11-26,600095,11.38,11.18,11.61,11.18,1828,1117558.0,3.79,-1.5,-0.17,0.12
2002-11-27,600095,10.88,10.88,11.16,10.71,3274,1926811.0,4.03,-2.68,-0.3,0.22
2002-11-28,600095,11.03,12.15,12.15,10.92,26763,16908565.0,11.31,11.67,1.27,1.77
2002-11-29,600095,12.28,12.54,13.08,12.13,42198,28210581.0,7.82,3.21,0.39,2.79
2002-12-02,600095,12.26,11.83,12.39,11.79,13488,8670620.0,4.78,-5.66,-0.71,0.89
2002-12-03,600095,11.66,12.28,12.39,11.57,8862,5721716.0,6.93,3.8,0.45,0.59
2002-12-04,600095,12.48,12.13,12.48,12.11,7669,5007729.0,3.01,-1.22,-0.15,0.51
2002-12-05,600095,12.11,12.0,12.32,11.74,5974,3804760.0,4.78,-1.07,-0.13,0.4
2002-12-06,600095,12.0,11.96,12.24,11.89,5344,3437238.0,2.92,-0.33,-0.04,0.35
2002-12-09,600095,11.96,11.91,12.17,11.87,3037,1943821.0,2.51,-0.42,-0.05,0.2
2002-12-10,600095,11.87,11.5,11.98,11.46,4269,2666365.0,4.37,-3.44,-0.41,0.28
2002-12-11,600095,11.44,11.79,11.83,11.4,4705,2931918.0,3.74,2.52,0.29,0.31
2002-12-12,600095,11.79,11.87,12.2,11.63,4997,3190306.0,4.83,0.68,0.08,0.33
2002-12-13,600095,11.72,11.96,12.11,11.53,7560,4775520.0,4.89,0.76,0.09,0.5
2002-12-16,600095,12.0,12.22,12.32,11.94,9021,5835942.0,3.18,2.17,0.26,0.6
2002-12-17,600095,12.24,12.26,12.32,12.02,5833,3781762.0,2.45,0.33,0.04,0.39
2002-12-18,600095,12.24,11.98,12.39,11.94,5278,3417221.0,3.67,-2.28,-0.28,0.35
2002-12-19,600095,11.85,11.96,12.3,11.72,4580,2912807.0,4.84,-0.17,-0.02,0.3
2002-12-20,600095,11.96,12.91,13.34,11.79,48303,32805875.0,12.96,7.94,0.95,3.2
2002-12-23,600095,12.86,12.65,12.95,12.61,18473,12487013.0,2.63,-2.01,-0.26,1.22
2002-12-24,600095,12.52,12.8,12.82,12.45,7191,4804484.0,2.92,1.19,0.15,0.48
2002-12-25,600095,12.84,12.58,12.84,12.56,4659,3124948.0,2.19,-1.72,-0.22,0.31
2002-12-26,600095,12.54,11.81,12.54,11.79,9998,6467210.0,5.96,-6.12,-0.77,0.66
2002-12-27,600095,11.74,12.02,12.39,11.59,8428,5339331.0,6.77,1.78,0.21,0.56
2002-12-30,600095,11.79,11.72,11.98,11.61,3844,2417152.0,3.08,-2.5,-0.3,0.25
2002-12-31,600095,11.7,11.46,11.94,11.46,3852,2412616.0,4.1,-2.22,-0.26,0.26
2003-01-02,600095,11.48,11.55,11.91,11.46,5811,3622256.0,3.93,0.79,0.09,0.38
2003-01-03,600095,11.57,11.61,11.74,11.42,3122,1940010.0,2.77,0.52,0.06,0.21
2003-01-06,600095,11.57,11.89,11.96,11.35,6601,4163616.0,5.25,2.41,0.28,0.44
2003-01-07,600095,11.96,11.76,12.22,11.57,7932,5054921.0,5.47,-1.09,-0.13,0.53
2003-01-08,600095,11.63,12.11,12.11,11.61,7364,4689348.0,4.25,2.98,0.35,0.49
2003-01-09,600095,12.13,12.45,12.61,12.04,28166,18507934.0,4.71,2.81,0.34,1.87
2003-01-10,600095,12.5,12.07,12.63,12.07,14552,9541622.0,4.5,-3.05,-0.38,0.96
2003-01-13,600095,12.07,12.52,12.54,11.89,11482,7481838.0,5.39,3.73,0.45,0.76
2003-01-14,600095,12.54,13.12,13.27,12.43,48869,33335408.0,6.71,4.79,0.6,3.24
2003-01-15,600095,13.19,13.02,13.62,12.76,33106,23011720.0,6.55,-0.76,-0.1,2.19
2003-01-16,600095,13.02,13.32,13.45,12.8,22002,15273823.0,4.99,2.3,0.3,1.46
2003-01-17,600095,13.47,13.02,13.51,12.97,14866,10286363.0,4.05,-2.25,-0.3,0.98
2003-01-20,600095,13.02,13.06,13.34,12.67,14062,9689240.0,5.15,0.31,0.04,0.93
2003-01-21,600095,13.27,13.45,14.5,13.25,64244,46619076.0,9.57,2.99,0.39,4.25
2003-01-22,600095,13.27,13.45,13.49,13.02,19870,13853059.0,3.49,0.0,0.0,1.32
2003-01-23,600095,13.43,13.02,13.47,12.86,12601,8741240.0,4.54,-3.2,-0.43,0.83
2003-01-24,600095,13.06,13.3,13.38,12.91,10369,7194708.0,3.61,2.15,0.28,0.69
2003-01-27,600095,13.3,13.51,13.6,13.27,11550,8189242.0,2.48,1.58,0.21,0.76
2003-01-28,600095,13.51,13.45,13.62,13.27,8893,6274790.0,2.59,-0.44,-0.06,0.59
2003-01-29,600095,13.9,13.55,13.96,13.49,14179,10174808.0,3.49,0.74,0.1,0.94
2003-02-11,600095,13.3,13.53,13.55,13.19,5637,3968654.0,2.66,-0.15,-0.02,0.37
2003-02-12,600095,13.49,13.77,13.79,13.36,9715,6945512.0,3.18,1.77,0.24,0.64
2003-02-13,600095,13.84,13.6,13.92,13.6,11462,8251782.0,2.32,-1.23,-0.17,0.76
2003-02-14,600095,13.51,13.6,13.73,13.51,5377,3842588.0,1.62,0.0,0.0,0.36
2003-02-17,600095,13.55,13.3,13.68,13.23,9144,6451264.0,3.31,-2.21,-0.3,0.61
2003-02-18,600095,13.3,13.32,13.38,13.19,5471,3821835.0,1.43,0.15,0.02,0.36
2003-02-19,600095,13.3,13.45,13.47,13.25,3954,2779447.0,1.65,0.98,0.13,0.26
2003-02-20,600095,13.45,13.4,13.62,13.4,4970,3527811.0,1.64,-0.37,-0.05,0.33
2003-02-21,600095,13.38,12.99,13.38,12.93,7599,5244522.0,3.36,-3.06,-0.41,0.5
2003-02-24,600095,12.86,12.97,13.08,12.82,3409,2336540.0,2.0,-0.15,-0.02,0.23
2003-02-25,600095,12.86,13.47,13.49,12.86,7595,5314872.0,4.86,3.86,0.5,0.5
2003-02-26,600095,13.51,13.32,13.55,13.25,3270,2295890.0,2.23,-1.11,-0.15,0.22
2003-02-27,600095,13.32,13.21,13.47,13.1,3191,2232823.0,2.78,-0.83,-0.11,0.21
2003-02-28,600095,13.08,13.14,13.25,13.08,2739,1899668.0,1.29,-0.53,-0.07,0.18
2003-03-03,600095,13.19,13.25,13.27,13.08,2559,1777351.0,1.45,0.84,0.11,0.17
2003-03-04,600095,13.36,13.3,13.4,13.23,3186,2227893.0,1.28,0.38,0.05,0.21
2003-03-05,600095,13.36,13.1,13.36,13.04,2271,1570372.0,2.41,-1.5,-0.2,0.15
2003-03-06,600095,13.08,12.8,13.1,12.78,5199,3540063.0,2.44,-2.29,-0.3,0.34
2003-03-07,600095,12.71,12.82,12.86,12.71,2810,1900873.0,1.17,0.16,0.02,0.19
2003-03-10,600095,12.86,12.41,12.86,12.39,3541,2354056.0,3.67,-3.2,-0.41,0.23
2003-03-11,600095,12.41,12.32,12.54,12.26,2559,1680890.0,2.26,-0.73,-0.09,0.17
2003-03-12,600095,12.37,12.3,12.43,12.17,2129,1389111.0,2.11,-0.16,-0.02,0.14
2003-03-13,600095,12.41,12.15,12.41,12.11,3154,2047280.0,2.44,-1.22,-0.15,0.21
2003-03-14,600095,12.22,12.2,12.28,12.09,1572,1019398.0,1.56,0.41,0.05,0.1
2003-03-17,600095,12.15,12.02,12.17,11.79,3143,2003346.0,3.11,-1.48,-0.18,0.21
2003-03-18,600095,12.02,12.0,12.28,12.0,2822,1824300.0,2.33,-0.17,-0.02,0.19
2003-03-19,600095,12.11,12.07,12.11,11.91,1514,969331.0,1.67,0.58,0.07,0.1
2003-03-20,600095,12.07,11.94,12.15,11.89,2687,1716860.0,2.15,-1.08,-0.13,0.18
2003-03-21,600095,11.83,12.07,12.07,11.81,1669,1068436.0,2.18,1.09,0.13,0.11
2003-03-24,600095,12.11,12.22,12.24,12.09,1476,956370.0,1.24,1.24,0.15,0.1
2003-03-25,600095,12.2,11.91,12.2,11.85,1830,1167184.0,2.86,-2.54,-0.31,0.12
2003-03-26,600095,11.89,11.89,11.96,11.81,965,612871.0,1.26,-0.17,-0.02,0.06
2003-03-27,600095,11.89,12.28,12.39,11.74,3122,2005657.0,5.47,3.28,0.39,0.21
2003-03-28,600095,12.35,12.17,12.35,12.13,2927,1904767.0,1.79,-0.9,-0.11,0.19
2003-03-31,600095,12.17,12.22,12.26,12.02,2932,1895274.0,1.97,0.41,0.05,0.19
2003-04-01,600095,12.22,12.41,12.45,12.17,3273,2148860.0,2.29,1.55,0.19,0.22
2003-04-02,600095,12.41,12.35,12.41,12.28,2609,1710199.0,1.05,-0.48,-0.06,0.17
2003-04-03,600095,12.35,12.43,12.54,12.32,3989,2639539.0,1.78,0.65,0.08,0.26
2003-04-04,600095,12.54,12.54,12.67,12.39,4951,3295948.0,2.25,0.88,0.11,0.33
2003-04-07,600095,12.5,12.28,12.61,12.24,2728,1795432.0,2.95,-2.07,-0.26,0.18
2003-04-08,600095,12.17,12.39,12.39,12.17,3374,2203233.0,1.79,0.9,0.11,0.22
2003-04-09,600095,10.97,12.17,12.58,10.97,7092,4594762.0,12.99,-1.78,-0.22,0.47
2003-04-10,600095,12.17,12.28,12.41,11.7,12780,8173663.0,5.83,0.9,0.11,0.85
2003-04-11,600095,12.28,12.22,12.39,12.0,10849,7020972.0,3.18,-0.49,-0.06,0.72
2003-04-14,600095,12.22,13.02,13.08,12.22,19794,13319087.0,7.04,6.55,0.8,1.31
2003-04-15,600095,13.04,12.97,13.21,12.76,11706,7976830.0,3.46,-0.38,-0.05,0.78
2003-04-16,600095,12.97,12.52,13.08,12.48,14399,9733658.0,4.63,-3.47,-0.45,0.95
2003-04-17,600095,12.52,12.93,13.06,12.35,14580,9855284.0,5.67,3.27,0.41,0.97
2003-04-18,600095,12.93,12.8,13.08,12.76,8971,6115745.0,2.47,-1.01,-0.13,0.59
2003-04-21,600095,12.76,13.38,13.49,12.76,23211,16066070.0,5.7,4.53,0.58,1.54
2003-04-22,600095,13.3,13.17,13.34,12.97,12183,8439836.0,2.77,-1.57,-0.21,0.81
2003-04-23,600095,13.19,12.65,13.3,12.65,8153,5572027.0,4.94,-3.95,-0.52,0.54
2003-04-24,600095,12.61,12.07,12.69,11.91,8980,5859081.0,6.17,-4.58,-0.58,0.59
2003-04-25,600095,12.07,12.0,12.65,11.89,7204,4687033.0,6.3,-0.58,-0.07,0.48
2003-04-28,600095,11.96,12.8,12.95,11.89,18711,12492542.0,8.83,6.67,0.8,1.24
2003-04-29,600095,12.97,13.04,13.84,12.97,53050,37402512.0,6.8,1.88,0.24,3.51
2003-04-30,600095,12.86,12.15,12.86,11.89,16602,10806781.0,7.44,-6.83,-0.89,1.1
2003-05-12,600095,12.04,11.5,12.26,11.44,13901,8716886.0,6.75,-5.35,-0.65,0.92
2003-05-13,600095,11.53,11.46,11.66,11.22,8743,5349586.0,3.83,-0.35,-0.04,0.58
2003-05-14,600095,11.5,11.7,11.72,11.35,5090,3152210.0,3.23,2.09,0.24,0.34
2003-05-15,600095,11.63,12.15,12.43,11.4,12683,8108523.0,8.8,3.85,0.45,0.84
2003-05-16,600095,12.22,11.91,12.24,11.85,5549,3537480.0,3.21,-1.98,-0.24,0.37
2003-05-19,600095,11.91,12.15,12.3,11.91,5263,3399248.0,3.27,2.02,0.24,0.35
2003-05-20,600095,12.28,11.74,12.28,11.7,5012,3172839.0,4.77,-3.37,-0.41,0.33
2003-05-21,600095,11.79,11.81,12.0,11.74,2664,1688793.0,2.21,0.6,0.07,0.18
2003-05-22,600095,11.98,11.79,12.0,11.7,2669,1685049.0,2.54,-0.17,-0.02,0.18
2003-05-23,600095,11.79,11.87,12.0,11.63,7999,5037666.0,3.14,0.68,0.08,0.53
2003-05-26,600095,11.87,11.91,12.0,11.81,4714,2998416.0,1.6,0.34,0.04,0.31
2003-05-27,600095,11.96,12.07,12.17,11.72,6712,4286916.0,3.78,1.34,0.16,0.44
2003-05-28,600095,11.96,12.09,12.28,11.91,6714,4340021.0,3.07,0.17,0.02,0.44
2003-05-29,600095,12.09,12.58,12.61,12.04,14921,9814689.0,4.71,4.05,0.49,0.99
2003-05-30,600095,12.58,12.43,12.61,12.39,8780,5807444.0,1.75,-1.19,-0.15,0.58
2003-06-02,600095,12.43,12.26,12.43,12.13,5424,3532584.0,2.41,-1.37,-0.17,0.36
2003-06-03,600095,12.26,12.09,12.3,12.07,5706,3695955.0,1.88,-1.39,-0.17,0.38
2003-06-04,600095,12.11,11.94,12.15,11.83,6255,3995636.0,2.65,-1.24,-0.15,0.41
2003-06-05,600095,11.96,11.98,12.13,11.85,4309,2744373.0,2.35,0.34,0.04,0.29
2003-06-06,600095,12.0,11.72,12.0,11.7,3861,2445625.0,2.5,-2.17,-0.26,0.26
2003-06-09,600095,11.66,11.53,11.72,11.5,4294,2665807.0,1.88,-1.62,-0.19,0.28
2003-06-10,600095,11.57,11.61,11.74,11.5,1586,986614.0,2.08,0.69,0.08,0.11
2003-06-11,600095,11.74,11.83,11.89,11.61,3215,2021371.0,2.41,1.89,0.22,0.21
2003-06-12,600095,11.83,11.72,11.87,11.66,2262,1418006.0,1.78,-0.93,-0.11,0.15
2003-06-13,600095,11.72,12.07,12.11,11.72,6080,3883331.0,3.33,2.99,0.35,0.4
2003-06-16,600095,12.17,12.32,12.43,12.13,13632,8902245.0,2.49,2.07,0.25,0.9
2003-06-17,600095,12.3,12.09,12.32,12.0,4331,2801634.0,2.6,-1.87,-0.23,0.29
2003-06-18,600095,12.09,11.96,12.17,11.94,2974,1915592.0,1.9,-1.08,-0.13,0.2
2003-06-19,600095,12.0,11.87,12.02,11.76,3100,1964514.0,2.17,-0.75,-0.09,0.21
2003-06-23,600095,11.74,11.61,11.76,11.57,3063,1910255.0,1.6,-2.19,-0.26,0.2
2003-06-24,600095,11.61,11.66,11.76,11.55,2194,1365153.0,1.81,0.43,0.05,0.15
2003-06-25,600095,11.59,11.59,11.74,11.55,2215,1378777.0,1.63,-0.6,-0.07,0.15
2003-06-26,600095,11.57,11.83,11.89,11.57,3334,2091658.0,2.76,2.07,0.24,0.22
2003-06-27,600095,11.76,11.5,11.87,11.44,2333,1453118.0,3.63,-2.79,-0.33,0.15
2003-06-30,600095,11.5,11.35,11.57,11.31,2608,1596762.0,2.26,-1.3,-0.15,0.17
2003-07-01,600095,11.31,11.35,11.46,11.31,1857,1134121.0,1.32,0.0,0.0,0.12
2003-07-02,600095,11.35,11.4,11.42,11.25,2006,1222345.0,1.5,0.44,0.05,0.13
2003-07-03,600095,11.4,11.4,11.5,11.35,1102,675666.0,1.32,0.0,0.0,0.07
2003-07-04,600095,11.4,11.35,11.42,11.33,1185,723548.0,0.79,-0.44,-0.05,0.08
2003-07-07,600095,11.35,11.29,11.35,11.25,2127,1289651.0,0.88,-0.53,-0.06,0.14
2003-07-08,600095,11.31,11.42,11.57,11.29,1371,841871.0,2.48,1.15,0.13,0.09
2003-07-09,600095,11.46,11.31,11.46,11.29,1282,781767.0,1.49,-0.96,-0.11,0.08
2003-07-10,600095,11.27,11.5,11.57,11.27,2970,1820904.0,2.65,1.68,0.19,0.2
2003-07-11,600095,11.53,11.48,11.57,11.44,2178,1344584.0,1.13,-0.17,-0.02,0.14
2003-07-14,600095,11.48,11.31,11.48,11.29,2347,1430148.0,1.66,-1.48,-0.17,0.16
2003-07-15,600095,11.31,11.33,11.4,11.25,2150,1305856.0,1.33,0.18,0.02,0.14
2003-07-16,600095,11.27,11.33,11.35,11.27,1726,1048579.0,0.71,0.0,0.0,0.11
2003-07-17,600095,11.33,11.27,11.33,11.22,3793,2297507.0,0.97,-0.53,-0.06,0.25
2003-07-18,600095,11.29,10.94,11.29,10.92,4548,2717774.0,3.28,-2.93,-0.33,0.3
2003-07-21,600095,10.94,10.71,10.94,10.64,3795,2205496.0,2.74,-2.1,-0.23,0.25
2003-07-22,600095,10.71,10.75,10.92,10.71,2158,1258114.0,1.96,0.37,0.04,0.14
2003-07-23,600095,10.84,10.94,11.01,10.77,1448,852144.0,2.23,1.77,0.19,0.1
2003-07-24,600095,10.94,10.75,11.01,10.75,1118,654563.0,2.38,-1.74,-0.19,0.07
2003-07-25,600095,10.75,11.2,11.22,10.68,7932,4728396.0,5.02,4.19,0.45,0.53
2003-07-28,600095,11.35,11.31,11.76,11.31,20939,12950313.0,4.02,0.98,0.11,1.39
2003-07-29,600095,11.31,11.09,11.35,10.92,6373,3815179.0,3.8,-1.95,-0.22,0.42
2003-07-30,600095,11.05,10.9,11.14,10.79,4553,2680875.0,3.16,-1.71,-0.19,0.3
2003-07-31,600095,10.9,10.92,11.03,10.84,1683,995638.0,1.74,0.18,0.02,0.11
2003-08-01,600095,10.88,11.18,11.25,10.77,4289,2545634.0,4.4,2.38,0.26,0.28
2003-08-04,600095,11.14,11.27,11.31,10.97,3791,2286040.0,3.04,0.81,0.09,0.25
2003-08-05,600095,11.25,11.22,11.25,11.12,2600,1564563.0,1.15,-0.44,-0.05,0.17
2003-08-06,600095,11.2,11.2,11.31,11.07,2238,1343749.0,2.14,-0.18,-0.02,0.15
2003-08-07,600095,11.29,11.09,11.29,11.07,1421,852962.0,1.96,-0.98,-0.11,0.09
2003-08-08,600095,11.09,11.16,11.4,10.97,3842,2314033.0,3.88,0.63,0.07,0.25
2003-08-11,600095,11.18,11.12,11.18,10.92,1561,929785.0,2.33,-0.36,-0.04,0.1
2003-08-12,600095,11.09,11.12,11.2,11.03,904,541367.0,1.53,0.0,0.0,0.06
2003-08-13,600095,11.03,10.88,11.07,10.86,1823,1077219.0,1.89,-2.16,-0.24,0.12
2003-08-14,600095,10.88,10.97,11.22,10.88,2611,1556626.0,3.13,0.83,0.09,0.17
2003-08-15,600095,10.92,10.92,11.01,10.86,1081,638304.0,1.37,-0.46,-0.05,0.07
2003-08-18,600095,10.92,11.03,11.09,10.92,1087,646820.0,1.56,1.01,0.11,0.07
2003-08-19,600095,10.94,10.9,11.03,10.88,1165,687250.0,1.36,-1.18,-0.13,0.08
2003-08-20,600095,10.9,10.68,10.9,10.53,2874,1662904.0,3.39,-2.02,-0.22,0.19
2003-08-21,600095,10.71,10.68,10.71,10.53,1415,816425.0,1.69,0.0,0.0,0.09
2003-08-22,600095,10.71,10.71,10.79,10.66,1318,765106.0,1.22,0.28,0.03,0.09
2003-08-25,600095,10.51,10.45,10.68,10.45,1700,973903.0,2.15,-2.43,-0.26,0.11
2003-08-26,600095,10.38,10.58,10.9,10.36,1760,1015532.0,5.17,1.24,0.13,0.12
2003-08-27,600095,10.49,10.4,10.64,10.36,1176,668108.0,2.65,-1.7,-0.18,0.08
2003-08-28,600095,10.38,10.36,10.56,10.36,1631,924498.0,1.92,-0.38,-0.04,0.11
2003-08-29,600095,10.36,10.66,10.68,10.36,3518,2019487.0,3.09,2.9,0.3,0.23
2003-09-01,600095,10.75,10.86,10.86,10.6,3142,1825354.0,2.44,1.88,0.2,0.21
2003-09-02,600095,10.9,10.79,11.09,10.73,3335,1961915.0,3.31,-0.64,-0.07,0.22
2003-09-03,600095,10.79,10.77,10.81,10.66,2236,1298077.0,1.39,-0.19,-0.02,0.15
2003-09-04,600095,10.77,10.81,10.9,10.77,1495,876195.0,1.21,0.37,0.04,0.1
2003-09-05,600095,10.84,10.6,10.84,10.58,2115,1221718.0,2.41,-1.94,-0.21,0.14
2003-09-08,600095,10.6,10.51,10.6,10.4,1265,720385.0,1.89,-0.85,-0.09,0.08
2003-09-09,600095,10.47,10.56,10.6,10.38,1253,715422.0,2.09,0.48,0.05,0.08
2003-09-10,600095,10.62,10.62,10.68,10.49,1428,820694.0,1.8,0.57,0.06,0.09
2003-09-11,600095,10.73,10.88,10.88,10.66,3591,2096926.0,2.07,2.45,0.26,0.24
2003-09-12,600095,11.03,10.64,11.03,10.6,3903,2268881.0,3.95,-2.21,-0.24,0.26
2003-09-15,600095,10.45,10.51,10.64,10.4,1209,691697.0,2.26,-1.22,-0.13,0.08
2003-09-16,600095,10.49,10.71,10.75,10.45,1451,836164.0,2.85,1.9,0.2,0.1
2003-09-17,600095,10.71,10.6,10.73,10.51,1217,700490.0,2.05,-1.03,-0.11,0.08
2003-09-18,600095,10.6,10.68,10.88,10.6,1848,1074260.0,2.64,0.75,0.08,0.12
2003-09-19,600095,10.71,10.58,10.77,10.49,1399,801475.0,2.62,-0.94,-0.1,0.09
2003-09-22,600095,10.71,10.56,10.75,10.51,1198,687578.0,2.27,-0.19,-0.02,0.08
2003-09-23,600095,10.62,10.79,10.81,10.58,2630,1530831.0,2.18,2.18,0.23,0.17
2003-09-24,600095,10.81,10.94,11.03,10.81,4393,2593831.0,2.04,1.39,0.15,0.29
2003-09-25,600095,10.88,10.64,10.88,10.47,2542,1469566.0,3.75,-2.74,-0.3,0.17
2003-09-26,600095,10.56,10.62,10.75,10.56,1687,971870.0,1.79,-0.19,-0.02,0.11
2003-09-29,600095,10.62,10.38,10.62,10.36,2207,1258322.0,2.45,-2.26,-0.24,0.15
2003-09-30,600095,10.49,10.64,10.73,10.32,2446,1397067.0,3.95,2.5,0.26,0.16
2003-10-08,600095,10.64,11.12,11.22,10.53,11778,7014289.0,6.48,4.51,0.48,0.78
2003-10-09,600095,11.05,11.03,11.16,10.88,3653,2171369.0,2.52,-0.81,-0.09,0.24
2003-10-10,600095,11.03,11.27,11.31,10.92,9171,5512693.0,3.54,2.18,0.24,0.61
2003-10-13,600095,11.27,11.12,11.35,11.05,5012,3011371.0,2.66,-1.33,-0.15,0.33
2003-10-14,600095,11.12,10.94,11.2,10.92,2968,1762133.0,2.52,-1.62,-0.18,0.2
2003-10-15,600095,10.94,10.81,11.03,10.79,3289,1936235.0,2.19,-1.19,-0.13,0.22
2003-10-16,600095,10.81,10.71,10.99,10.66,2544,1487566.0,3.05,-0.93,-0.1,0.17
2003-10-17,600095,10.68,10.71,10.77,10.6,1500,866922.0,1.59,0.0,0.0,0.1
2003-10-20,600095,10.56,10.49,10.68,10.45,2448,1398665.0,2.15,-2.05,-0.22,0.16
2003-10-21,600095,10.49,10.51,10.58,10.38,1671,949515.0,1.91,0.19,0.02,0.11
2003-10-22,600095,10.6,10.75,10.81,10.53,2974,1722539.0,2.66,2.28,0.24,0.2
2003-10-23,600095,10.75,10.62,10.9,10.6,2392,1397104.0,2.79,-1.21,-0.13,0.16
2003-10-24,600095,10.64,10.49,10.73,10.47,1840,1053000.0,2.45,-1.22,-0.13,0.12
2003-10-27,600095,10.49,9.97,10.6,9.89,4272,2385671.0,6.77,-4.96,-0.52,0.28
2003-10-28,600095,10.02,9.5,10.04,9.3,5506,2907426.0,7.42,-4.71,-0.47,0.36
2003-10-29,600095,9.41,9.07,9.41,8.76,4490,2251945.0,6.84,-4.53,-0.43,0.3
2003-10-30,600095,8.98,8.87,9.15,8.81,2990,1490276.0,3.75,-2.21,-0.2,0.2
2003-10-31,600095,8.76,9.0,9.41,8.76,3082,1564779.0,7.33,1.47,0.13,0.2
2003-11-03,600095,9.09,9.02,9.13,8.98,1579,793480.0,1.67,0.22,0.02,0.1
2003-11-04,600095,9.04,9.15,9.3,9.02,4123,2095424.0,3.1,1.44,0.13,0.27
2003-11-05,600095,9.15,8.57,9.15,8.55,5661,2788609.0,6.56,-6.34,-0.58,0.37
2003-11-06,600095,8.51,7.81,8.51,7.53,9495,4242440.0,11.44,-8.87,-0.76,0.63
2003-11-07,600095,7.71,8.07,8.29,7.71,6033,2732224.0,7.43,3.33,0.26,0.4
2003-11-10,600095,8.05,7.75,8.05,7.64,3796,1686453.0,5.08,-3.97,-0.32,0.25
2003-11-11,600095,7.75,7.88,8.1,7.64,2431,1085497.0,5.94,1.68,0.13,0.16
2003-11-12,600095,7.86,7.71,7.9,7.64,1750,775523.0,3.3,-2.16,-0.17,0.12
2003-11-13,600095,7.69,7.84,8.03,7.64,3176,1418672.0,5.06,1.69,0.13,0.21
2003-11-14,600095,7.84,8.2,8.27,7.81,6888,3161832.0,5.87,4.59,0.36,0.46
2003-11-17,600095,8.22,8.05,8.22,7.9,2391,1091384.0,3.9,-1.83,-0.15,0.16
2003-11-18,600095,8.07,8.01,8.14,7.9,2435,1112083.0,2.98,-0.5,-0.04,0.16
2003-11-19,600095,8.01,8.27,8.42,8.01,5674,2653390.0,5.12,3.25,0.26,0.38
2003-11-20,600095,8.55,9.28,9.28,8.55,14150,7193690.0,8.83,12.21,1.01,0.94
2003-11-21,600095,10.3,9.5,10.36,9.28,56812,30563833.0,11.64,2.37,0.22,3.76
2003-11-24,600095,9.39,9.63,9.76,9.11,20202,10518893.0,6.84,1.37,0.13,1.34
2003-11-25,600095,9.5,9.39,9.76,9.26,21850,11420713.0,5.19,-2.49,-0.24,1.45
2003-11-26,600095,9.37,9.35,9.43,9.15,9690,4975244.0,2.98,-0.43,-0.04,0.64
2003-11-27,600095,9.2,9.2,9.39,9.11,7042,3606339.0,2.99,-1.6,-0.15,0.47
2003-11-28,600095,9.2,9.11,9.26,8.98,6853,3461010.0,3.04,-0.98,-0.09,0.45
2003-12-01,600095,9.15,9.39,9.43,9.13,7521,3887705.0,3.29,3.07,0.28,0.5
2003-12-02,600095,9.41,9.33,9.61,9.3,8595,4477045.0,3.3,-0.64,-0.06,0.57
2003-12-03,600095,9.33,9.2,9.37,9.13,5379,2748389.0,2.57,-1.39,-0.13,0.36
2003-12-04,600095,9.15,9.2,9.3,9.11,6503,3309879.0,2.07,0.0,0.0,0.43
2003-12-05,600095,9.2,9.48,9.5,9.17,7384,3822537.0,3.59,3.04,0.28,0.49
2003-12-08,600095,9.5,9.17,9.52,9.13,3755,1926790.0,4.11,-3.27,-0.31,0.25
2003-12-09,600095,9.2,9.24,9.26,9.07,2934,1490475.0,2.07,0.76,0.07,0.19
2003-12-10,600095,9.26,9.43,9.52,9.13,7253,3756812.0,4.22,2.06,0.19,0.48
2003-12-11,600095,9.43,9.41,9.65,9.28,9565,5001690.0,3.92,-0.21,-0.02,0.63
2003-12-12,600095,9.45,9.35,9.45,9.15,3248,1666651.0,3.19,-0.64,-0.06,0.22
2003-12-15,600095,9.24,9.24,9.41,9.2,2553,1309353.0,2.25,-1.18,-0.11,0.17
2003-12-16,600095,9.24,8.92,9.24,8.87,7852,3937572.0,4.0,-3.46,-0.32,0.52
2003-12-17,600095,8.92,8.66,9.04,8.59,5031,2492550.0,5.04,-2.91,-0.26,0.33
2003-12-18,600095,8.66,8.44,8.76,8.29,6158,2931575.0,5.43,-2.54,-0.22,0.41
2003-12-19,600095,8.46,7.94,8.53,7.77,8592,3889213.0,9.0,-5.92,-0.5,0.57
2003-12-22,600095,7.94,8.4,8.51,7.79,8067,3697773.0,9.07,5.79,0.46,0.53
2003-12-23,600095,8.44,8.29,8.53,8.16,5873,2749281.0,4.4,-1.31,-0.11,0.39
2003-12-24,600095,8.29,8.1,8.29,7.9,7742,3542711.0,4.7,-2.29,-0.19,0.51
2003-12-25,600095,8.14,8.2,8.33,8.07,5680,2632347.0,3.21,1.23,0.1,0.38
2003-12-26,600095,8.2,8.25,8.33,8.07,2720,1261078.0,3.17,0.61,0.05,0.18
2003-12-29,600095,8.25,8.12,8.31,8.07,3697,1704475.0,2.91,-1.58,-0.13,0.24
2003-12-30,600095,8.22,8.12,8.29,8.1,2568,1188431.0,2.34,0.0,0.0,0.17
2003-12-31,600095,8.18,7.94,8.2,7.94,4126,1883810.0,3.2,-2.22,-0.18,0.27
2004-01-02,600095,7.9,7.94,8.07,7.79,3797,1712372.0,3.53,0.0,0.0,0.25
2004-01-05,600095,7.97,7.81,8.01,7.73,8945,3990720.0,3.53,-1.64,-0.13,0.59
2004-01-06,600095,7.81,7.58,7.9,7.49,13247,5785486.0,5.25,-2.94,-0.23,0.88
2004-01-07,600095,7.58,8.53,8.53,7.58,21689,10096354.0,12.53,12.53,0.95,1.44
2004-01-08,600095,8.66,8.66,8.96,8.66,30105,14768056.0,3.52,1.52,0.13,1.99
2004-01-09,600095,8.66,8.35,8.76,8.22,14574,6911316.0,6.24,-3.58,-0.31,0.97
2004-01-12,600095,8.22,8.33,8.35,8.18,6505,3033352.0,2.04,-0.24,-0.02,0.43
2004-01-13,600095,8.33,8.63,8.83,8.18,13424,6504543.0,7.8,3.6,0.3,0.89
2004-01-14,600095,8.66,8.48,8.68,8.42,5902,2827953.0,3.01,-1.74,-0.15,0.39
2004-01-15,600095,8.4,8.55,8.55,8.33,6108,2908768.0,2.59,0.83,0.07,0.4
2004-01-16,600095,8.68,8.76,8.87,8.55,9562,4672110.0,3.74,2.46,0.21,0.63
2004-01-29,600095,8.96,9.15,9.24,8.85,11086,5595551.0,4.45,4.45,0.39,0.73
2004-01-30,600095,9.24,9.54,10.25,9.22,36176,19530437.0,11.26,4.26,0.39,2.4
2004-02-02,600095,9.41,9.58,9.8,9.35,18433,9709953.0,4.72,0.42,0.04,1.22
2004-02-03,600095,9.61,9.82,9.95,9.41,12629,6753886.0,5.64,2.51,0.24,0.84
2004-02-04,600095,10.27,10.02,10.45,9.91,19833,10915480.0,5.5,2.04,0.2,1.31
2004-02-05,600095,10.04,10.15,10.17,9.84,21031,11476353.0,3.29,1.3,0.13,1.39
2004-02-06,600095,10.15,9.86,10.19,9.86,13156,7188629.0,3.25,-2.86,-0.29,0.87
2004-02-09,600095,9.86,9.99,10.04,9.74,10265,5569919.0,3.04,1.32,0.13,0.68
2004-02-10,600095,9.99,10.23,10.43,9.95,23595,13125813.0,4.8,2.4,0.24,1.56
2004-02-11,600095,10.38,10.21,10.49,10.06,14122,7898986.0,4.2,-0.2,-0.02,0.94
2004-02-12,600095,10.21,10.6,10.66,10.17,17949,10219995.0,4.8,3.82,0.39,1.19
2004-02-13,600095,10.56,10.06,10.62,10.06,10673,5987153.0,5.28,-5.09,-0.54,0.71
2004-02-16,600095,10.06,10.45,10.45,10.06,10802,6068494.0,3.88,3.88,0.39,0.72
2004-02-17,600095,10.49,10.53,10.6,10.38,17845,10184994.0,2.11,0.77,0.08,1.18
2004-02-18,600095,10.53,10.49,10.68,10.38,13059,7462265.0,2.85,-0.38,-0.04,0.86
2004-02-19,600095,10.49,10.71,10.81,10.36,21324,12270735.0,4.29,2.1,0.22,1.41
2004-02-20,600095,10.81,10.73,10.81,10.6,11399,6599345.0,1.96,0.19,0.02,0.75
2004-02-23,600095,10.77,10.56,10.86,10.49,11976,6926588.0,3.45,-1.58,-0.17,0.79
2004-02-24,600095,10.49,10.32,10.49,10.02,17311,9641582.0,4.45,-2.27,-0.24,1.15
2004-02-25,600095,10.45,10.43,10.66,10.27,19346,10989445.0,3.78,1.07,0.11,1.28
2004-02-26,600095,10.71,10.97,11.05,10.62,89031,52140382.0,4.12,5.18,0.54,5.9
2004-02-27,600095,10.88,10.79,10.92,10.43,27395,15799547.0,4.47,-1.64,-0.18,1.81
2004-03-01,600095,10.66,10.68,10.77,10.49,14610,8402460.0,2.59,-1.02,-0.11,0.97
2004-03-03,600095,10.81,10.21,10.88,10.12,15118,8609189.0,7.12,-4.4,-0.47,1.0
2004-03-04,600095,10.19,10.36,10.49,10.02,11630,6445180.0,4.6,1.47,0.15,0.77
2004-03-05,600095,10.27,10.12,10.34,10.06,8516,4720674.0,2.7,-2.32,-0.24,0.56
2004-03-08,600095,10.1,9.74,10.17,9.69,9464,5109105.0,4.74,-3.75,-0.38,0.63
2004-03-09,600095,9.63,9.43,9.8,9.41,8420,4442798.0,4.0,-3.18,-0.31,0.56
2004-03-10,600095,9.43,9.74,9.76,9.41,6169,3250997.0,3.71,3.29,0.31,0.41
2004-03-11,600095,9.65,9.84,9.86,9.63,6448,3463461.0,2.36,1.03,0.1,0.43
2004-03-12,600095,9.84,9.82,9.95,9.74,4665,2513813.0,2.13,-0.2,-0.02,0.31
2004-03-15,600095,9.82,10.23,10.23,9.69,10034,5512771.0,5.5,4.18,0.41,0.66
2004-03-16,600095,10.45,10.43,10.6,10.27,18398,10451363.0,3.23,1.96,0.2,1.22
2004-03-17,600095,10.4,10.38,10.43,10.21,8306,4662602.0,2.11,-0.48,-0.05,0.55
2004-03-18,600095,10.38,10.04,10.4,9.95,9636,5348062.0,4.34,-3.28,-0.34,0.64
2004-03-19,600095,10.58,10.32,10.6,10.04,8651,4865977.0,5.58,2.79,0.28,0.57
2004-03-22,600095,10.32,10.45,10.45,10.27,9936,5624129.0,1.74,1.26,0.13,0.66
2004-03-23,600095,10.45,10.68,10.77,10.27,15267,8735255.0,4.78,2.2,0.23,1.01
2004-03-24,600095,10.71,10.51,10.75,10.43,11729,6757602.0,3.0,-1.59,-0.17,0.78
2004-03-25,600095,10.51,10.4,10.6,10.3,6025,3413279.0,2.85,-1.05,-0.11,0.4
2004-03-26,600095,10.45,10.45,10.71,10.32,7957,4527937.0,3.75,0.48,0.05,0.53
2004-03-29,600095,10.45,10.21,10.71,10.17,5884,3312663.0,5.17,-2.3,-0.24,0.39
2004-03-30,600095,10.21,10.4,10.43,10.04,7702,4279548.0,3.82,1.86,0.19,0.51
2004-03-31,600095,10.66,10.97,11.05,10.64,51484,30348829.0,3.94,5.48,0.57,3.41
2004-04-01,600095,10.99,10.92,10.99,10.73,16343,9599775.0,2.37,-0.46,-0.05,1.08
2004-04-02,600095,10.92,11.03,11.03,10.81,17526,10352701.0,2.01,1.01,0.11,1.16
2004-04-05,600095,10.99,11.01,11.09,10.92,15203,9032668.0,1.54,-0.18,-0.02,1.01
2004-04-06,600095,11.2,11.31,11.68,11.2,24982,15299555.0,4.36,2.72,0.3,1.65
2004-04-07,600095,11.33,11.05,11.4,11.03,14323,8647775.0,3.27,-2.3,-0.26,0.95
2004-04-08,600095,11.05,10.81,11.05,10.79,11245,6623629.0,2.35,-2.17,-0.24,0.74
2004-04-09,600095,10.81,10.45,10.92,10.45,11587,6681370.0,4.35,-3.33,-0.36,0.77
2004-04-12,600095,10.47,10.64,10.71,10.45,7028,4030299.0,2.49,1.82,0.19,0.47
2004-04-13,600095,10.66,10.53,10.79,10.51,4980,2882860.0,2.63,-1.03,-0.11,0.33
2004-04-14,600095,10.27,9.93,10.27,9.65,16738,9177792.0,5.89,-5.7,-0.6,1.11
2004-04-15,600095,9.93,9.93,10.19,9.89,4858,2658077.0,3.02,0.0,0.0,0.32
2004-04-16,600095,9.93,9.84,10.06,9.52,6228,3339533.0,5.44,-0.91,-0.09,0.41
2004-04-19,600095,9.89,10.04,10.04,9.74,5884,3187389.0,3.05,2.03,0.2,0.39
2004-04-20,600095,10.17,10.02,10.25,10.02,6863,3791212.0,2.29,-0.2,-0.02,0.45
2004-04-21,600095,10.02,9.89,10.1,9.84,3899,2132402.0,2.59,-1.3,-0.13,0.26
2004-04-22,600095,9.89,9.99,10.1,9.86,2380,1299308.0,2.43,1.01,0.1,0.16
2004-04-23,600095,10.02,10.23,10.25,10.02,8869,4918022.0,2.3,2.4,0.24,0.59
2004-04-26,600095,10.27,9.8,10.3,9.71,5947,3242991.0,5.77,-4.2,-0.43,0.39
2004-04-27,600095,9.84,9.45,9.84,9.39,6717,3534559.0,4.59,-3.57,-0.35,0.44
2004-04-28,600095,9.45,9.43,9.61,9.2,4050,2101198.0,4.34,-0.21,-0.02,0.27
2004-04-29,600095,9.5,9.41,9.61,9.37,3202,1676897.0,2.55,-0.21,-0.02,0.21
2004-04-30,600095,9.26,9.2,9.41,8.87,5196,2626275.0,5.74,-2.23,-0.21,0.34
2004-05-10,600095,9.15,8.87,9.15,8.85,2255,1127027.0,3.26,-3.59,-0.33,0.15
2004-05-11,600095,8.87,8.96,9.09,8.87,2021,1010402.0,2.48,1.01,0.09,0.13
2004-05-12,600095,8.98,9.22,9.28,8.98,2526,1279806.0,3.35,2.9,0.26,0.17
2004-05-13,600095,9.22,9.13,9.26,9.11,2029,1030422.0,1.63,-0.98,-0.09,0.13
2004-05-14,600095,9.17,9.11,9.22,9.0,2014,1018044.0,2.41,-0.22,-0.02,0.13
2004-05-17,600095,9.13,9.26,9.26,9.0,2196,1116670.0,2.85,1.65,0.15,0.15
2004-05-18,600095,9.37,9.41,9.41,9.17,3248,1666471.0,2.59,1.62,0.15,0.22
2004-05-19,600095,9.41,9.33,9.48,9.2,3884,2011839.0,2.98,-0.85,-0.08,0.26
2004-05-20,600095,9.33,9.24,9.52,9.22,1460,753207.0,3.22,-0.96,-0.09,0.1
2004-05-21,600095,9.24,9.2,9.35,9.09,1456,742279.0,2.81,-0.43,-0.04,0.1
2004-05-24,600095,9.3,9.04,9.3,9.02,1671,844957.0,3.04,-1.74,-0.16,0.11
2004-05-25,600095,9.09,8.7,9.09,8.68,3401,1672957.0,4.54,-3.76,-0.34,0.23
2004-05-26,600095,8.76,8.68,8.87,8.55,1808,880476.0,3.68,-0.23,-0.02,0.12
2004-05-27,600095,8.72,8.87,8.92,8.55,2537,1246343.0,4.26,2.19,0.19,0.17
2004-05-28,600095,8.89,8.87,9.04,8.83,3103,1543588.0,2.37,0.0,0.0,0.21
2004-05-31,600095,8.87,9.04,9.07,8.76,2241,1114354.0,3.49,1.92,0.17,0.15
2004-06-01,600095,9.0,9.24,9.26,8.94,5957,3011832.0,3.54,2.21,0.2,0.39
2004-06-02,600095,9.37,9.41,9.48,9.13,10981,5659697.0,3.79,1.84,0.17,0.73
2004-06-03,600095,9.43,9.15,9.5,9.09,13470,6910555.0,4.36,-2.76,-0.26,0.89
2004-06-04,600095,9.04,9.17,9.2,8.98,3332,1685828.0,2.4,0.22,0.02,0.22
2004-06-07,600095,9.15,8.85,9.15,8.74,2635,1305384.0,4.47,-3.49,-0.32,0.17
2004-06-08,600095,8.87,8.72,8.87,8.72,2263,1108547.0,1.69,-1.47,-0.13,0.15
2004-06-09,600095,8.72,8.35,8.76,8.33,2836,1367040.0,4.93,-4.24,-0.37,0.19
2004-06-10,600095,8.35,8.29,8.51,8.18,2559,1204161.0,3.95,-0.72,-0.06,0.17
2004-06-11,600095,8.29,8.33,8.53,8.29,1627,771626.0,2.9,0.48,0.04,0.11
2004-06-14,600095,8.55,8.01,8.55,7.99,1658,759884.0,6.72,-3.84,-0.32,0.11
2004-06-15,600095,8.12,8.25,8.29,7.94,1852,849473.0,4.37,3.0,0.24,0.12
2004-06-16,600095,8.16,8.22,8.33,7.9,2771,1276328.0,5.21,-0.36,-0.03,0.18
2004-06-17,600095,8.16,8.01,8.33,7.97,1696,780051.0,4.38,-2.55,-0.21,0.11
2004-06-18,600095,7.92,7.88,8.01,7.75,3265,1460817.0,3.25,-1.62,-0.13,0.22
2004-06-21,600095,7.92,8.57,8.85,7.92,17149,8304063.0,11.8,8.76,0.69,1.14
2004-06-22,600095,8.44,8.55,8.7,8.29,5882,2821413.0,4.78,-0.23,-0.02,0.39
2004-06-23,600095,8.55,8.33,8.55,8.22,2996,1406670.0,3.86,-2.57,-0.22,0.2
2004-06-24,600095,8.25,8.27,8.48,8.22,2057,965985.0,3.12,-0.72,-0.06,0.14
2004-06-25,600095,8.27,7.86,8.27,7.84,4118,1865577.0,5.2,-4.96,-0.41,0.27
2004-06-28,600095,7.84,7.81,7.88,7.69,1527,680521.0,2.42,-0.64,-0.05,0.1
2004-06-30,600095,8.12,7.84,8.12,7.81,1426,642040.0,3.97,0.38,0.03,0.09
2004-07-01,600095,7.84,8.22,8.27,7.6,4164,1890971.0,8.55,4.85,0.38,0.28
2004-07-02,600095,8.22,8.27,8.33,7.99,4337,2007604.0,4.14,0.61,0.05,0.29
2004-07-05,600095,7.92,8.12,8.16,7.92,1047,478960.0,2.9,-1.81,-0.15,0.07
2004-07-06,600095,8.16,8.05,8.22,8.03,1962,906023.0,2.34,-0.86,-0.07,0.13
2004-07-07,600095,8.05,7.88,8.05,7.84,1928,867156.0,2.61,-2.11,-0.17,0.13
2004-07-08,600095,7.86,7.86,8.01,7.79,939,421303.0,2.79,-0.25,-0.02,0.06
2004-07-09,600095,7.86,7.81,8.01,7.79,1226,550060.0,2.8,-0.64,-0.05,0.08
2004-07-12,600095,7.84,7.64,7.84,7.62,1376,604415.0,2.82,-2.18,-0.17,0.09
2004-07-13,600095,7.84,7.6,7.84,7.51,1565,682560.0,4.32,-0.52,-0.04,0.1
2004-07-14,600095,7.58,7.43,7.69,7.32,2184,936994.0,4.87,-2.24,-0.17,0.14
2004-07-15,600095,7.43,7.51,7.6,7.36,1762,757787.0,3.23,1.08,0.08,0.12
2004-07-16,600095,7.4,7.69,7.73,7.4,4346,1898692.0,4.39,2.4,0.18,0.29
2004-07-19,600095,7.79,7.84,7.88,7.6,3763,1666872.0,3.64,1.95,0.15,0.25
2004-07-20,600095,7.81,7.62,7.81,7.6,2240,983447.0,2.68,-2.81,-0.22,0.15
2004-07-21,600095,7.58,7.51,7.69,7.47,2160,935426.0,2.89,-1.44,-0.11,0.14
2004-07-22,600095,7.47,7.36,7.58,7.36,2759,1180400.0,2.93,-2.0,-0.15,0.18
2004-07-23,600095,7.32,7.23,7.38,7.1,3227,1350574.0,3.8,-1.77,-0.13,0.21
2004-07-26,600095,7.25,7.34,7.36,7.04,3037,1257900.0,4.43,1.52,0.11,0.2
2004-07-27,600095,7.32,7.02,7.45,7.02,3292,1373386.0,5.86,-4.36,-0.32,0.22
2004-07-28,600095,7.15,7.08,7.17,6.99,1915,788027.0,2.56,0.85,0.06,0.13
2004-07-29,600095,7.08,7.25,7.25,7.02,2026,840889.0,3.25,2.4,0.17,0.13
2004-07-30,600095,7.25,7.1,7.36,7.1,1674,701810.0,3.59,-2.07,-0.15,0.11
2004-08-02,600095,7.15,7.04,7.15,6.99,1762,722427.0,2.25,-0.85,-0.06,0.12
2004-08-03,600095,6.99,7.08,7.15,6.99,1172,482034.0,2.27,0.57,0.04,0.08
2004-08-04,600095,7.08,7.28,7.38,7.02,3824,1605929.0,5.08,2.82,0.2,0.25
2004-08-05,600095,7.25,7.19,7.32,7.17,1934,809252.0,2.06,-1.24,-0.09,0.13
2004-08-06,600095,7.23,7.34,7.53,7.15,5743,2444593.0,5.29,2.09,0.15,0.38
2004-08-09,600095,7.47,7.25,7.56,7.1,4361,1827541.0,6.27,-1.23,-0.09,0.29
2004-08-10,600095,7.15,7.17,7.23,7.1,1965,816988.0,1.79,-1.1,-0.08,0.13
2004-08-11,600095,7.17,7.04,7.21,7.02,1584,653913.0,2.65,-1.81,-0.13,0.1
2004-08-12,600095,7.04,6.91,7.08,6.91,2850,1156437.0,2.41,-1.85,-0.13,0.19
2004-08-13,600095,6.91,6.91,6.99,6.89,1657,671980.0,1.45,0.0,0.0,0.11
2004-08-16,600095,6.91,6.65,6.93,6.61,2376,932552.0,4.63,-3.76,-0.26,0.16
2004-08-17,600095,6.61,6.67,6.71,6.54,1900,739987.0,2.56,0.3,0.02,0.13
2004-08-18,600095,6.67,6.58,6.8,6.58,1494,587020.0,3.3,-1.35,-0.09,0.1
2004-08-19,600095,6.5,6.09,6.5,5.74,3338,1223920.0,11.55,-7.45,-0.49,0.22
2004-08-20,600095,6.07,6.09,6.28,5.74,3593,1292452.0,8.87,0.0,0.0,0.24
2004-08-23,600095,6.09,6.15,6.28,5.92,1950,714037.0,5.91,0.99,0.06,0.13
2004-08-24,600095,6.24,6.41,6.61,6.2,4368,1663802.0,6.67,4.23,0.26,0.29
2004-08-25,600095,6.39,6.28,6.39,6.22,2292,860337.0,2.65,-2.03,-0.13,0.15
2004-08-26,600095,6.24,6.11,6.24,6.07,1333,490213.0,2.71,-2.71,-0.17,0.09
2004-08-27,600095,6.13,6.17,6.26,6.07,1652,610282.0,3.11,0.98,0.06,0.11
2004-08-30,600095,6.28,6.24,6.28,6.09,1206,446654.0,3.08,1.13,0.07,0.08
2004-08-31,600095,6.3,6.56,6.82,6.3,6073,2363906.0,8.33,5.13,0.32,0.4
2004-09-01,600095,6.56,6.46,6.61,6.41,2057,789396.0,3.05,-1.52,-0.1,0.14
2004-09-02,600095,6.41,6.61,6.69,6.39,3035,1173374.0,4.64,2.32,0.15,0.2
2004-09-03,600095,6.61,6.58,6.74,6.54,2925,1143673.0,3.03,-0.45,-0.03,0.19
2004-09-06,600095,6.63,6.52,6.69,6.43,1667,643173.0,3.95,-0.91,-0.06,0.11
2004-09-07,600095,6.52,6.58,6.61,6.39,1893,728810.0,3.37,0.92,0.06,0.13
2004-09-08,600095,6.61,6.54,6.65,6.5,1243,481857.0,2.28,-0.61,-0.04,0.08
2004-09-09,600095,6.61,6.15,6.61,6.02,3747,1407382.0,9.02,-5.96,-0.39,0.25
2004-09-10,600095,6.15,6.26,6.3,6.02,1380,511299.0,4.55,1.79,0.11,0.09
2004-09-13,600095,6.13,6.07,6.17,6.05,1700,622756.0,1.92,-3.04,-0.19,0.11
2004-09-14,600095,6.07,6.48,6.5,6.07,3430,1302500.0,7.08,6.75,0.41,0.23
2004-09-15,600095,6.48,6.95,7.12,6.39,11802,4741188.0,11.27,7.25,0.47,0.78
2004-09-16,600095,6.95,7.08,7.15,6.78,9324,3788493.0,5.32,1.87,0.13,0.62
2004-09-17,600095,7.08,7.4,7.43,6.91,14871,6187321.0,7.34,4.52,0.32,0.98
2004-09-20,600095,7.6,8.33,8.33,7.58,37956,17200047.0,10.14,12.57,0.93,2.51
2004-09-21,600095,8.55,8.33,8.92,8.14,34290,16405863.0,9.36,0.0,0.0,2.27
2004-09-22,600095,8.14,7.84,8.33,7.73,13974,6347244.0,7.2,-5.88,-0.49,0.93
2004-09-23,600095,7.73,8.18,8.22,7.73,8193,3725590.0,6.25,4.34,0.34,0.54
2004-09-24,600095,8.18,7.71,8.33,7.69,14209,6483657.0,7.82,-5.75,-0.47,0.94
2004-09-27,600095,7.69,7.49,8.01,7.43,7144,3131098.0,7.52,-2.85,-0.22,0.47
2004-09-28,600095,7.69,7.56,7.79,7.47,3048,1325450.0,4.27,0.93,0.07,0.2
2004-09-29,600095,7.6,7.3,7.64,7.21,4306,1836428.0,5.69,-3.44,-0.26,0.29
2004-09-30,600095,7.21,7.17,7.34,7.08,4036,1684649.0,3.56,-1.78,-0.13,0.27
2004-10-08,600095,6.82,6.69,6.82,6.28,8109,3116679.0,7.53,-6.69,-0.48,0.54
2004-10-11,600095,6.65,6.84,7.04,6.41,13701,5387452.0,9.42,2.24,0.15,0.91
2004-10-12,600095,6.78,6.52,6.78,6.5,6790,2642279.0,4.09,-4.68,-0.32,0.45
2004-10-13,600095,6.5,6.15,6.5,5.68,12101,4416065.0,12.58,-5.67,-0.37,0.8
2004-10-14,600095,6.15,6.95,6.95,6.15,42078,16918490.0,13.01,13.01,0.8,2.79
2004-10-15,600095,6.95,7.38,7.64,6.74,71255,29830261.0,12.95,6.19,0.43,4.72
2004-10-18,600095,7.38,7.15,7.38,6.76,25789,10595385.0,8.4,-3.12,-0.23,1.71
2004-10-19,600095,7.25,7.15,7.25,6.78,23014,9381193.0,6.57,0.0,0.0,1.52
2004-10-20,600095,6.91,6.54,7.06,6.26,27152,10394467.0,11.19,-8.53,-0.61,1.8
2004-10-21,600095,6.56,6.09,6.61,5.72,16913,6249363.0,13.61,-6.88,-0.45,1.12
2004-10-22,600095,5.96,5.89,6.17,5.51,13430,4737572.0,10.84,-3.28,-0.2,0.89
2004-10-25,600095,5.83,5.57,5.96,5.53,12288,4245310.0,7.3,-5.43,-0.32,0.81
2004-10-26,600095,5.53,5.68,5.79,5.14,9658,3226404.0,11.67,1.97,0.11,0.64
2004-10-27,600095,5.64,5.85,5.96,5.31,9005,3139671.0,11.44,2.99,0.17,0.6
2004-10-28,600095,5.89,5.92,6.35,5.89,12557,4584773.0,7.86,1.2,0.07,0.83
2004-10-29,600095,5.64,5.68,5.83,5.31,6301,2176148.0,8.78,-4.05,-0.24,0.42
2004-11-01,600095,5.42,5.64,5.94,5.42,3912,1370129.0,9.15,-0.7,-0.04,0.26
2004-11-02,600095,5.64,5.85,5.96,5.53,6424,2285155.0,7.62,3.72,0.21,0.43
2004-11-03,600095,6.15,6.0,6.28,5.74,4977,1790462.0,9.23,2.56,0.15,0.33
2004-11-04,600095,5.96,5.64,5.98,5.64,5736,2009329.0,5.67,-6.0,-0.36,0.38
2004-11-05,600095,5.76,5.55,5.83,5.42,6003,2053577.0,7.27,-1.6,-0.09,0.4
2004-11-08,600095,5.53,5.7,5.72,5.48,2310,794325.0,4.32,2.7,0.15,0.15
2004-11-09,600095,5.66,5.79,5.96,5.61,7055,2502645.0,6.14,1.58,0.09,0.47
2004-11-10,600095,5.74,6.39,6.41,5.74,18324,6745398.0,11.57,10.36,0.6,1.21
2004-11-11,600095,6.39,6.17,6.58,6.13,23883,9095273.0,7.04,-3.44,-0.22,1.58
2004-11-12,600095,6.17,6.3,6.3,6.02,10851,4011186.0,4.54,2.11,0.13,0.72
2004-11-15,600095,6.35,6.39,6.52,6.3,7927,3012012.0,3.49,1.43,0.09,0.52
2004-11-16,600095,6.39,6.37,6.48,6.13,6939,2605772.0,5.48,-0.31,-0.02,0.46
2004-11-17,600095,6.46,6.56,6.56,6.24,15851,6057749.0,5.02,2.98,0.19,1.05
2004-11-18,600095,6.74,6.87,7.15,6.74,44243,17911213.0,6.25,4.73,0.31,2.93
2004-11-19,600095,6.74,6.82,6.82,6.63,12900,5090778.0,2.77,-0.73,-0.05,0.85
2004-11-22,600095,6.82,6.8,6.87,6.69,10004,3986315.0,2.64,-0.29,-0.02,0.66
2004-11-23,600095,6.82,6.76,6.84,6.61,10059,3961936.0,3.38,-0.59,-0.04,0.67
2004-11-24,600095,6.71,6.5,6.76,6.5,8509,3319113.0,3.85,-3.85,-0.26,0.56
2004-11-25,600095,6.46,6.37,6.46,6.22,7660,2880735.0,3.69,-2.0,-0.13,0.51
2004-11-26,600095,6.37,6.43,6.56,6.35,4109,1575652.0,3.3,0.94,0.06,0.27
2004-11-29,600095,6.37,6.3,6.52,6.28,3027,1144987.0,3.73,-2.02,-0.13,0.2
2004-11-30,600095,6.2,6.35,6.48,6.2,1993,748235.0,4.44,0.79,0.05,0.13
2004-12-01,600095,6.33,6.48,6.5,6.28,3871,1477269.0,3.46,2.05,0.13,0.26
2004-12-02,600095,6.41,6.58,6.63,6.3,5023,1932256.0,5.09,1.54,0.1,0.33
2004-12-03,600095,6.71,6.63,6.74,6.5,6904,2712360.0,3.65,0.76,0.05,0.46
2004-12-06,600095,6.67,6.58,6.67,6.5,3466,1346383.0,2.56,-0.75,-0.05,0.23
2004-12-07,600095,6.58,6.28,6.58,6.26,4933,1875732.0,4.86,-4.56,-0.3,0.33
2004-12-08,600095,6.26,6.33,6.43,6.24,3062,1155782.0,3.03,0.8,0.05,0.2
2004-12-09,600095,6.33,6.3,6.41,6.24,3033,1145099.0,2.69,-0.47,-0.03,0.2
2004-12-10,600095,6.28,5.96,6.41,5.92,5230,1925184.0,7.78,-5.4,-0.34,0.35
2004-12-13,600095,5.85,5.87,5.87,5.74,3284,1159476.0,2.18,-1.51,-0.09,0.22
2004-12-14,600095,5.98,5.79,5.98,5.74,2319,818455.0,4.09,-1.36,-0.08,0.15
2004-12-15,600095,5.79,5.7,5.87,5.55,3863,1338220.0,5.53,-1.55,-0.09,0.26
2004-12-16,600095,5.64,5.66,5.74,5.61,2886,999211.0,2.28,-0.7,-0.04,0.19
2004-12-17,600095,5.59,5.55,5.64,5.42,2551,871803.0,3.89,-1.94,-0.11,0.17
2004-12-20,600095,5.57,5.87,6.09,5.53,7529,2650906.0,10.09,5.77,0.32,0.5
2004-12-21,600095,5.85,5.68,5.87,5.66,2614,917234.0,3.58,-3.24,-0.19,0.17
2004-12-22,600095,5.7,5.94,5.96,5.7,3739,1333117.0,4.58,4.58,0.26,0.25
2004-12-23,600095,6.09,5.81,6.33,5.76,7506,2745161.0,9.6,-2.19,-0.13,0.5
2004-12-24,600095,5.74,5.76,5.92,5.74,3165,1117716.0,3.1,-0.86,-0.05,0.21
2004-12-27,600095,5.74,5.79,5.85,5.64,1949,682788.0,3.65,0.52,0.03,0.13
2004-12-28,600095,5.74,5.68,5.74,5.59,2473,857945.0,2.59,-1.9,-0.11,0.16
2004-12-29,600095,5.7,5.68,5.81,5.64,3298,1148175.0,2.99,0.0,0.0,0.22
2004-12-30,600095,5.7,5.72,5.74,5.61,1719,597993.0,2.29,0.7,0.04,0.11
2004-12-31,600095,5.64,5.55,5.81,5.55,2259,779780.0,4.55,-2.97,-0.17,0.15
2005-01-04,600095,5.55,5.66,5.72,5.46,2095,716968.0,4.68,1.98,0.11,0.14
2005-01-05,600095,6.02,5.89,6.15,5.79,5592,1996958.0,6.36,4.06,0.23,0.37
2005-01-06,600095,5.79,5.74,5.87,5.66,2863,1000158.0,3.57,-2.55,-0.15,0.19
2005-01-07,600095,5.66,5.79,5.92,5.66,2010,705364.0,4.53,0.87,0.05,0.13
2005-01-10,600095,5.87,5.85,5.87,5.76,1766,625197.0,1.9,1.04,0.06,0.12
2005-01-11,600095,5.87,5.89,5.92,5.79,1961,696097.0,2.22,0.68,0.04,0.13
2005-01-12,600095,5.98,5.83,5.98,5.79,1436,509524.0,3.23,-1.02,-0.06,0.1
2005-01-13,600095,5.81,5.92,5.92,5.66,3327,1173267.0,4.46,1.54,0.09,0.22
2005-01-14,600095,5.96,5.83,6.02,5.79,4287,1537393.0,3.89,-1.52,-0.09,0.28
2005-01-17,600095,5.79,6.13,6.35,5.7,14301,5217273.0,11.15,5.15,0.3,0.95
2005-01-18,600095,6.05,6.3,6.33,5.85,11075,4049397.0,7.83,2.77,0.17,0.73
2005-01-19,600095,6.28,6.13,6.3,6.09,6023,2228243.0,3.33,-2.7,-0.17,0.4
2005-01-20,600095,6.02,5.92,6.13,5.89,4090,1483024.0,3.92,-3.43,-0.21,0.27
2005-01-21,600095,5.94,6.02,6.07,5.74,5884,2113602.0,5.57,1.69,0.1,0.39
2005-01-24,600095,6.3,6.13,6.3,6.02,6175,2277436.0,4.65,1.83,0.11,0.41
2005-01-25,600095,6.07,6.2,6.22,5.94,3952,1444352.0,4.57,1.14,0.07,0.26
2005-01-26,600095,6.22,6.26,6.33,6.07,5591,2075642.0,4.19,0.97,0.06,0.37
2005-01-27,600095,6.26,6.37,6.39,5.96,13378,4992691.0,6.87,1.76,0.11,0.89
2005-01-28,600095,6.28,6.02,6.35,5.96,7586,2799454.0,6.12,-5.49,-0.35,0.5
2005-01-31,600095,5.96,5.42,5.98,5.25,9826,3326631.0,12.13,-9.97,-0.6,0.65
2005-02-01,600095,5.42,5.27,5.53,5.23,4655,1550934.0,5.54,-2.77,-0.15,0.31
2005-02-02,600095,5.27,5.66,5.74,5.27,6622,2251197.0,8.92,7.4,0.39,0.44
2005-02-03,600095,5.59,5.38,5.64,5.33,4490,1519056.0,5.48,-4.95,-0.28,0.3
2005-02-04,600095,5.42,5.55,5.61,5.38,2941,993168.0,4.28,3.16,0.17,0.19
2005-02-16,600095,5.55,5.7,5.74,5.55,5179,1796685.0,3.42,2.7,0.15,0.34
2005-02-17,600095,5.7,5.81,5.85,5.61,3483,1216958.0,4.21,1.93,0.11,0.23
2005-02-18,600095,5.81,5.72,5.87,5.7,3288,1157466.0,2.93,-1.55,-0.09,0.22
2005-02-21,600095,5.79,5.85,5.89,5.74,2519,892456.0,2.62,2.27,0.13,0.17
2005-02-22,600095,5.89,5.87,6.0,5.81,10598,3792233.0,3.25,0.34,0.02,0.7
2005-02-23,600095,5.89,6.0,6.0,5.79,9961,3563682.0,3.58,2.21,0.13,0.66
2005-02-24,600095,5.96,5.98,6.0,5.85,5305,1899223.0,2.5,-0.33,-0.02,0.35
2005-02-25,600095,6.0,6.11,6.48,5.94,20755,7726133.0,9.03,2.17,0.13,1.37
2005-02-28,600095,6.33,6.15,6.33,5.98,7535,2764776.0,5.73,0.65,0.04,0.5
2005-03-01,600095,6.28,6.2,6.28,6.09,4882,1806734.0,3.09,0.81,0.05,0.32
2005-03-02,600095,6.33,6.15,6.43,6.13,7101,2655464.0,4.84,-0.81,-0.05,0.47
2005-03-03,600095,6.13,6.15,6.15,5.92,4182,1517354.0,3.74,0.0,0.0,0.28
2005-03-04,600095,6.33,6.37,6.41,6.15,9652,3623661.0,4.23,3.58,0.22,0.64
2005-03-07,600095,6.52,6.24,6.67,6.11,25391,9643668.0,8.79,-2.04,-0.13,1.68
2005-03-08,600095,6.26,6.3,6.33,6.13,10631,3960615.0,3.21,0.96,0.06,0.7
2005-03-09,600095,6.28,6.28,6.37,6.22,6130,2302128.0,2.38,-0.32,-0.02,0.41
2005-03-10,600095,6.37,5.98,6.37,5.96,5091,1879398.0,6.53,-4.78,-0.3,0.34
2005-03-11,600095,6.0,5.98,6.09,5.89,3755,1354618.0,3.34,0.0,0.0,0.25
2005-03-14,600095,5.94,5.81,5.96,5.68,4356,1538037.0,4.68,-2.84,-0.17,0.29
2005-03-15,600095,5.81,5.64,5.81,5.64,3998,1385594.0,2.93,-2.93,-0.17,0.26
2005-03-16,600095,5.61,5.59,5.76,5.57,2536,875523.0,3.37,-0.89,-0.05,0.17
2005-03-17,600095,5.64,5.57,5.72,5.53,2334,801357.0,3.4,-0.36,-0.02,0.15
2005-03-18,600095,5.57,5.48,5.64,5.46,2510,850645.0,3.23,-1.62,-0.09,0.17
2005-03-21,600095,5.46,5.44,5.51,5.42,2000,672157.0,1.64,-0.73,-0.04,0.13
2005-03-22,600095,5.42,5.29,5.46,5.23,3179,1046883.0,4.23,-2.76,-0.15,0.21
2005-03-23,600095,5.27,5.23,5.35,5.23,3037,1000638.0,2.27,-1.13,-0.06,0.2
2005-03-24,600095,5.16,5.31,5.38,5.14,2038,668087.0,4.59,1.53,0.08,0.13
2005-03-25,600095,5.35,5.4,5.59,5.31,3054,1027658.0,5.27,1.69,0.09,0.2
2005-03-28,600095,5.4,5.07,5.4,4.88,2809,899770.0,9.63,-6.11,-0.33,0.19
2005-03-29,600095,4.94,5.05,5.18,4.94,2677,852676.0,4.73,-0.39,-0.02,0.18
2005-03-30,600095,4.94,5.01,5.07,4.94,2064,652676.0,2.57,-0.79,-0.04,0.14
2005-03-31,600095,4.99,5.03,5.05,4.88,1805,567385.0,3.39,0.4,0.02,0.12
2005-04-01,600095,4.88,5.27,5.4,4.88,4134,1331070.0,10.34,4.77,0.24,0.27
2005-04-04,600095,5.31,5.12,5.31,5.12,2101,680682.0,3.61,-2.85,-0.15,0.14
2005-04-05,600095,5.07,4.99,5.14,4.97,1618,512310.0,3.32,-2.54,-0.13,0.11
2005-04-06,600095,5.07,5.03,5.07,4.9,2081,655868.0,3.41,0.8,0.04,0.14
2005-04-07,600095,5.1,5.16,5.27,5.07,4299,1392653.0,3.98,2.58,0.13,0.28
2005-04-08,600095,5.16,5.33,5.35,5.12,4668,1525694.0,4.46,3.29,0.17,0.31
2005-04-11,600095,5.42,5.66,5.94,5.35,12868,4448092.0,11.07,6.19,0.33,0.85
2005-04-12,600095,5.64,5.35,5.64,5.35,3679,1233869.0,5.12,-5.48,-0.31,0.24
2005-04-13,600095,5.38,5.48,5.61,5.35,3802,1283880.0,4.86,2.43,0.13,0.25
2005-04-14,600095,5.51,5.25,5.53,5.25,3366,1113641.0,5.11,-4.2,-0.23,0.22
2005-04-15,600095,5.25,5.1,5.25,5.05,2891,925742.0,3.81,-2.86,-0.15,0.19
2005-04-18,600095,4.97,4.77,4.99,4.66,4331,1331770.0,6.47,-6.47,-0.33,0.29
2005-04-19,600095,4.75,4.82,4.84,4.73,2223,679087.0,2.31,1.05,0.05,0.15
2005-04-20,600095,4.77,4.49,4.77,4.36,5445,1585061.0,8.51,-6.85,-0.33,0.36
2005-04-21,600095,4.45,4.45,4.49,4.32,3917,1125434.0,3.79,-0.89,-0.04,0.26
2005-04-22,600095,4.49,4.06,4.49,3.82,5733,1558983.0,15.06,-8.76,-0.39,0.38
2005-04-25,600095,3.91,3.82,4.06,3.69,3283,863472.0,9.11,-5.91,-0.24,0.22
2005-04-27,600095,3.76,3.71,3.93,3.35,7988,2001899.0,15.18,-2.88,-0.11,0.53
2005-04-28,600095,3.59,4.15,4.19,3.54,12047,3228150.0,17.52,11.86,0.44,0.8
2005-04-29,600095,4.15,3.93,4.15,3.91,6317,1698727.0,5.78,-5.3,-0.22,0.42
2005-05-09,600095,3.87,3.39,3.93,3.35,4109,1032781.0,14.76,-13.74,-0.54,0.27
2005-05-10,600095,3.37,3.48,3.5,3.26,2849,682298.0,7.08,2.65,0.09,0.19
2005-05-11,600095,3.5,3.63,3.76,3.41,3945,982743.0,10.06,4.31,0.15,0.26
2005-05-12,600095,3.63,3.52,3.63,3.46,2281,564629.0,4.68,-3.03,-0.11,0.15
2005-05-13,600095,3.52,3.65,3.69,3.48,2708,676265.0,5.97,3.69,0.13,0.18
2005-05-16,600095,3.63,3.78,3.8,3.5,4116,1046202.0,8.22,3.56,0.13,0.27
2005-05-17,600095,3.8,3.89,3.91,3.63,3152,821178.0,7.41,2.91,0.11,0.21
2005-05-18,600095,4.0,4.02,4.12,3.82,7616,2039487.0,7.71,3.34,0.13,0.5
2005-05-19,600095,4.0,4.02,4.06,3.89,3974,1059334.0,4.23,0.0,0.0,0.26
2005-05-20,600095,4.06,3.91,4.25,3.91,6723,1850739.0,8.46,-2.74,-0.11,0.45
2005-05-23,600095,3.8,3.54,3.8,3.54,3619,913177.0,6.65,-9.46,-0.37,0.24
2005-05-24,600095,3.54,3.71,3.76,3.48,2348,596619.0,7.91,4.8,0.17,0.16
2005-05-25,600095,3.71,3.78,3.95,3.67,3427,897596.0,7.55,1.89,0.07,0.23
2005-05-26,600095,3.91,3.82,3.91,3.71,2874,745565.0,5.29,1.06,0.04,0.19
2005-05-27,600095,3.71,3.8,3.89,3.71,1936,502960.0,4.71,-0.52,-0.02,0.13
2005-05-31,600095,3.82,3.82,4.0,3.8,2154,565318.0,5.26,0.53,0.02,0.14
2005-06-01,600095,3.8,3.67,3.8,3.63,1898,486379.0,4.45,-3.93,-0.15,0.13
2005-06-02,600095,3.67,3.65,3.8,3.63,2219,567437.0,4.63,-0.54,-0.02,0.15
2005-06-03,600095,3.69,3.82,3.84,3.61,2969,763481.0,6.3,4.66,0.17,0.2
2005-06-06,600095,3.87,3.95,3.95,3.76,4402,1160003.0,4.97,3.4,0.13,0.29
2005-06-07,600095,3.89,3.82,4.02,3.8,3886,1032904.0,5.57,-3.29,-0.13,0.26
2005-06-08,600095,3.8,4.23,4.3,3.8,10575,2889958.0,13.09,10.73,0.41,0.7
2005-06-09,600095,4.21,4.43,4.6,4.06,19832,5699040.0,12.77,4.73,0.2,1.31
2005-06-10,600095,4.38,4.25,4.49,4.23,6829,1935672.0,5.87,-4.06,-0.18,0.45
2005-06-13,600095,4.23,4.32,4.36,4.12,5550,1562533.0,5.65,1.65,0.07,0.37
2005-06-14,600095,4.49,4.51,4.82,4.49,44955,13491726.0,7.64,4.4,0.19,2.98
2005-06-15,600095,4.49,4.12,4.49,3.95,11661,3220536.0,11.97,-8.65,-0.39,0.77
2005-06-16,600095,4.06,4.08,4.15,3.97,4597,1253723.0,4.37,-0.97,-0.04,0.3
2005-06-17,600095,4.02,4.17,4.23,4.02,3222,886983.0,5.15,2.21,0.09,0.21
2005-06-21,600095,4.23,4.17,4.45,4.15,5103,1438614.0,7.19,0.0,0.0,0.34
2005-06-22,600095,4.12,4.08,4.17,4.04,2593,708517.0,3.12,-2.16,-0.09,0.17
2005-06-23,600095,4.21,4.06,4.21,4.06,2810,769261.0,3.68,-0.49,-0.02,0.19
2005-06-24,600095,4.02,4.0,4.02,3.95,2699,723342.0,1.72,-1.48,-0.06,0.18
2005-06-27,600095,4.08,4.12,4.19,4.08,4309,1185199.0,2.75,3.0,0.12,0.29
2005-06-28,600095,4.12,3.93,4.12,3.93,3337,892468.0,4.61,-4.61,-0.19,0.22
2005-06-29,600095,4.02,3.97,4.06,3.93,2724,734900.0,3.31,1.02,0.04,0.18
2005-06-30,600095,3.91,3.63,3.91,3.59,3188,825211.0,8.06,-8.56,-0.34,0.21
2005-07-01,600095,3.59,3.39,3.61,3.33,4385,1075939.0,7.71,-6.61,-0.24,0.29
2005-07-04,600095,3.33,3.22,3.33,3.07,3396,784483.0,7.67,-5.01,-0.17,0.22
2005-07-05,600095,3.17,3.28,3.28,3.07,2768,643006.0,6.52,1.86,0.06,0.18
2005-07-06,600095,3.28,3.22,3.33,3.17,1622,379374.0,4.88,-1.83,-0.06,0.11
2005-07-07,600095,3.22,3.28,3.28,3.17,1625,379857.0,3.42,1.86,0.06,0.11
2005-07-08,600095,3.07,3.09,3.26,3.07,2207,504236.0,5.79,-5.79,-0.19,0.15
2005-07-11,600095,3.09,3.22,3.3,3.09,3416,794141.0,6.8,4.21,0.13,0.23
2005-07-12,600095,3.26,3.35,3.41,3.05,5485,1292789.0,11.18,4.04,0.13,0.36
2005-07-13,600095,3.33,3.37,3.5,3.28,3785,906234.0,6.57,0.6,0.02,0.25
2005-07-14,600095,3.41,3.28,3.48,3.28,2146,513412.0,5.93,-2.67,-0.09,0.14
2005-07-15,600095,3.28,3.11,3.39,3.09,2360,550029.0,9.15,-5.18,-0.17,0.16
2005-07-18,600095,3.11,2.98,3.11,2.96,2100,472019.0,4.82,-4.18,-0.13,0.14
2005-07-19,600095,2.98,3.07,3.09,2.98,1773,396653.0,3.69,3.02,0.09,0.12
2005-07-20,600095,3.11,3.33,3.5,3.0,10663,2544484.0,16.29,8.47,0.26,0.71
2005-07-21,600095,3.24,3.33,3.33,3.17,3519,824640.0,4.8,0.0,0.0,0.23
2005-07-22,600095,3.35,3.46,3.52,3.22,10335,2507058.0,9.01,3.9,0.13,0.68
2005-07-25,600095,3.48,3.54,3.54,3.33,6170,1506120.0,6.07,2.31,0.08,0.41
2005-07-26,600095,3.52,3.48,3.61,3.41,10950,2701190.0,5.65,-1.69,-0.06,0.72
2005-07-27,600095,3.48,3.54,3.56,3.35,9122,2220209.0,6.03,1.72,0.06,0.6
2005-07-28,600095,3.5,3.67,3.69,3.46,12067,3020377.0,6.5,3.67,0.13,0.8
2005-07-29,600095,3.67,3.93,4.04,3.56,27043,7086220.0,13.08,7.08,0.26,1.79
2005-08-01,600095,3.97,4.15,4.17,3.76,40011,10709965.0,10.43,5.6,0.22,2.65
2005-08-02,600095,4.02,4.08,4.12,3.91,21353,5749919.0,5.06,-1.69,-0.07,1.41
2005-08-03,600095,4.08,4.04,4.12,4.0,15097,4102324.0,2.94,-0.98,-0.04,1.0
2005-08-04,600095,4.04,3.82,4.04,3.78,10098,2662816.0,6.44,-5.45,-0.22,0.67
2005-08-08,600095,4.06,4.0,4.17,3.89,10351,2781312.0,7.33,4.71,0.18,0.69
2005-08-09,600095,3.93,4.15,4.15,3.87,17981,4857033.0,7.0,3.75,0.15,1.19
2005-08-10,600095,4.1,4.23,4.25,4.0,17864,4920023.0,6.02,1.93,0.08,1.18
2005-08-11,600095,4.19,4.17,4.23,4.0,14029,3874162.0,5.44,-1.42,-0.06,0.93
2005-08-12,600095,4.19,3.91,4.19,3.89,12296,3331569.0,7.19,-6.24,-0.26,0.81
2005-08-15,600095,3.91,4.06,4.08,3.84,9317,2509647.0,6.14,3.84,0.15,0.62
2005-08-16,600095,4.06,4.34,4.41,4.02,24069,6714931.0,9.61,6.9,0.28,1.59
2005-08-17,600095,4.34,4.34,4.36,4.08,15876,4446756.0,6.45,0.0,0.0,1.05
2005-08-18,600095,4.32,4.15,4.75,4.15,39052,11400058.0,13.82,-4.38,-0.19,2.59
2005-08-19,600095,4.08,4.17,4.32,3.97,12500,3450408.0,8.43,0.48,0.02,0.83
2005-08-22,600095,4.12,4.41,4.56,4.08,11199,3186616.0,11.51,5.76,0.24,0.74
2005-08-23,600095,4.36,4.23,4.36,4.15,7225,2028638.0,4.76,-4.08,-0.18,0.48
2005-08-24,600095,4.23,4.34,4.36,4.15,7769,2192139.0,4.96,2.6,0.11,0.51
2005-08-25,600095,4.34,4.51,4.58,4.25,19342,5628243.0,7.6,3.92,0.17,1.28
2005-08-26,600095,4.45,4.69,4.69,4.45,20472,6103959.0,5.32,3.99,0.18,1.36
2005-08-29,600095,4.73,4.69,4.75,4.43,15008,4450522.0,6.82,0.0,0.0,0.99
2005-08-30,600095,4.75,4.43,4.77,4.41,18081,5348251.0,7.68,-5.54,-0.26,1.2
2005-08-31,600095,4.43,4.43,4.49,4.21,13449,3834604.0,6.32,0.0,0.0,0.89
2005-09-01,600095,4.47,4.58,4.58,4.36,12738,3724567.0,4.97,3.39,0.15,0.84
2005-09-02,600095,4.62,4.58,4.64,4.49,10236,3031921.0,3.28,0.0,0.0,0.68
2005-09-05,600095,4.6,4.64,4.64,4.51,9307,2759723.0,2.84,1.31,0.06,0.62
2005-09-06,600095,4.66,4.73,4.99,4.58,29091,8856447.0,8.84,1.94,0.09,1.93
2005-09-07,600095,4.77,4.99,5.1,4.77,44995,14056354.0,6.98,5.5,0.26,2.98
2005-09-08,600095,4.99,4.86,5.03,4.77,16090,4974463.0,5.21,-2.61,-0.13,1.07
2005-09-09,600095,4.86,4.82,4.99,4.73,7058,2169646.0,5.35,-0.82,-0.04,0.47
2005-09-12,600095,4.73,4.79,4.86,4.66,8101,2470273.0,4.15,-0.62,-0.03,0.54
2005-09-13,600095,4.79,4.88,4.88,4.73,9385,2886147.0,3.13,1.88,0.09,0.62
2005-09-14,600095,4.9,4.9,4.92,4.77,12110,3735024.0,3.07,0.41,0.02,0.8
2005-09-15,600095,4.92,5.01,5.03,4.9,15872,4987561.0,2.65,2.24,0.11,1.05
2005-09-16,600095,4.97,4.9,5.01,4.86,8582,2673598.0,2.99,-2.2,-0.11,0.57
2005-09-19,600095,4.88,5.07,5.07,4.84,11496,3598342.0,4.69,3.47,0.17,0.76
2005-09-20,600095,5.12,5.1,5.23,5.03,28864,9294723.0,3.94,0.59,0.03,1.91
2005-09-21,600095,5.1,4.92,5.14,4.9,11804,3700301.0,4.71,-3.53,-0.18,0.78
2005-09-22,600095,4.88,4.58,4.88,4.36,11319,3399096.0,10.57,-6.91,-0.34,0.75
2005-09-23,600095,4.64,4.38,4.64,4.38,6016,1757959.0,5.68,-4.37,-0.2,0.4
2005-09-26,600095,4.41,4.45,4.49,4.34,3747,1080008.0,3.42,1.6,0.07,0.25
2005-09-27,600095,4.45,4.21,4.49,4.21,4078,1156933.0,6.29,-5.39,-0.24,0.27
2005-09-28,600095,4.28,4.19,4.28,4.15,2981,833263.0,3.09,-0.48,-0.02,0.2
2005-09-29,600095,4.23,4.32,4.32,4.21,4679,1316760.0,2.63,3.1,0.13,0.31
2005-09-30,600095,4.36,4.28,4.41,4.25,1955,554806.0,3.7,-0.93,-0.04,0.13
2005-10-10,600095,4.34,4.19,4.34,4.17,2125,595969.0,3.97,-2.1,-0.09,0.14
2005-10-11,600095,4.17,4.34,4.34,4.17,3594,1015148.0,4.06,3.58,0.15,0.24
2005-10-12,600095,4.34,4.56,4.62,4.3,7238,2099548.0,7.37,5.07,0.22,0.48
2005-10-13,600095,5.05,4.6,5.05,4.56,10818,3302903.0,10.75,0.88,0.04,0.72
2005-10-14,600095,4.53,4.41,4.62,4.34,3281,949624.0,6.09,-4.13,-0.19,0.22
2005-10-17,600095,4.32,4.28,4.32,4.19,3027,850488.0,2.95,-2.95,-0.13,0.2
2005-10-19,600095,4.45,4.34,4.56,4.32,5224,1515594.0,5.61,1.4,0.06,0.35
2005-10-20,600095,4.28,4.23,4.28,4.12,5519,1534110.0,3.69,-2.53,-0.11,0.37
2005-10-21,600095,4.19,4.25,4.32,4.17,6179,1734321.0,3.55,0.47,0.02,0.41
2005-10-24,600095,4.21,4.28,4.34,4.19,3882,1089909.0,3.53,0.71,0.03,0.26
2005-10-25,600095,4.28,4.15,4.28,4.15,3044,847833.0,3.04,-3.04,-0.13,0.2
2005-10-26,600095,4.15,3.82,4.15,3.8,4531,1214549.0,8.43,-7.95,-0.33,0.3
2005-10-27,600095,3.8,3.84,3.89,3.74,2639,688780.0,3.93,0.52,0.02,0.17
2005-10-28,600095,3.84,3.67,3.89,3.54,3035,773229.0,9.11,-4.43,-0.17,0.2
2005-10-31,600095,3.63,3.87,3.93,3.63,4180,1072335.0,8.17,5.45,0.2,0.28
2005-11-01,600095,3.8,3.74,3.82,3.67,3812,983245.0,3.88,-3.36,-0.13,0.25
2005-11-02,600095,3.82,3.87,3.91,3.76,4755,1245157.0,4.01,3.48,0.13,0.31
2005-11-03,600095,3.8,3.8,3.93,3.8,1982,520480.0,3.36,-1.81,-0.07,0.13
2005-11-04,600095,3.8,3.95,3.95,3.63,6162,1622831.0,8.42,3.95,0.15,0.41
2005-11-07,600095,4.06,4.21,4.23,4.02,16591,4543532.0,5.32,6.58,0.26,1.1
2005-11-08,600095,4.21,4.19,4.23,4.08,6646,1839365.0,3.56,-0.48,-0.02,0.44
2005-11-09,600095,4.17,4.02,4.19,4.0,6257,1715061.0,4.53,-4.06,-0.17,0.41
2005-11-10,600095,3.93,3.84,3.97,3.8,4675,1230316.0,4.23,-4.48,-0.18,0.31
2005-11-11,600095,3.74,3.84,3.91,3.74,2879,750702.0,4.43,0.0,0.0,0.19
2005-11-14,600095,3.87,3.91,3.91,3.8,1824,479269.0,2.86,1.82,0.07,0.12
2005-11-15,600095,3.91,3.84,3.95,3.8,2525,664197.0,3.84,-1.79,-0.07,0.17
2005-11-16,600095,3.82,3.89,3.89,3.71,3368,872442.0,4.69,1.3,0.05,0.22
2005-11-17,600095,3.91,3.91,3.97,3.87,3553,942465.0,2.57,0.51,0.02,0.24
2005-11-18,600095,3.93,4.02,4.04,3.91,5006,1345187.0,3.32,2.81,0.11,0.33
2005-11-21,600095,3.97,4.06,4.12,3.97,3636,988785.0,3.73,1.0,0.04,0.24
2005-11-22,600095,4.06,3.84,4.06,3.8,3908,1040448.0,6.4,-5.42,-0.22,0.26
2005-11-23,600095,3.84,3.87,3.93,3.78,2591,681324.0,3.91,0.78,0.03,0.17
2005-11-24,600095,3.84,4.43,4.43,3.82,17667,4985798.0,15.76,14.47,0.56,1.17
2005-11-25,600095,4.53,4.32,4.71,4.25,65470,19260224.0,10.38,-2.48,-0.11,4.33
2005-11-28,600095,4.23,4.12,4.23,4.04,17481,4807487.0,4.4,-4.63,-0.2,1.16
2005-11-29,600095,4.1,4.08,4.1,4.0,7849,2132554.0,2.43,-0.97,-0.04,0.52
2005-11-30,600095,4.02,4.19,4.21,4.02,8986,2464101.0,4.66,2.7,0.11,0.59
2005-12-01,600095,4.19,4.06,4.19,4.02,6168,1680678.0,4.06,-3.1,-0.13,0.41
2005-12-02,600095,4.0,3.87,4.04,3.84,6715,1793288.0,4.93,-4.68,-0.19,0.44
2005-12-05,600095,3.78,3.74,3.84,3.71,4402,1140163.0,3.36,-3.36,-0.13,0.29
2005-12-06,600095,3.69,3.76,3.8,3.63,4880,1249751.0,4.55,0.53,0.02,0.32
2005-12-07,600095,3.76,3.78,3.8,3.69,3227,831080.0,2.93,0.53,0.02,0.21
2005-12-08,600095,3.78,3.78,3.87,3.71,2719,703047.0,4.23,0.0,0.0,0.18
2005-12-09,600095,3.74,3.87,3.89,3.69,3443,896540.0,5.29,2.38,0.09,0.23
2005-12-12,600095,3.82,3.91,3.93,3.78,3505,924602.0,3.88,1.03,0.04,0.23
2005-12-13,600095,3.87,3.89,3.89,3.78,2226,582894.0,2.81,-0.51,-0.02,0.15
2005-12-14,600095,3.89,3.95,3.95,3.82,3128,829471.0,3.34,1.54,0.06,0.21
2005-12-15,600095,3.93,3.91,4.02,3.91,3282,877020.0,2.78,-1.01,-0.04,0.22
2005-12-16,600095,3.91,3.91,3.95,3.76,4444,1168251.0,4.86,0.0,0.0,0.29
2005-12-19,600095,3.91,3.95,3.97,3.87,3481,925931.0,2.56,1.02,0.04,0.23
2005-12-20,600095,3.93,3.91,3.95,3.87,2683,709746.0,2.03,-1.01,-0.04,0.18
2005-12-21,600095,3.91,3.84,3.95,3.82,2653,698413.0,3.32,-1.79,-0.07,0.18
2005-12-22,600095,3.82,3.87,3.89,3.8,1403,368482.0,2.34,0.78,0.03,0.09
2005-12-23,600095,3.89,3.91,3.91,3.84,2718,716578.0,1.81,1.03,0.04,0.18
2005-12-26,600095,3.93,4.04,4.06,3.89,5681,1518929.0,4.35,3.32,0.13,0.38
2005-12-27,600095,4.06,4.02,4.12,3.95,5818,1573842.0,4.21,-0.5,-0.02,0.39
2005-12-28,600095,3.93,3.97,4.06,3.93,2614,702116.0,3.23,-1.24,-0.05,0.17
2005-12-29,600095,3.95,3.97,4.02,3.95,5940,1598681.0,1.76,0.0,0.0,0.39
2005-12-30,600095,3.97,3.93,4.04,3.91,4093,1094638.0,3.27,-1.01,-0.04,0.27
2006-01-04,600095,3.89,4.06,4.06,3.87,6871,1849714.0,4.83,3.31,0.13,0.45
2006-01-05,600095,4.1,4.23,4.25,4.02,15337,4235614.0,5.67,4.19,0.17,1.02
2006-01-06,600095,4.25,4.21,4.32,4.12,21772,6083314.0,4.73,-0.47,-0.02,1.44
2006-01-09,600095,4.21,4.25,4.32,4.21,9453,2661689.0,2.61,0.95,0.04,0.63
2006-01-10,600095,4.25,4.21,4.25,4.12,8278,2299587.0,3.06,-0.94,-0.04,0.55
2006-01-11,600095,4.23,4.15,4.23,4.12,6247,1733246.0,2.61,-1.43,-0.06,0.41
2006-01-12,600095,4.15,4.36,4.41,4.12,11611,3281913.0,6.99,5.06,0.21,0.77
2006-01-13,600095,4.36,4.28,4.38,4.21,8406,2382669.0,3.9,-1.83,-0.08,0.56
2006-01-16,600095,4.21,4.19,4.34,4.19,6577,1847319.0,3.5,-2.1,-0.09,0.44
2006-01-17,600095,4.17,4.21,4.28,4.17,6144,1715317.0,2.63,0.48,0.02,0.41
2006-01-18,600095,4.21,4.34,4.36,4.19,11603,3293651.0,4.04,3.09,0.13,0.77
2006-01-19,600095,4.47,4.43,4.53,4.36,18341,5305187.0,3.92,2.07,0.09,1.21
2006-01-20,600095,4.36,4.38,4.43,4.32,8990,2577819.0,2.48,-1.13,-0.05,0.6
2006-01-23,600095,4.34,4.43,4.45,4.28,11004,3156382.0,3.88,1.14,0.05,0.73
2006-01-24,600095,4.45,4.53,4.6,4.45,21835,6421789.0,3.39,2.26,0.1,1.45
2006-01-25,600095,4.53,4.49,4.53,4.36,9112,2635222.0,3.75,-0.88,-0.04,0.6
2006-02-06,600095,4.56,4.6,4.6,4.49,9846,2908522.0,2.45,2.45,0.11,0.65
2006-02-07,600095,4.6,4.64,4.75,4.49,19274,5767225.0,5.65,0.87,0.04,1.28
2006-02-08,600095,4.56,4.64,4.71,4.56,8957,2667821.0,3.23,0.0,0.0,0.59
2006-02-09,600095,4.64,4.62,4.71,4.53,17012,5071746.0,3.88,-0.43,-0.02,1.13
2006-02-10,600095,4.64,4.66,4.71,4.58,12154,3632299.0,2.81,0.87,0.04,0.8
2006-02-13,600095,4.66,4.58,4.73,4.53,7720,2287720.0,4.29,-1.72,-0.08,0.51
2006-02-14,600095,4.73,4.66,4.84,4.6,8399,2527025.0,5.24,1.75,0.08,0.56
2006-02-15,600095,4.69,4.71,4.79,4.66,11900,3595456.0,2.79,1.07,0.05,0.79
2006-02-16,600095,4.71,4.38,4.71,4.38,12936,3805058.0,7.01,-7.01,-0.33,0.86
2006-02-17,600095,4.38,4.49,4.49,4.36,9995,2890382.0,2.97,2.51,0.11,0.66
2006-02-20,600095,4.6,4.56,4.73,4.53,13092,3902296.0,4.45,1.56,0.07,0.87
2006-02-21,600095,4.53,4.6,4.64,4.45,9718,2861073.0,4.17,0.88,0.04,0.64
2006-02-22,600095,4.64,4.64,4.73,4.6,14306,4294370.0,2.83,0.87,0.04,0.95
2006-02-23,600095,4.64,4.79,4.84,4.62,26197,7944498.0,4.74,3.23,0.15,1.73
2006-02-24,600095,4.82,4.75,4.82,4.66,10332,3122042.0,3.34,-0.84,-0.04,0.68
2006-02-27,600095,4.79,4.6,4.79,4.53,9826,2941042.0,5.47,-3.16,-0.15,0.65
2006-02-28,600095,4.6,4.62,4.64,4.45,7239,2125558.0,4.13,0.43,0.02,0.48
2006-03-01,600095,4.53,4.73,4.79,4.53,13669,4138004.0,5.63,2.38,0.11,0.9
2006-03-02,600095,4.69,4.77,4.99,4.62,29075,8951240.0,7.82,0.85,0.04,1.92
2006-03-03,600095,4.73,4.75,5.16,4.66,19563,6008981.0,10.48,-0.42,-0.02,1.3
2006-03-06,600095,4.77,4.71,4.88,4.64,8990,2721966.0,5.05,-0.84,-0.04,0.6
2006-03-07,600095,4.66,4.47,4.71,4.47,8313,2455922.0,5.1,-5.1,-0.24,0.55
2006-03-08,600095,4.47,4.38,4.47,4.3,6743,1934897.0,3.8,-2.01,-0.09,0.45
2006-03-09,600095,4.38,4.3,4.45,4.3,3718,1065392.0,3.42,-1.83,-0.08,0.25
2006-03-10,600095,4.34,4.34,4.41,4.3,3412,970297.0,2.56,0.93,0.04,0.23
2006-03-13,600095,4.34,4.41,4.41,4.28,3876,1104845.0,3.0,1.61,0.07,0.26
2006-03-14,600095,4.34,4.36,4.49,4.32,4675,1343125.0,3.85,-1.13,-0.05,0.31
2006-03-15,600095,4.36,4.41,4.43,4.34,4889,1403130.0,2.06,1.15,0.05,0.32
2006-03-16,600095,4.38,4.36,4.41,4.28,6110,1740478.0,2.95,-1.13,-0.05,0.4
2006-03-17,600095,4.41,4.43,4.49,4.38,9806,2840964.0,2.52,1.61,0.07,0.65
2006-03-20,600095,4.38,4.41,4.43,4.23,8555,2435081.0,4.51,-0.45,-0.02,0.57
2006-03-22,600095,4.41,4.51,4.51,4.28,10687,3069259.0,5.22,2.27,0.1,0.71
2006-03-23,600095,4.56,4.51,4.6,4.49,13556,3993004.0,2.44,0.0,0.0,0.9
2006-03-24,600095,4.53,4.41,4.53,4.36,6786,1959059.0,3.77,-2.22,-0.1,0.45
2006-03-27,600095,4.41,4.36,4.43,4.28,10086,2867608.0,3.4,-1.13,-0.05,0.67
2006-03-28,600095,4.38,4.41,4.43,4.32,6283,1800389.0,2.52,1.15,0.05,0.42
2006-03-29,600095,4.45,4.45,4.56,4.38,9871,2862085.0,4.08,0.91,0.04,0.65
2006-03-30,600095,4.45,4.32,4.45,4.3,8071,2307919.0,3.37,-2.92,-0.13,0.53
2006-03-31,600095,4.3,4.36,4.36,4.23,8714,2466754.0,3.01,0.93,0.04,0.58
2006-04-03,600095,4.28,4.49,4.49,4.25,11731,3353620.0,5.5,2.98,0.13,0.78
2006-04-04,600095,4.51,4.62,4.64,4.45,25768,7590088.0,4.23,2.9,0.13,1.71
2006-04-05,600095,4.73,4.6,4.73,4.53,13604,4042551.0,4.33,-0.43,-0.02,0.9
2006-04-06,600095,4.66,4.71,4.86,4.53,30607,9237749.0,7.17,2.39,0.11,2.03
2006-04-07,600095,4.71,4.73,4.75,4.62,14863,4466608.0,2.76,0.42,0.02,0.98
2006-04-10,600095,4.66,4.86,4.88,4.66,21951,6709734.0,4.65,2.75,0.13,1.45
2006-04-11,600095,4.86,4.77,4.86,4.69,19873,6059926.0,3.5,-1.85,-0.09,1.32
2006-04-12,600095,4.77,4.77,4.77,4.69,14090,4272063.0,1.68,0.0,0.0,0.93
2006-04-13,600095,4.77,4.56,4.88,4.56,18357,5544461.0,6.71,-4.4,-0.21,1.22
2006-04-14,600095,4.51,4.75,4.79,4.49,16173,4855697.0,6.58,4.17,0.19,1.07
2006-04-17,600095,4.73,4.86,4.88,4.66,22258,6840772.0,4.63,2.32,0.11,1.47
2006-04-18,600095,4.86,4.88,4.92,4.77,18384,5664984.0,3.09,0.41,0.02,1.22
2006-04-19,600095,4.88,4.73,4.88,4.66,11551,3510742.0,4.51,-3.07,-0.15,0.76
2006-04-20,600095,4.71,4.53,4.77,4.51,16190,4821901.0,5.5,-4.23,-0.2,1.07
2006-04-21,600095,4.56,5.16,5.16,4.51,75190,23891862.0,14.35,13.91,0.63,4.98
2006-04-24,600095,5.2,5.29,5.38,4.9,58349,18888377.0,9.3,2.52,0.13,3.86
2006-04-25,600095,5.27,5.2,5.61,4.99,41594,13827288.0,11.72,-1.7,-0.09,2.75
2006-04-26,600095,5.16,5.33,5.48,5.12,23955,7924950.0,6.92,2.5,0.13,1.59
2006-04-27,600095,5.35,5.76,5.96,5.35,45936,16109710.0,11.44,8.07,0.43,3.04
2006-04-28,600095,5.7,5.85,5.94,5.53,30225,10595315.0,7.12,1.56,0.09,2.0
2006-05-08,600095,5.85,5.96,5.96,5.66,25583,9083403.0,5.13,1.88,0.11,1.69
2006-05-09,600095,5.96,6.28,6.5,5.74,49788,18186748.0,12.75,5.37,0.32,3.3
2006-05-10,600095,6.28,6.11,6.35,6.02,25954,9590766.0,5.25,-2.71,-0.17,1.72
2006-05-11,600095,5.98,6.5,6.91,5.98,65095,25436116.0,15.22,6.38,0.39,4.31
2006-05-12,600095,6.52,7.25,7.34,6.52,72197,29615832.0,12.62,11.54,0.75,4.78
2006-05-26,600095,8.16,7.49,8.16,7.38,86378,38027772.0,10.76,3.31,0.24,5.72
2006-05-29,600095,7.53,7.92,8.12,7.53,49488,22199529.0,7.88,5.74,0.43,3.28
2006-05-30,600095,7.94,8.68,8.81,7.69,54134,25286856.0,14.14,9.6,0.76,3.58
2006-05-31,600095,8.68,9.13,9.39,8.44,53504,27065395.0,10.94,5.18,0.45,3.54
2006-06-01,600095,9.2,9.82,9.89,9.04,51332,26733798.0,9.31,7.56,0.69,3.4
2006-06-02,600095,9.84,9.61,10.47,9.41,60081,32751925.0,10.79,-2.14,-0.21,3.98
2006-06-05,600095,9.61,10.21,10.21,9.41,37316,20022075.0,8.32,6.24,0.6,2.47
2006-06-06,600095,10.15,9.71,10.15,9.67,33213,18016787.0,4.7,-4.9,-0.5,2.2
2006-06-07,600095,9.63,8.59,9.71,8.57,51014,25626569.0,11.74,-11.53,-1.12,3.38
2006-06-08,600095,8.55,8.68,9.11,8.29,58237,28562400.0,9.55,1.05,0.09,3.86
2006-07-28,600095,8.94,9.62,10.55,8.76,202370,65320551.0,20.62,10.83,0.94,8.07
2006-07-31,600095,9.58,9.04,10.01,8.97,62983,19796664.0,10.81,-6.03,-0.58,2.51
2006-08-01,600095,8.9,8.29,9.22,8.18,57754,16787189.0,11.5,-8.3,-0.75,2.3
2006-08-02,600095,8.29,8.11,8.44,7.68,35941,9805744.0,9.17,-2.17,-0.18,1.43
2006-08-03,600095,8.11,8.36,8.36,8.04,29473,8214580.0,3.95,3.08,0.25,1.18
2006-08-04,600095,8.22,8.04,8.54,8.01,25976,7310479.0,6.34,-3.83,-0.32,1.04
2006-08-07,600095,7.93,7.61,8.04,7.5,17230,4583560.0,6.72,-5.35,-0.43,0.69
2006-08-08,600095,7.47,7.86,7.9,7.43,18423,4924072.0,6.18,3.29,0.25,0.73
2006-08-09,600095,7.97,8.15,8.36,7.79,29610,8238426.0,7.25,3.69,0.29,1.18
2006-08-10,600095,8.08,8.26,8.33,8.08,19728,5522903.0,3.07,1.35,0.11,0.79
2006-08-11,600095,8.26,8.26,8.29,7.97,18364,5097015.0,3.87,0.0,0.0,0.73
2006-08-14,600095,8.29,7.75,8.29,7.75,19406,5325720.0,6.54,-6.17,-0.51,0.77
2006-08-15,600095,7.61,8.22,8.26,7.61,15979,4372956.0,8.39,6.06,0.47,0.64
2006-08-16,600095,8.18,8.47,8.51,8.04,37018,10491749.0,5.72,3.04,0.25,1.48
2006-08-17,600095,8.44,8.79,8.9,8.04,50290,14552300.0,10.15,3.78,0.32,2.01
2006-08-18,600095,8.87,8.54,8.94,8.44,30537,8926597.0,5.69,-2.84,-0.25,1.22
2006-08-21,600095,8.04,8.54,8.54,7.86,23851,6715450.0,7.96,0.0,0.0,0.95
2006-08-22,600095,8.47,8.61,8.87,8.33,23355,6830036.0,6.32,0.82,0.07,0.93
2006-08-23,600095,8.54,8.58,8.83,8.51,27222,7980646.0,3.72,-0.35,-0.03,1.09
2006-08-24,600095,8.97,9.15,9.44,8.87,95229,29128397.0,6.64,6.64,0.57,3.8
2006-08-25,600095,8.94,8.83,9.12,8.76,42095,12602520.0,3.93,-3.5,-0.32,1.68
2006-08-28,600095,8.9,8.97,9.08,8.61,32212,9615628.0,5.32,1.59,0.14,1.28
2006-08-29,600095,8.97,9.22,9.26,8.83,64197,19613613.0,4.79,2.79,0.25,2.56
2006-08-30,600095,9.19,9.83,9.83,9.04,108656,34605025.0,8.57,6.62,0.61,4.33
2006-08-31,600095,10.01,9.65,10.01,9.51,100265,32206029.0,5.09,-1.83,-0.18,4.0
2006-09-01,600095,9.69,9.19,9.8,9.12,50224,15677903.0,7.05,-4.77,-0.46,2.0
2006-09-04,600095,9.22,9.51,9.55,9.12,33371,10410983.0,4.68,3.48,0.32,1.33
2006-09-05,600095,9.51,9.58,9.62,9.22,36678,11516518.0,4.21,0.74,0.07,1.46
2006-09-06,600095,9.62,9.4,9.76,9.26,39840,12539388.0,5.22,-1.88,-0.18,1.59
2006-09-07,600095,9.4,9.22,9.47,8.97,43017,13255424.0,5.32,-1.91,-0.18,1.72
2006-09-08,600095,9.22,9.26,9.4,9.12,18049,5571304.0,3.04,0.43,0.04,0.72
2006-09-11,600095,9.26,9.58,9.58,8.94,48991,15224073.0,6.91,3.46,0.32,1.95
2006-09-12,600095,9.55,9.55,9.69,9.44,75331,23942379.0,2.61,-0.31,-0.03,3.0
2006-09-13,600095,9.58,9.15,9.62,9.12,67786,21001762.0,5.24,-4.19,-0.4,2.7
2006-09-14,600095,9.01,9.37,9.4,9.01,26309,8081723.0,4.26,2.4,0.22,1.05
2006-09-15,600095,9.22,9.37,9.4,9.22,29539,9178357.0,1.92,0.0,0.0,1.18
2006-09-18,600095,9.33,9.3,9.4,9.15,33488,10333402.0,2.67,-0.75,-0.07,1.34
2006-09-19,600095,9.22,9.3,9.44,9.19,27449,8535314.0,2.69,0.0,0.0,1.09
2006-09-20,600095,9.26,9.19,9.3,9.08,24254,7435356.0,2.37,-1.18,-0.11,0.97
2006-09-21,600095,9.22,9.08,9.3,9.04,28140,8599251.0,2.83,-1.2,-0.11,1.12
2006-09-22,600095,9.12,9.08,9.26,9.08,22352,6838599.0,1.98,0.0,0.0,0.89
2006-09-25,600095,9.26,9.04,9.26,9.01,19884,6055941.0,2.75,-0.44,-0.04,0.79
2006-09-26,600095,9.04,8.69,9.04,8.54,39157,11511512.0,5.53,-3.87,-0.35,1.56
2006-09-27,600095,8.69,8.72,8.79,8.51,17733,5171600.0,3.22,0.35,0.03,0.71
2006-09-28,600095,8.72,8.72,8.87,8.54,21206,6247632.0,3.78,0.0,0.0,0.85
2006-09-29,600095,8.72,8.97,9.01,8.65,25637,7670468.0,4.13,2.87,0.25,1.02
2006-10-09,600095,9.12,9.19,9.26,9.01,50309,15337078.0,2.79,2.45,0.22,2.01
2006-10-10,600095,9.08,9.37,9.4,9.04,52520,16216619.0,3.92,1.96,0.18,2.09
2006-10-11,600095,9.37,9.3,9.4,9.12,24145,7438438.0,2.99,-0.75,-0.07,0.96
2006-10-12,600095,9.3,9.22,9.3,9.04,25812,7887855.0,2.8,-0.86,-0.08,1.03
2006-10-13,600095,9.15,9.19,9.4,9.04,28186,8706953.0,3.9,-0.33,-0.03,1.12
2006-10-16,600095,9.12,8.97,9.22,8.97,28367,8629791.0,2.72,-2.39,-0.22,1.13
2006-10-17,600095,9.01,8.9,9.04,8.79,27946,8356929.0,2.79,-0.78,-0.07,1.11
2006-10-18,600095,8.94,9.15,9.19,8.83,18730,5665130.0,4.04,2.81,0.25,0.75
2006-10-19,600095,9.12,9.15,9.3,9.12,36453,11199985.0,1.97,0.0,0.0,1.45
2006-10-20,600095,9.19,9.37,9.58,9.19,85545,26749750.0,4.26,2.4,0.22,3.41
2006-10-23,600095,9.37,9.26,9.44,8.83,48758,14905327.0,6.51,-1.17,-0.11,1.94
2006-10-24,600095,9.26,9.65,9.65,9.26,143483,45195408.0,4.21,4.21,0.39,5.72
2006-10-25,600095,9.65,9.44,9.65,9.26,55712,17508053.0,4.04,-2.18,-0.21,2.22
2006-10-26,600095,9.4,9.12,9.44,9.12,25907,7965625.0,3.39,-3.39,-0.32,1.03
2006-10-27,600095,9.08,8.94,9.19,8.87,31638,9533478.0,3.51,-1.97,-0.18,1.26
2006-10-30,600095,8.83,8.54,8.87,8.18,43621,12576370.0,7.72,-4.47,-0.4,1.74
2006-10-31,600095,8.58,8.72,8.76,8.4,18096,5240601.0,4.22,2.11,0.18,0.72
2006-11-01,600095,8.72,8.58,8.76,8.47,19915,5750489.0,3.33,-1.61,-0.14,0.79
2006-11-02,600095,8.72,8.58,8.72,8.44,14255,4102049.0,3.26,0.0,0.0,0.57
2006-11-03,600095,8.58,8.58,8.65,8.47,15951,4620495.0,2.1,0.0,0.0,0.64
2006-11-06,600095,8.54,8.36,8.54,8.33,23574,6726348.0,2.45,-2.56,-0.22,0.94
2006-11-07,600095,8.29,8.22,8.36,8.08,21872,6117336.0,3.35,-1.67,-0.14,0.87
2006-11-08,600095,8.26,8.26,8.33,8.18,11724,3295483.0,1.82,0.49,0.04,0.47
2006-11-09,600095,8.4,8.36,8.44,8.22,11138,3153520.0,2.66,1.21,0.1,0.44
2006-11-13,600095,8.33,7.75,8.33,7.65,22531,6048952.0,8.13,-7.3,-0.61,0.9
2006-11-14,600095,7.79,7.68,7.83,7.4,16826,4405692.0,5.55,-0.9,-0.07,0.67
2006-11-15,600095,7.68,7.75,7.79,7.54,15956,4221659.0,3.26,0.91,0.07,0.64
2006-11-16,600095,7.75,7.72,7.9,7.68,17072,4579705.0,2.84,-0.39,-0.03,0.68
2006-11-17,600095,7.65,7.72,7.72,7.5,11870,3130408.0,2.85,0.0,0.0,0.47
2006-11-20,600095,7.72,7.75,7.97,7.65,13889,3709057.0,4.15,0.39,0.03,0.55
2006-11-21,600095,7.79,8.01,8.08,7.61,21018,5685640.0,6.06,3.35,0.26,0.84
2006-11-22,600095,8.01,8.04,8.18,7.97,14514,3999047.0,2.62,0.37,0.03,0.58
2006-11-23,600095,8.04,7.93,8.15,7.86,16423,4469980.0,3.61,-1.37,-0.11,0.65
2006-11-24,600095,8.04,8.18,8.22,7.9,20642,5696908.0,4.04,3.15,0.25,0.82
2006-11-27,600095,8.15,8.29,8.4,8.01,20404,5665086.0,4.77,1.34,0.11,0.81
2006-11-28,600095,8.4,8.58,8.69,8.22,30379,8713292.0,5.67,3.5,0.29,1.21
2006-11-29,600095,8.47,8.51,8.69,8.29,20275,5867977.0,4.66,-0.82,-0.07,0.81
2006-11-30,600095,8.54,8.54,8.61,8.4,23846,6870536.0,2.47,0.35,0.03,0.95
2006-12-01,600095,8.54,8.36,8.58,8.33,26452,7553693.0,2.93,-2.11,-0.18,1.05
2006-12-04,600095,8.36,8.44,8.44,8.22,34963,9897881.0,2.63,0.96,0.08,1.39
2006-12-05,600095,8.4,9.3,9.3,8.36,110191,33092758.0,11.14,10.19,0.86,4.39
2006-12-06,600095,9.12,9.26,9.44,8.61,79573,24136286.0,8.92,-0.43,-0.04,3.17
2006-12-07,600095,9.3,9.01,9.3,8.9,50377,15315695.0,4.32,-2.7,-0.25,2.01
2006-12-08,600095,8.9,8.26,8.9,8.26,47441,13672284.0,7.1,-8.32,-0.75,1.89
2006-12-11,600095,8.26,8.72,8.79,8.22,27361,7959736.0,6.9,5.57,0.46,1.09
2006-12-12,600095,8.72,8.47,8.72,8.33,20221,5803537.0,4.47,-2.87,-0.25,0.81
2006-12-13,600095,8.47,8.44,8.58,8.36,17393,4981653.0,2.6,-0.35,-0.03,0.69
2006-12-14,600095,8.44,8.47,8.76,8.44,20193,5854237.0,3.79,0.36,0.03,0.81
2006-12-15,600095,8.51,8.69,8.72,8.44,29983,8705625.0,3.31,2.6,0.22,1.2
2006-12-18,600095,8.72,8.61,8.76,8.54,26526,7733245.0,2.53,-0.92,-0.08,1.06
2006-12-19,600095,8.61,8.54,8.72,8.29,39646,11359753.0,4.99,-0.81,-0.07,1.58
2006-12-20,600095,8.51,8.9,9.04,8.4,56131,16654800.0,7.49,4.22,0.36,2.24
2006-12-21,600095,8.87,9.01,9.3,8.79,63099,19079523.0,5.73,1.24,0.11,2.52
2006-12-22,600095,9.08,8.9,9.19,8.76,41759,12571248.0,4.77,-1.22,-0.11,1.67
2006-12-25,600095,8.9,8.94,9.08,8.79,39074,11728942.0,3.26,0.45,0.04,1.56
2006-12-26,600095,8.94,8.69,9.01,8.51,33489,9851855.0,5.59,-2.8,-0.25,1.34
2006-12-27,600095,8.69,9.33,9.44,8.61,119942,36575224.0,9.55,7.36,0.64,4.78
2006-12-28,600095,9.26,8.97,9.4,8.69,88416,26886802.0,7.61,-3.86,-0.36,3.53
2006-12-29,600095,9.12,8.79,9.12,8.76,59420,17759929.0,4.01,-2.01,-0.18,2.37
2007-01-04,600095,9.04,8.9,9.15,8.76,51070,15363930.0,4.44,1.25,0.11,2.04
2007-01-05,600095,8.9,9.19,9.19,8.76,56962,17285038.0,4.83,3.26,0.29,2.27
2007-01-08,600095,9.3,9.65,9.65,9.01,104192,32623632.0,6.96,5.01,0.46,4.15
2007-01-09,600095,9.69,9.98,10.01,9.58,124028,40412212.0,4.46,3.42,0.33,4.95
2007-01-10,600095,10.01,9.98,10.12,9.72,84590,27689061.0,4.01,0.0,0.0,3.37
2007-01-11,600095,10.05,10.48,11.01,9.94,154488,53281745.0,10.72,5.01,0.5,6.16
2007-01-12,600095,10.33,11.05,11.44,10.08,185973,66169664.0,12.98,5.44,0.57,7.42
2007-01-15,600095,11.12,12.3,12.34,11.12,171374,64788371.0,11.04,11.31,1.25,6.83
2007-01-16,600095,12.34,12.81,13.16,11.8,163019,66058895.0,11.06,4.15,0.51,6.5
2007-01-17,600095,12.81,11.87,12.95,11.66,153749,60268779.0,10.07,-7.34,-0.94,6.13
2007-01-18,600095,11.87,11.77,11.87,10.98,112755,41630350.0,7.5,-0.84,-0.1,4.5
2007-01-19,600095,11.66,12.48,12.7,11.62,132987,52299330.0,9.18,6.03,0.71,5.3
2007-01-22,600095,12.73,13.16,13.24,12.45,155463,63046626.0,6.33,5.45,0.68,6.2
2007-01-23,600095,13.13,12.84,13.13,12.38,109014,44521260.0,5.7,-2.43,-0.32,4.35
2007-01-24,600095,12.81,12.84,13.09,12.48,78806,32242851.0,4.75,0.0,0.0,3.14
2007-01-25,600095,12.81,11.62,12.81,11.52,89881,35052938.0,10.05,-9.5,-1.22,3.58
2007-01-26,600095,11.44,11.52,11.7,10.76,67481,24582947.0,8.09,-0.86,-0.1,2.69
2007-01-29,600095,11.41,12.23,12.3,11.41,75411,28904105.0,7.73,6.16,0.71,3.01
2007-01-30,600095,12.23,11.91,12.38,11.84,59371,22926523.0,4.42,-2.62,-0.32,2.37
2007-01-31,600095,11.91,11.52,12.16,11.27,61402,23322234.0,7.47,-3.27,-0.39,2.45
2007-02-01,600095,11.3,11.37,11.52,10.69,60424,21939048.0,7.2,-1.3,-0.15,2.41
2007-02-02,600095,11.44,11.3,11.87,11.12,51086,19062069.0,6.6,-0.62,-0.07,2.04
2007-02-05,600095,11.3,11.66,11.8,11.3,39986,15031834.0,4.42,3.19,0.36,1.59
2007-02-06,600095,11.77,12.16,12.2,11.73,59348,22987773.0,4.03,4.29,0.5,2.37
2007-02-07,600095,12.23,12.13,12.41,11.98,42085,16361833.0,3.54,-0.25,-0.03,1.68
2007-02-08,600095,12.09,12.41,12.55,12.09,65559,25983456.0,3.79,2.31,0.28,2.61
2007-02-09,600095,12.41,12.45,12.81,12.38,67574,27075568.0,3.46,0.32,0.04,2.69
2007-02-12,600095,12.34,12.59,12.66,12.09,86885,34443180.0,4.58,1.12,0.14,3.46
2007-02-13,600095,12.59,13.13,13.16,12.48,112174,45769288.0,5.4,4.29,0.54,4.47
2007-02-14,600095,13.09,14.06,14.53,12.98,158429,70201681.0,11.81,7.08,0.93,6.32
2007-02-15,600095,14.13,14.31,14.49,13.95,102057,45521301.0,3.84,1.78,0.25,4.07
2007-02-16,600095,14.38,14.38,15.21,14.24,130246,59900508.0,6.78,0.49,0.07,5.19
2007-02-26,600095,14.49,15.99,15.99,14.38,144089,70514666.0,11.2,11.2,1.61,5.75
2007-02-27,600095,16.32,14.53,17.18,14.2,264597,132004522.0,18.64,-9.13,-1.46,10.55
2007-02-28,600095,14.45,16.17,16.17,14.31,169614,80954655.0,12.8,11.29,1.64,6.76
2007-03-01,600095,16.35,17.36,17.93,15.96,239287,125748916.0,12.18,7.36,1.19,9.54
2007-03-02,600095,17.36,16.96,17.86,16.82,126028,66580321.0,5.99,-2.3,-0.4,5.03
2007-03-05,600095,16.85,16.6,17.36,15.71,129426,66306658.0,9.73,-2.12,-0.36,5.16
2007-03-06,600095,16.5,16.96,17.46,15.74,142146,73692824.0,10.36,2.17,0.36,5.67
2007-03-07,600095,17.18,17.96,18.18,16.75,215215,115946493.0,8.43,5.9,1.0,8.58
2007-03-08,600095,18.25,19.86,19.86,17.89,280044,161928928.0,10.97,10.58,1.9,11.17
2007-03-09,600095,20.4,21.47,22.05,20.4,412966,268330877.0,8.31,8.11,1.61,16.47
2007-03-12,600095,21.3,21.73,22.37,20.87,269248,175901221.0,6.99,1.21,0.26,10.74
2007-03-13,600095,21.98,21.33,21.98,20.58,189394,121012330.0,6.44,-1.84,-0.4,7.55
2007-03-14,600095,20.87,21.9,22.8,19.79,242093,155772018.0,14.11,2.67,0.57,9.65
2007-03-15,600095,21.47,21.51,22.19,21.37,139552,91382777.0,3.74,-1.78,-0.39,5.56
2007-03-16,600095,22.05,21.9,22.55,20.83,215079,142209070.0,8.0,1.81,0.39,8.58
2007-03-19,600095,21.9,21.37,22.69,21.12,136880,89937250.0,7.17,-2.42,-0.53,5.46
2007-03-20,600095,21.37,21.55,21.62,20.69,138407,88375141.0,4.35,0.84,0.18,5.52
2007-03-21,600095,21.37,22.69,23.23,20.87,248213,165471900.0,10.95,5.29,1.14,9.9
2007-03-22,600095,22.66,23.27,23.91,22.12,253173,174231963.0,7.89,2.56,0.58,10.1
2007-03-23,600095,23.23,23.66,23.98,22.87,229873,162198840.0,4.77,1.68,0.39,9.17
2007-03-26,600095,23.73,23.8,24.23,23.45,154831,110813678.0,3.3,0.59,0.14,6.17
2007-03-27,600095,23.84,24.27,24.27,23.16,189812,134624604.0,4.66,1.97,0.47,7.57
2007-03-28,600095,24.48,23.52,24.59,21.83,200573,143217329.0,11.37,-3.09,-0.75,8.0
2007-03-29,600095,23.52,21.9,23.55,21.8,168544,114017351.0,7.44,-6.89,-1.62,6.72
2007-03-30,600095,21.69,21.94,22.33,20.94,74624,49273195.0,6.35,0.18,0.04,2.98
2007-04-02,600095,21.98,22.33,22.66,21.8,68140,45664635.0,3.92,1.78,0.39,2.72
2007-04-03,600095,22.41,22.37,22.55,22.12,73288,49371826.0,1.93,0.18,0.04,2.92
2007-04-04,600095,22.37,22.51,22.73,22.01,108982,73308413.0,3.22,0.63,0.14,4.35
2007-04-05,600095,22.33,22.84,23.05,22.19,94917,64750539.0,3.82,1.47,0.33,3.79
2007-04-06,600095,22.55,23.34,23.41,22.3,140208,96901409.0,4.86,2.19,0.5,5.59
2007-04-09,600095,23.48,24.05,24.34,23.48,185047,132802176.0,3.68,3.04,0.71,7.38
2007-04-10,600095,24.73,23.62,24.73,22.91,144982,103248894.0,7.57,-1.79,-0.43,5.78
2007-04-11,600095,23.66,23.12,23.8,22.76,141746,98539409.0,4.4,-2.12,-0.5,5.65
2007-04-12,600095,23.12,24.09,24.13,22.94,225846,160637123.0,5.15,4.2,0.97,9.01
2007-04-13,600095,24.59,26.24,26.67,24.59,493213,380599574.0,8.63,8.92,2.15,19.67
2007-04-16,600095,26.2,26.49,26.6,25.77,238625,186997840.0,3.16,0.95,0.25,9.52
2007-04-17,600095,26.7,27.74,28.64,26.7,249069,203786607.0,7.32,4.72,1.25,9.93
2007-04-18,600095,27.96,27.49,28.1,27.03,161486,131738199.0,3.86,-0.9,-0.25,6.44
2007-04-19,600095,27.42,24.66,27.49,24.56,207997,160014446.0,10.66,-10.29,-2.83,8.29
2007-04-23,600095,26.85,27.31,27.31,26.13,237233,190354952.0,4.79,10.75,2.65,9.46
2007-04-24,600095,28.1,28.46,29.64,27.56,304186,258057094.0,7.62,4.21,1.15,12.13
2007-04-25,600095,28.5,27.71,28.5,26.96,159417,131119755.0,5.41,-2.64,-0.75,6.36
2007-04-26,600095,27.74,27.67,27.92,27.31,124465,102143823.0,2.2,-0.14,-0.04,4.96
2007-04-27,600095,27.67,28.57,28.93,27.06,222288,184297815.0,6.76,3.25,0.9,8.86
2007-04-30,600095,28.57,30.43,30.97,28.42,371583,325634324.0,8.93,6.51,1.86,14.82
2007-05-08,600095,31.4,30.57,31.76,30.36,257887,235363666.0,4.6,0.46,0.14,10.28
2007-05-09,600095,30.57,29.68,30.57,27.56,217121,189478363.0,9.85,-2.91,-0.89,8.66
2007-05-10,600095,29.57,30.11,30.72,29.36,162030,144316434.0,4.58,1.45,0.43,6.46
2007-05-11,600095,30.07,29.32,30.07,28.89,146984,128284158.0,3.92,-2.62,-0.79,5.86
2007-05-14,600095,28.82,31.08,31.51,28.28,280270,253287231.0,11.02,6.0,1.76,11.18
2007-05-15,600095,31.15,31.15,32.47,30.14,340070,317683583.0,7.5,0.23,0.07,13.56
2007-05-16,600095,31.76,33.94,34.19,31.36,618748,596449436.0,9.09,8.96,2.79,24.67
2007-05-17,600095,34.08,34.16,34.55,32.94,371320,368475974.0,4.74,0.65,0.22,14.81
2007-05-18,600095,34.16,33.48,34.19,33.22,183602,181296920.0,2.84,-1.99,-0.68,7.32
2007-05-21,600095,31.94,33.37,34.01,31.51,200853,195006764.0,7.47,-0.33,-0.11,8.01
2007-05-22,600095,33.37,33.94,34.73,33.37,224414,224848845.0,4.08,1.71,0.57,8.95
2007-05-23,600095,34.01,35.77,36.45,33.3,306355,312236958.0,9.28,5.39,1.83,12.22
2007-05-24,600095,35.91,34.59,35.98,33.76,249455,252650855.0,6.21,-3.3,-1.18,9.95
2007-05-25,600095,34.44,34.98,35.98,33.83,233401,241776418.0,6.22,1.13,0.39,9.31
2007-05-28,600095,34.98,36.45,37.49,34.94,317875,334832153.0,7.29,4.2,1.47,12.68
2007-05-29,600095,36.27,37.17,37.95,35.84,287883,312414458.0,5.79,1.98,0.72,11.48
2007-05-30,600095,34.01,33.26,36.52,33.26,241123,244037291.0,8.77,-10.52,-3.91,9.62
2007-05-31,600095,31.51,29.75,32.44,29.75,212108,189646810.0,8.09,-10.55,-3.51,8.46
2007-06-01,600095,29.68,26.6,30.61,26.6,159869,132219684.0,13.48,-10.59,-3.15,6.38
2007-06-04,600095,25.77,23.77,25.88,23.77,56519,41118689.0,7.93,-10.64,-2.83,2.25
2007-06-05,600095,21.22,22.76,22.84,21.22,217724,141922149.0,6.82,-4.25,-1.01,8.68
2007-06-06,600095,23.27,23.09,24.27,21.55,194016,135402238.0,11.95,1.45,0.33,7.74
2007-06-07,600095,23.23,24.73,24.77,22.66,200695,142658272.0,9.14,7.1,1.64,8.0
2007-06-08,600095,24.81,26.1,26.7,24.56,232288,177862635.0,8.65,5.54,1.37,9.26
2007-06-11,600095,26.67,26.2,27.71,25.77,259431,206918332.0,7.43,0.38,0.1,10.35
2007-06-12,600095,26.24,25.7,26.56,23.41,181202,135915513.0,12.02,-1.91,-0.5,7.23
2007-06-13,600095,25.95,28.46,28.46,25.7,242239,194843524.0,10.74,10.74,2.76,9.66
2007-06-14,600095,28.96,28.25,29.93,27.24,327622,281336656.0,9.45,-0.74,-0.21,13.06
2007-06-15,600095,27.71,27.35,28.25,26.53,146897,119575350.0,6.09,-3.19,-0.9,5.86
2007-06-18,600095,27.78,27.49,28.28,27.24,135331,111413457.0,3.8,0.51,0.14,5.4
2007-06-19,600095,27.53,29.36,29.71,27.21,227916,194052773.0,9.09,6.8,1.87,9.09
2007-06-20,600095,30.75,29.32,31.68,28.32,353865,319118490.0,11.44,-0.14,-0.04,14.11
2007-06-21,600095,28.42,28.17,29.64,27.42,149629,125511332.0,7.57,-3.92,-1.15,5.97
2007-06-22,600095,27.96,25.16,28.17,25.16,144958,113274534.0,10.69,-10.69,-3.01,5.78
2007-06-25,600095,25.38,22.48,26.13,22.48,117443,83034088.0,14.51,-10.65,-2.68,4.68
2007-06-26,600095,21.65,22.66,22.76,20.22,99115,63967585.0,11.3,0.8,0.18,3.95
2007-06-27,600095,22.84,23.8,23.98,22.37,93750,65538640.0,7.11,5.03,1.14,3.74
2007-06-28,600095,23.62,21.26,23.73,21.26,90088,60449916.0,10.38,-10.67,-2.54,3.59
2007-06-29,600095,19.86,19.4,20.76,18.97,85556,51452965.0,8.42,-8.75,-1.86,3.41
2007-07-02,600095,19.33,20.47,20.51,19.18,58334,35185770.0,6.86,5.52,1.07,2.33
2007-07-03,600095,20.54,20.83,21.01,19.61,64709,40082824.0,6.84,1.76,0.36,2.58
2007-07-04,600095,20.44,20.19,21.15,19.9,64439,40341688.0,6.0,-3.07,-0.64,2.57
2007-07-05,600095,19.68,18.0,19.97,18.0,52896,30578262.0,9.76,-10.85,-2.19,2.11
2007-07-06,600095,17.53,19.43,19.65,17.18,74163,41965502.0,13.72,7.94,1.43,2.96
2007-07-09,600095,19.72,20.19,20.47,19.0,71695,43519607.0,7.57,3.91,0.76,2.86
2007-07-10,600095,19.83,18.86,20.04,18.82,61397,36096731.0,6.04,-6.59,-1.33,2.45
2007-07-11,600095,18.68,19.25,19.33,18.39,30747,17853159.0,4.98,2.07,0.39,1.23
2007-07-12,600095,19.36,20.08,20.19,19.18,50804,30394533.0,5.25,4.31,0.83,2.03
2007-07-13,600095,20.04,19.5,20.04,19.25,27124,16171217.0,3.93,-2.89,-0.58,1.08
2007-07-16,600095,19.33,18.5,19.61,18.32,37218,21389282.0,6.62,-5.13,-1.0,1.48
2007-07-17,600095,18.43,18.93,19.29,18.11,28273,16341338.0,6.38,2.32,0.43,1.13
2007-07-18,600095,18.93,19.07,19.5,18.68,31572,18470117.0,4.33,0.74,0.14,1.26
2007-07-19,600095,18.97,19.0,19.25,18.64,24968,14485414.0,3.2,-0.37,-0.07,1.0
2007-07-20,600095,18.97,19.97,20.04,18.97,68967,41530347.0,5.63,5.11,0.97,2.75
2007-07-23,600095,20.26,21.3,21.37,20.08,105878,66953359.0,6.46,6.66,1.33,4.22
2007-07-24,600095,21.4,21.01,21.87,20.79,101314,65647590.0,5.07,-1.36,-0.29,4.04
2007-07-26,600095,22.91,23.3,23.3,22.91,43692,30540657.0,1.86,10.9,2.29,1.74
2007-07-27,600095,25.34,25.81,25.81,24.38,139533,106169663.0,6.14,10.77,2.51,5.56
2007-08-01,600095,28.57,28.57,28.57,28.57,58466,49579075.0,0.0,10.69,2.76,2.33
2007-08-02,600095,30.04,28.93,30.29,26.85,440356,377764876.0,12.04,1.26,0.36,17.56
2007-08-03,600095,28.6,28.35,28.93,27.21,220927,182952179.0,5.95,-2.0,-0.58,8.81
2007-08-06,600095,27.92,29.21,30.25,26.85,221958,188049187.0,11.99,3.03,0.86,8.85
2007-08-07,600095,28.64,27.74,29.0,27.35,124869,104126892.0,5.65,-5.03,-1.47,4.98
2007-08-08,600095,27.92,28.25,29.71,27.42,159797,136348072.0,8.26,1.84,0.51,6.37
2007-08-09,600095,28.25,29.32,29.71,27.56,214834,184218685.0,7.61,3.79,1.07,8.57
2007-08-13,600095,29.68,26.99,29.68,26.2,168209,136137885.0,11.87,-7.95,-2.33,6.71
2007-08-14,600095,26.45,27.03,27.49,25.95,75752,60859121.0,5.71,0.15,0.04,3.02
2007-08-15,600095,26.92,25.85,27.03,25.06,105937,82125867.0,7.29,-4.37,-1.18,4.22
2007-08-16,600095,25.38,26.06,26.85,24.73,69783,54279389.0,8.2,0.81,0.21,2.78
2007-08-17,600095,26.06,26.13,26.78,25.7,49099,38356994.0,4.14,0.27,0.07,1.96
2007-08-20,600095,26.78,27.06,27.42,26.42,83673,67361131.0,3.83,3.56,0.93,3.34
2007-08-21,600095,27.46,27.64,28.82,27.46,103910,86274415.0,5.03,2.14,0.58,4.14
2007-08-22,600095,27.13,27.74,28.28,26.81,92803,76218358.0,5.32,0.36,0.1,3.7
2007-08-23,600095,27.92,27.49,28.1,27.24,68051,55653064.0,3.1,-0.9,-0.25,2.71
2007-08-24,600095,27.49,27.31,27.92,27.21,99047,81084128.0,2.58,-0.65,-0.18,3.95
2007-08-27,600095,27.56,27.28,27.74,26.67,103865,83877472.0,3.92,-0.11,-0.03,4.14
2007-08-28,600095,27.74,28.78,29.57,27.56,249312,211407522.0,7.37,5.5,1.5,9.94
2007-08-29,600095,28.39,27.24,28.39,26.85,96663,79176335.0,5.35,-5.35,-1.54,3.85
2007-08-30,600095,27.74,28.21,28.32,27.13,90121,74685396.0,4.37,3.56,0.97,3.59
2007-08-31,600095,28.57,28.53,29.36,28.17,158470,135117900.0,4.22,1.13,0.32,6.32
2007-09-03,600095,28.53,30.22,30.39,28.28,232742,202035676.0,7.4,5.92,1.69,9.28
2007-09-04,600095,30.04,28.96,30.25,28.82,142808,124828492.0,4.73,-4.17,-1.26,5.69
2007-09-05,600095,28.96,28.78,29.32,27.92,96809,81748112.0,4.83,-0.62,-0.18,3.86
2007-09-06,600095,28.75,29.46,30.07,28.39,179162,155719299.0,5.84,2.36,0.68,7.14
2007-09-07,600095,29.46,29.0,29.57,28.57,120814,103829492.0,3.39,-1.56,-0.46,4.82
2007-09-10,600095,29.11,30.82,31.11,28.96,267345,238659881.0,7.41,6.28,1.82,10.66
2007-09-11,600095,30.5,27.56,30.75,27.56,153553,134209070.0,10.35,-10.58,-3.26,6.12
2007-09-12,600095,26.85,27.21,28.1,25.27,130404,103401192.0,10.27,-1.27,-0.35,5.2
2007-09-13,600095,27.21,27.06,27.28,26.31,69274,55169661.0,3.56,-0.55,-0.15,2.76
2007-09-17,600095,27.39,27.78,28.1,26.85,86586,71210432.0,4.62,2.66,0.72,3.45
2007-09-18,600095,27.92,27.39,28.07,26.74,106857,86408174.0,4.79,-1.4,-0.39,4.26
2007-09-19,600095,27.53,26.78,27.53,26.56,71977,57778335.0,3.54,-2.23,-0.61,2.87
2007-09-20,600095,26.49,26.92,27.21,26.42,60536,48440554.0,2.95,0.52,0.14,2.41
2007-09-21,600095,26.92,26.2,27.17,25.42,68950,54031223.0,6.5,-2.67,-0.72,2.75
2007-09-24,600095,26.45,26.2,26.67,25.45,44476,34436584.0,4.66,0.0,0.0,1.77
2007-09-25,600095,26.2,25.85,26.42,25.63,40675,31464098.0,3.02,-1.34,-0.35,1.62
2007-09-26,600095,25.99,25.99,26.63,25.81,36061,28138003.0,3.17,0.54,0.14,1.44
2007-09-27,600095,25.99,26.28,26.38,25.77,34573,26902834.0,2.35,1.12,0.29,1.38
2007-09-28,600095,26.28,26.81,27.39,26.24,67317,53952124.0,4.38,2.02,0.53,2.68
2007-10-08,600095,27.03,26.63,27.21,26.31,43920,34961510.0,3.36,-0.67,-0.18,1.75
2007-10-09,600095,26.53,27.78,27.85,26.35,88199,71447344.0,5.63,4.32,1.15,3.52
2007-10-10,600095,27.78,27.06,27.82,26.92,67052,54568310.0,3.24,-2.59,-0.72,2.67
2007-10-11,600095,27.06,26.17,27.35,26.17,55817,44393702.0,4.36,-3.29,-0.89,2.23
2007-10-12,600095,26.31,24.52,26.49,23.37,103690,75655498.0,11.92,-6.3,-1.65,4.13
2007-10-15,600095,24.48,23.66,24.52,23.27,53030,37677780.0,5.1,-3.51,-0.86,2.11
2007-10-16,600095,23.7,24.13,24.2,23.45,34987,25080012.0,3.17,1.99,0.47,1.4
2007-10-17,600095,24.27,24.84,24.91,23.66,51662,37627840.0,5.18,2.94,0.71,2.06
2007-10-18,600095,24.88,23.91,24.91,23.84,34483,25044831.0,4.31,-3.74,-0.93,1.38
2007-10-19,600095,23.91,24.05,24.7,23.8,44772,32608373.0,3.76,0.59,0.14,1.79
2007-10-22,600095,24.05,23.48,24.7,23.41,28621,20693163.0,5.36,-2.37,-0.57,1.14
2007-10-23,600095,23.52,22.76,23.8,22.01,40688,27895839.0,7.62,-3.07,-0.72,1.62
2007-10-24,600095,23.05,22.12,23.05,22.08,26330,17919867.0,4.26,-2.81,-0.64,1.05
2007-10-25,600095,21.44,19.72,21.44,19.72,62739,38271362.0,7.78,-10.85,-2.4,2.5
2007-10-26,600095,19.68,19.15,19.68,18.18,33482,19505858.0,7.61,-2.89,-0.57,1.34
2007-10-29,600095,19.25,19.68,19.9,18.97,24929,14806641.0,4.86,2.77,0.53,0.99
2007-10-30,600095,19.68,20.19,20.26,19.07,29125,17446580.0,6.05,2.59,0.51,1.16
2007-10-31,600095,20.36,20.9,20.97,19.9,34543,21614916.0,5.3,3.52,0.71,1.38
2007-11-01,600095,20.79,19.61,20.83,19.5,35952,21864373.0,6.36,-6.17,-1.29,1.43
2007-11-02,600095,19.5,19.25,20.01,18.86,25410,14931625.0,5.86,-1.84,-0.36,1.01
2007-11-05,600095,18.93,20.04,20.11,18.72,25498,15337253.0,7.22,4.1,0.79,1.02
2007-11-06,600095,20.04,20.22,20.62,19.76,26521,16399415.0,4.29,0.9,0.18,1.06
2007-11-07,600095,20.26,19.93,20.4,19.5,21680,13102989.0,4.45,-1.43,-0.29,0.86
2007-11-08,600095,19.93,19.36,20.19,19.33,21845,13226648.0,4.32,-2.86,-0.57,0.87
2007-11-09,600095,19.33,19.43,19.72,18.82,17958,10601465.0,4.65,0.36,0.07,0.72
2007-11-12,600095,19.04,20.22,20.26,18.93,34943,21064958.0,6.85,4.07,0.79,1.39
2007-11-13,600095,20.36,20.58,21.01,20.29,72744,45707341.0,3.56,1.78,0.36,2.9
2007-11-14,600095,20.58,20.97,21.04,20.33,44826,28327598.0,3.45,1.9,0.39,1.79
2007-11-15,600095,21.04,20.26,21.04,20.22,33834,21056763.0,3.91,-3.39,-0.71,1.35
2007-11-16,600095,20.26,20.54,20.58,19.9,22590,13933294.0,3.36,1.38,0.28,0.9
2007-11-19,600095,20.76,21.15,21.22,20.36,40470,25760149.0,4.19,2.97,0.61,1.61
2007-11-20,600095,20.97,21.4,22.05,20.79,82517,54136751.0,5.96,1.18,0.25,3.29
2007-11-21,600095,21.22,20.72,21.37,20.72,34888,22218609.0,3.04,-3.18,-0.68,1.39
2007-11-22,600095,20.51,19.97,21.04,19.76,30105,18730713.0,6.18,-3.62,-0.75,1.2
2007-11-23,600095,19.86,20.11,20.15,19.15,19803,11930055.0,5.01,0.7,0.14,0.79
2007-11-26,600095,20.26,20.4,20.58,20.11,23338,14442096.0,2.34,1.44,0.29,0.93
2007-11-27,600095,20.4,20.44,20.87,20.01,22239,13829881.0,4.22,0.2,0.04,0.89
2007-11-28,600095,20.58,22.26,22.59,20.58,161477,106339389.0,9.83,8.9,1.82,6.44
2007-11-29,600095,22.12,22.33,22.37,21.08,98275,64582034.0,5.8,0.31,0.07,3.92
2007-11-30,600095,21.83,21.51,22.08,21.08,41419,26976076.0,4.48,-3.67,-0.82,1.65
2007-12-03,600095,21.33,21.58,21.8,20.94,30156,19600147.0,4.0,0.33,0.07,1.2
2007-12-04,600095,21.47,21.51,21.8,21.3,25922,16906386.0,2.32,-0.32,-0.07,1.03
2007-12-05,600095,21.51,21.9,22.01,21.19,46472,30444725.0,3.81,1.81,0.39,1.85
2007-12-06,600095,21.83,22.12,22.55,21.47,45521,30399200.0,4.93,1.0,0.22,1.82
2007-12-07,600095,22.08,22.16,22.23,21.73,35959,23914758.0,2.26,0.18,0.04,1.43
2007-12-10,600095,21.47,22.44,22.73,21.4,57710,38708801.0,6.0,1.26,0.28,2.3
2007-12-11,600095,22.44,22.8,23.27,22.26,61375,42250181.0,4.5,1.6,0.36,2.45
2007-12-12,600095,22.8,22.87,23.16,22.62,41061,28355585.0,2.37,0.31,0.07,1.64
2007-12-13,600095,22.84,22.19,23.8,22.19,69040,48340280.0,7.04,-2.97,-0.68,2.75
2007-12-14,600095,22.01,22.84,23.02,21.69,35684,24066759.0,5.99,2.93,0.65,1.42
2007-12-17,600095,22.98,23.23,23.66,22.59,44440,31129591.0,4.68,1.71,0.39,1.77
2007-12-18,600095,23.27,23.37,23.41,22.62,31520,21801785.0,3.4,0.6,0.14,1.26
2007-12-19,600095,23.41,23.87,24.34,23.3,63352,45423652.0,4.45,2.14,0.5,2.53
2007-12-20,600095,23.95,24.09,24.7,23.62,85605,62444234.0,4.52,0.92,0.22,3.41
2007-12-21,600095,23.87,24.13,24.34,23.66,51772,37329325.0,2.82,0.17,0.04,2.06
2007-12-24,600095,24.13,23.98,24.52,23.8,57218,41421873.0,2.98,-0.62,-0.15,2.28
2007-12-25,600095,24.05,24.66,24.7,23.87,66919,49055233.0,3.46,2.84,0.68,2.67
2007-12-26,600095,24.66,25.27,25.45,24.45,83829,62976469.0,4.06,2.47,0.61,3.34
2007-12-27,600095,25.42,25.27,25.74,25.06,46867,35515971.0,2.69,0.0,0.0,1.87
2007-12-28,600095,25.42,25.49,25.74,24.7,63716,48148666.0,4.12,0.87,0.22,2.54
2008-01-02,600095,25.74,26.38,26.85,24.99,87121,68136314.0,7.3,3.49,0.89,3.47
2008-01-03,600095,26.31,27.03,27.21,25.99,63256,50359210.0,4.62,2.46,0.65,2.52
2008-01-04,600095,27.13,26.53,27.13,26.13,57130,45136283.0,3.7,-1.85,-0.5,2.28
2008-01-07,600095,26.53,26.78,27.03,26.1,58509,46401437.0,3.51,0.94,0.25,2.33
2008-01-08,600095,26.78,27.1,27.71,25.81,160298,128415790.0,7.09,1.19,0.32,6.39
2008-01-09,600095,26.88,27.67,28.03,26.56,135204,111052934.0,5.42,2.1,0.57,5.39
2008-01-10,600095,27.78,27.28,28.53,27.13,115463,95200562.0,5.06,-1.41,-0.39,4.6
2008-01-11,600095,27.31,26.35,27.42,25.92,92370,73024371.0,5.5,-3.41,-0.93,3.68
2008-01-14,600095,26.31,26.38,26.74,25.99,55121,43479334.0,2.85,0.11,0.03,2.2
2008-01-15,600095,26.49,27.35,27.46,26.35,76238,61215456.0,4.21,3.68,0.97,3.04
2008-01-16,600095,27.24,26.49,27.24,26.2,58161,46363368.0,3.8,-3.14,-0.86,2.32
2008-01-17,600095,26.13,25.56,26.88,24.63,74309,57425863.0,8.49,-3.51,-0.93,2.96
2008-01-18,600095,25.42,26.13,26.85,25.42,74889,58499160.0,5.59,2.23,0.57,2.99
2008-01-21,600095,26.2,27.56,27.67,25.81,196727,158810325.0,7.12,5.47,1.43,7.84
2008-01-22,600095,27.64,28.03,29.71,24.99,600699,505739645.0,17.13,1.71,0.47,23.95
2008-01-23,600095,28.1,31.0,31.0,26.96,573863,507866612.0,14.41,10.6,2.97,22.88
2008-01-24,600095,31.68,32.29,33.65,30.29,552282,528879394.0,10.84,4.16,1.29,22.02
2008-01-25,600095,31.79,30.5,32.58,29.89,342232,313589802.0,8.33,-5.54,-1.79,13.65
2008-01-28,600095,30.36,27.28,30.36,27.28,227454,189826567.0,10.1,-10.56,-3.22,9.07
2008-01-29,600095,26.31,27.39,28.1,25.99,155284,124236987.0,7.73,0.4,0.11,6.19
2008-01-30,600095,27.42,25.88,27.71,24.7,155078,121933771.0,10.99,-5.51,-1.51,6.18
2008-01-31,600095,25.59,23.66,26.13,23.45,110740,82447824.0,10.36,-8.58,-2.22,4.42
2008-02-01,600095,23.77,22.05,24.27,21.12,117792,78942658.0,13.31,-6.8,-1.61,4.7
2008-02-04,600095,22.55,24.45,24.45,22.55,85215,60789159.0,8.62,10.88,2.4,3.4
2008-02-05,600095,25.38,25.95,26.42,24.81,160022,123159043.0,6.58,6.13,1.5,6.38
2008-02-13,600095,25.95,25.31,26.1,24.63,82440,62775513.0,5.66,-2.47,-0.64,3.29
2008-02-14,600095,25.42,26.24,26.31,25.38,71241,55257868.0,3.67,3.67,0.93,2.84
2008-02-15,600095,26.06,27.74,28.1,25.34,160355,129115363.0,10.52,5.72,1.5,6.39
2008-02-18,600095,28.39,29.68,30.25,28.03,221788,191893815.0,8.0,6.99,1.94,8.84
2008-02-19,600095,29.89,29.32,29.89,28.64,150889,130662378.0,4.21,-1.21,-0.36,6.02
2008-02-20,600095,29.32,29.61,30.72,28.64,176323,154980859.0,7.09,0.99,0.29,7.03
2008-02-21,600095,29.21,29.39,30.36,28.5,138568,121295016.0,6.28,-0.74,-0.22,5.53
2008-02-25,600095,28.46,26.49,29.18,26.28,125414,101972015.0,9.87,-9.87,-2.9,5.0
2008-02-26,600095,27.31,26.99,27.92,25.27,87420,68875868.0,10.0,1.89,0.5,3.49
2008-02-27,600095,27.13,27.24,27.71,26.49,67729,54922180.0,4.52,0.93,0.25,2.7
2008-02-28,600095,27.49,28.28,29.07,27.03,109524,91948515.0,7.49,3.82,1.04,4.37
2008-02-29,600095,28.1,28.35,28.89,27.56,78300,65614309.0,4.7,0.25,0.07,3.12
2008-03-03,600095,28.46,29.68,29.89,27.92,118105,102819764.0,6.95,4.69,1.33,4.71
2008-03-04,600095,29.71,30.07,31.65,29.53,222278,201651624.0,7.14,1.31,0.39,8.86
2008-03-05,600095,29.75,31.15,31.33,29.25,163084,147174705.0,6.92,3.59,1.08,6.5
2008-03-06,600095,31.4,30.22,32.22,30.07,159921,146439743.0,6.9,-2.99,-0.93,6.38
2008-03-07,600095,30.04,29.0,30.04,28.89,87515,76222527.0,3.81,-4.04,-1.22,3.49
2008-03-10,600095,28.82,29.11,29.61,28.21,67227,57741559.0,4.83,0.38,0.11,2.68
2008-03-11,600095,28.96,30.97,31.15,28.57,114973,102923955.0,8.86,6.39,1.86,4.58
2008-03-12,600095,31.36,29.46,31.61,29.32,114947,103828170.0,7.39,-4.88,-1.51,4.58
2008-03-13,600095,28.82,27.53,29.61,26.92,93473,78240621.0,9.13,-6.55,-1.93,3.73
2008-03-14,600095,27.56,27.99,28.78,27.49,59875,50017813.0,4.69,1.67,0.46,2.39
2008-03-17,600095,27.56,25.02,28.25,25.02,69484,54366066.0,11.54,-10.61,-2.97,2.77
2008-03-18,600095,23.98,22.94,25.42,22.33,64100,45174754.0,12.35,-8.31,-2.08,2.56
2008-03-19,600095,23.62,24.77,25.02,23.27,75934,55206301.0,7.63,7.98,1.83,3.03
2008-03-20,600095,23.98,25.74,26.31,23.16,78683,58782358.0,12.72,3.92,0.97,3.14
2008-03-21,600095,25.34,25.45,26.49,25.27,61747,47570970.0,4.74,-1.13,-0.29,2.46
2008-03-24,600095,26.13,24.81,26.45,24.77,44389,34153691.0,6.6,-2.51,-0.64,1.77
2008-03-25,600095,24.16,25.31,25.77,23.98,47113,35065642.0,7.21,2.02,0.5,1.88
2008-03-26,600095,25.45,25.02,26.28,24.52,37613,28547454.0,6.95,-1.15,-0.29,1.5
2008-03-27,600095,24.3,23.12,24.99,23.09,43616,31431428.0,7.59,-7.59,-1.9,1.74
2008-03-28,600095,23.05,23.87,23.98,21.55,44995,31408003.0,10.51,3.24,0.75,1.79
2008-03-31,600095,23.19,22.3,23.62,22.19,41839,28581320.0,5.99,-6.58,-1.57,1.67
2008-04-01,600095,22.66,19.93,22.76,19.9,55061,34537007.0,12.83,-10.63,-2.37,2.2
2008-04-02,600095,20.04,18.47,20.58,18.25,54888,31987620.0,11.69,-7.33,-1.46,2.19
2008-04-03,600095,18.32,19.25,19.68,17.25,42959,24468233.0,13.16,4.22,0.78,1.71
2008-04-07,600095,18.61,20.44,20.65,18.61,46848,28511894.0,10.6,6.18,1.19,1.87
2008-04-08,600095,20.47,20.87,21.08,20.22,41430,26007796.0,4.21,2.1,0.43,1.65
2008-04-09,600095,20.58,18.82,20.9,18.61,48285,29358654.0,10.97,-9.82,-2.05,1.93
2008-04-10,600095,18.86,19.58,19.65,18.64,33072,19454996.0,5.37,4.04,0.76,1.32
2008-04-11,600095,19.68,19.93,20.19,19.58,28843,17475938.0,3.12,1.79,0.35,1.15
2008-04-14,600095,19.5,18.18,19.5,18.07,37340,21327935.0,7.18,-8.78,-1.75,1.49
2008-04-15,600095,17.89,19.15,19.25,17.89,27655,15786246.0,7.48,5.34,0.97,1.1
2008-04-16,600095,19.18,18.9,19.5,18.29,24472,14258419.0,6.32,-1.31,-0.25,0.98
2008-04-17,600095,18.9,17.89,19.25,17.46,25402,14241872.0,9.47,-5.34,-1.01,1.01
2008-04-18,600095,17.53,16.53,17.86,16.46,32480,17170768.0,7.83,-7.6,-1.36,1.3
2008-04-21,600095,18.18,16.71,18.18,16.28,30115,16034597.0,11.49,1.09,0.18,1.2
2008-04-22,600095,16.46,16.53,16.85,15.21,27983,14042444.0,9.81,-1.08,-0.18,1.12
2008-04-23,600095,16.75,17.39,17.5,16.46,28285,14835026.0,6.29,5.2,0.86,1.13
2008-04-24,600095,19.25,19.33,19.33,18.39,96836,56314350.0,5.41,11.16,1.94,3.86
2008-04-25,600095,18.97,18.64,19.58,18.61,113107,65714779.0,5.02,-3.57,-0.69,4.51
2008-04-28,600095,18.25,18.11,18.5,17.46,68550,37660241.0,5.58,-2.84,-0.53,2.73
2008-04-29,600095,17.96,18.04,18.36,17.75,44521,24646858.0,3.37,-0.39,-0.07,1.78
2008-04-30,600095,18.07,18.68,18.79,18.0,70441,39739518.0,4.38,3.55,0.64,2.81
2008-05-05,600095,18.75,19.25,19.43,18.36,71716,41512978.0,5.73,3.05,0.57,2.86
2008-05-06,600095,18.97,19.86,20.01,18.68,102318,60724061.0,6.91,3.17,0.61,4.08
2008-05-07,600095,19.65,19.22,20.11,19.15,110767,66448842.0,4.83,-3.22,-0.64,4.42
2008-05-08,600095,19.4,20.4,20.44,19.25,161296,97119711.0,6.19,6.14,1.18,6.43
2008-05-09,600095,20.36,19.5,20.51,18.97,87129,52584136.0,7.55,-4.41,-0.9,3.47
2008-05-12,600095,19.18,19.58,19.97,18.47,63075,37051905.0,7.69,0.41,0.08,2.52
2008-05-13,600095,18.57,21.04,21.3,18.32,180687,112142221.0,15.22,7.46,1.46,7.21
2008-05-14,600095,20.58,20.72,20.97,20.01,109783,68341984.0,4.56,-1.52,-0.32,4.38
2008-05-15,600095,20.69,19.93,20.76,19.9,72569,44894592.0,4.15,-3.81,-0.79,2.89
2008-05-16,600095,19.86,19.5,20.29,19.07,47725,28677556.0,6.12,-2.16,-0.43,1.9
2008-05-19,600095,19.5,19.65,20.01,19.25,27746,16676421.0,3.9,0.77,0.15,1.11
2008-05-20,600095,19.68,17.71,19.76,17.5,57702,33210793.0,11.5,-9.87,-1.94,2.3
2008-05-21,600095,17.5,18.25,18.43,16.67,43255,23199533.0,9.94,3.05,0.54,1.72
2008-05-22,600095,17.86,18.0,18.64,17.64,34552,19327980.0,5.48,-1.37,-0.25,1.38
2008-05-23,600095,17.93,18.32,18.43,17.18,40172,22247106.0,6.94,1.78,0.32,1.6
2008-05-26,600095,18.25,18.97,19.18,17.71,69865,39490500.0,8.02,3.55,0.65,2.79
2008-05-27,600095,18.93,19.76,19.97,18.47,124837,73819558.0,7.91,4.16,0.79,4.98
2008-05-28,600095,19.65,19.76,20.01,19.15,91637,54904423.0,4.35,0.0,0.0,3.65
2008-05-29,600095,19.76,18.29,19.76,18.25,63767,37025654.0,7.64,-7.44,-1.47,2.54
2008-05-30,600095,18.57,18.39,18.72,18.0,33468,18741237.0,3.94,0.55,0.1,1.33
2008-06-02,600095,18.39,18.25,18.54,17.86,29887,16643714.0,3.7,-0.76,-0.14,1.19
2008-06-03,600095,18.25,18.0,18.25,17.79,30571,16866700.0,2.52,-1.37,-0.25,1.22
2008-06-04,600095,17.82,17.46,17.93,17.18,28243,15229436.0,4.17,-3.0,-0.54,1.13
2008-06-05,600095,17.36,17.5,17.82,17.21,15825,8563345.0,3.49,0.23,0.04,0.63
2008-06-06,600095,17.46,17.79,17.93,17.46,13779,7502511.0,2.69,1.66,0.29,0.55
2008-06-10,600095,16.82,15.81,17.14,15.81,27467,13815624.0,7.48,-11.13,-1.98,1.1
2008-06-11,600095,15.42,14.81,15.64,14.38,27693,12959634.0,7.97,-6.33,-1.0,1.1
2008-06-12,600095,14.63,14.7,15.1,14.17,24539,11223068.0,6.28,-0.74,-0.11,0.98
2008-06-13,600095,14.74,13.41,15.03,13.24,18952,8475851.0,12.18,-8.78,-1.29,0.76
2008-06-16,600095,13.41,13.27,13.95,12.59,18139,7589715.0,10.14,-1.04,-0.14,0.72
2008-06-17,600095,13.41,12.16,13.59,11.8,19724,7988582.0,13.49,-8.36,-1.11,0.79
2008-06-18,600095,12.09,13.02,13.13,11.66,33829,13523259.0,12.09,7.07,0.86,1.35
2008-06-19,600095,12.84,11.55,12.95,11.55,26077,10136138.0,10.75,-11.29,-1.47,1.04
2008-06-20,600095,11.59,11.95,12.45,11.09,28086,10741633.0,11.77,3.46,0.4,1.12
2008-06-24,600095,11.62,12.34,12.52,11.23,22163,8615026.0,10.79,3.26,0.39,0.88
2008-06-25,600095,12.16,13.06,13.06,12.16,34243,13975323.0,7.29,5.83,0.72,1.37
2008-06-26,600095,13.06,13.09,13.52,12.81,31378,13095852.0,5.44,0.23,0.03,1.25
2008-06-27,600095,12.41,11.8,12.66,11.62,28844,11195828.0,7.94,-9.85,-1.29,1.15
2008-06-30,600095,11.77,11.87,12.13,11.48,14282,5429409.0,5.51,0.59,0.07,0.57
2008-07-01,600095,11.84,11.73,11.95,11.3,12994,4888004.0,5.48,-1.18,-0.14,0.52
2008-07-02,600095,11.73,11.98,12.3,11.7,14735,5676108.0,5.12,2.13,0.25,0.59
2008-07-03,600095,11.91,12.52,12.66,11.59,33571,13206702.0,8.93,4.51,0.54,1.34
2008-07-04,600095,12.52,12.63,13.09,12.27,32665,13189535.0,6.55,0.88,0.11,1.3
2008-07-07,600095,12.77,13.38,13.59,12.59,44935,18789240.0,7.92,5.94,0.75,1.79
2008-07-08,600095,13.38,13.34,13.41,12.81,39320,16421801.0,4.48,-0.3,-0.04,1.57
2008-07-09,600095,13.34,13.99,14.27,13.24,76140,32928236.0,7.72,4.87,0.65,3.04
2008-07-10,600095,13.63,13.67,14.49,13.59,65024,28610821.0,6.43,-2.29,-0.32,2.59
2008-07-11,600095,13.45,13.31,13.92,13.06,25254,10691414.0,6.29,-2.63,-0.36,1.01
2008-07-14,600095,13.13,13.77,13.81,13.06,28426,12210056.0,5.63,3.46,0.46,1.13
2008-07-15,600095,13.88,13.74,14.38,13.34,80173,35395593.0,7.55,-0.22,-0.03,3.2
2008-07-16,600095,13.41,12.48,13.59,12.23,44655,18125778.0,9.9,-9.17,-1.26,1.78
2008-07-17,600095,12.73,12.23,13.16,12.16,24551,9917100.0,8.01,-2.0,-0.25,0.98
2008-07-18,600095,12.23,12.7,12.81,12.05,20097,7987075.0,6.21,3.84,0.47,0.8
2008-07-21,600095,12.55,13.16,13.2,12.45,28656,11810488.0,5.91,3.62,0.46,1.14
2008-07-22,600095,13.06,13.2,13.38,12.91,30729,12876004.0,3.57,0.3,0.04,1.23
2008-07-23,600095,13.38,13.2,13.49,13.06,28361,11975928.0,3.26,0.0,0.0,1.13
2008-07-24,600095,13.24,13.63,13.77,13.16,33943,14493066.0,4.62,3.26,0.43,1.35
2008-07-25,600095,13.59,13.67,14.13,13.27,55265,23989929.0,6.31,0.29,0.04,2.2
2008-07-28,600095,13.7,15.21,15.21,13.24,119990,54399046.0,14.41,11.27,1.54,4.78
2008-07-29,600095,14.85,15.03,15.92,14.35,213709,102432721.0,10.32,-1.18,-0.18,8.52
2008-07-30,600095,14.99,14.42,15.13,14.13,85027,38836797.0,6.65,-4.06,-0.61,3.39
2008-07-31,600095,14.17,13.38,14.42,13.34,53740,23349165.0,7.49,-7.21,-1.04,2.14
2008-08-01,600095,13.38,13.81,14.1,13.24,37415,16147034.0,6.43,3.21,0.43,1.49
2008-08-04,600095,13.7,13.49,14.13,13.34,26462,11479826.0,5.72,-2.32,-0.32,1.06
2008-08-05,600095,13.49,12.66,13.67,12.48,32656,13525269.0,8.82,-6.15,-0.83,1.3
2008-08-07,600095,12.66,13.13,13.38,12.59,29856,12314912.0,6.24,3.71,0.47,1.19
2008-08-08,600095,13.49,12.02,13.49,11.95,29130,11716496.0,11.73,-8.45,-1.11,1.16
2008-08-11,600095,12.02,10.62,12.34,10.62,27979,10087053.0,14.31,-11.65,-1.4,1.12
2008-08-12,600095,10.48,10.37,10.73,10.05,22335,7601396.0,6.4,-2.35,-0.25,0.89
2008-08-13,600095,10.3,10.33,10.51,9.62,18499,6147451.0,8.58,-0.39,-0.04,0.74
2008-08-14,600095,10.3,10.33,10.44,9.94,12204,4109878.0,4.84,0.0,0.0,0.49
2008-08-15,600095,10.41,10.37,10.66,10.05,13865,4715078.0,5.91,0.39,0.04,0.55
2008-08-18,600095,10.41,9.15,10.41,9.15,20408,6496896.0,12.15,-11.76,-1.22,0.81
2008-08-19,600095,9.01,9.22,9.47,8.9,13673,4199156.0,6.23,0.77,0.07,0.55
2008-08-20,600095,9.26,10.15,10.3,8.79,31793,10298556.0,16.38,10.09,0.93,1.27
2008-08-21,600095,10.12,9.62,10.23,9.51,24168,7869746.0,7.09,-5.22,-0.53,0.96
2008-08-22,600095,9.58,9.55,9.72,9.15,11954,3754664.0,5.93,-0.73,-0.07,0.48
2008-08-25,600095,9.83,9.58,9.9,9.37,13418,4316556.0,5.55,0.31,0.03,0.54
2008-08-26,600095,9.44,9.12,9.76,8.87,16808,5191679.0,9.29,-4.8,-0.46,0.67
2008-08-27,600095,9.04,9.37,9.55,9.04,11936,3712412.0,5.59,2.74,0.25,0.48
2008-08-28,600095,9.51,9.51,9.62,9.26,13551,4279187.0,3.84,1.49,0.14,0.54
2008-08-29,600095,9.58,9.76,10.12,9.51,29611,9610116.0,6.41,2.63,0.25,1.18
2008-09-01,600095,9.72,9.51,9.8,9.33,12575,3977475.0,4.82,-2.56,-0.25,0.5
2008-09-02,600095,9.47,9.98,10.19,9.3,35361,11563595.0,9.36,4.94,0.47,1.41
2008-09-03,600095,9.94,10.15,10.19,9.65,28942,9540415.0,5.41,1.7,0.17,1.15
2008-09-04,600095,10.05,10.08,10.51,9.8,28737,9560927.0,7.0,-0.69,-0.07,1.15
2008-09-05,600095,9.65,9.15,9.65,9.12,23537,7371045.0,5.26,-9.23,-0.93,0.94
2008-09-08,600095,9.12,8.65,9.3,8.58,18658,5612927.0,7.87,-5.46,-0.5,0.74
2008-09-09,600095,8.69,8.87,9.01,8.65,9749,2893231.0,4.16,2.54,0.22,0.39
2008-09-10,600095,8.87,8.9,9.19,8.69,18351,5533066.0,5.64,0.34,0.03,0.73
2008-09-11,600095,8.76,8.72,9.04,8.61,9626,2850135.0,4.83,-2.02,-0.18,0.38
2008-09-12,600095,8.61,8.79,8.9,8.61,8515,2526138.0,3.33,0.8,0.07,0.34
2008-09-16,600095,8.79,8.61,8.94,8.54,15758,4636572.0,4.55,-2.05,-0.18,0.63
2008-09-17,600095,8.61,8.36,8.79,8.26,14167,4110177.0,6.16,-2.9,-0.25,0.56
2008-09-18,600095,8.26,8.76,8.87,7.36,35247,9596715.0,18.06,4.78,0.4,1.41
2008-09-19,600095,9.51,9.83,9.83,9.47,52649,16977547.0,4.11,12.21,1.07,2.1
2008-09-22,600095,10.91,10.44,11.01,9.83,101330,34855318.0,12.0,6.21,0.61,4.04
2008-09-23,600095,9.65,9.26,10.08,9.22,47106,14913534.0,8.24,-11.3,-1.18,1.88
2008-09-24,600095,9.19,10.19,10.33,8.76,75387,24632454.0,16.95,10.04,0.93,3.01
2008-09-25,600095,10.26,10.19,10.58,9.65,87659,29197448.0,9.13,0.0,0.0,3.5
2008-09-26,600095,10.19,10.19,10.3,9.55,56693,18610320.0,7.36,0.0,0.0,2.26
2008-10-06,600095,9.65,9.9,10.41,9.65,48219,15988872.0,7.46,-2.85,-0.29,1.92
2008-10-07,600095,9.69,9.94,10.12,9.55,33702,10997847.0,5.76,0.4,0.04,1.34
2008-10-08,600095,9.87,9.37,9.94,9.15,38147,11986797.0,7.95,-5.73,-0.57,1.52
2008-10-09,600095,9.65,9.26,9.72,9.19,25983,8096175.0,5.66,-1.17,-0.11,1.04
2008-10-10,600095,8.94,8.51,8.94,8.4,28972,8412458.0,5.83,-8.1,-0.75,1.16
2008-10-20,600095,8.83,8.76,8.83,8.36,20338,5930019.0,5.52,2.94,0.25,0.81
2008-10-21,600095,8.65,8.72,8.94,8.58,17989,5309661.0,4.11,-0.46,-0.04,0.72
2008-10-22,600095,8.47,8.51,8.76,8.36,13021,3761320.0,4.59,-2.41,-0.21,0.52
2008-10-23,600095,8.58,8.51,8.58,8.33,9130,2611345.0,2.94,0.0,0.0,0.36
2008-10-24,600095,8.58,8.29,8.65,8.15,13229,3774702.0,5.88,-2.59,-0.22,0.53
2008-10-27,600095,8.29,7.32,8.29,7.29,17616,4675586.0,12.06,-11.7,-0.97,0.7
2008-10-28,600095,6.75,7.5,7.61,6.75,15335,3888377.0,11.75,2.46,0.18,0.61
2008-10-29,600095,7.54,6.97,7.72,6.89,13018,3344298.0,11.07,-7.07,-0.53,0.52
2008-10-30,600095,7.18,7.07,7.32,6.89,12465,3118788.0,6.17,1.43,0.1,0.5
2008-10-31,600095,7.18,7.0,7.36,6.93,10783,2679155.0,6.08,-0.99,-0.07,0.43
2008-11-03,600095,6.79,6.64,6.97,6.61,8513,2041339.0,5.14,-5.14,-0.36,0.34
2008-11-04,600095,6.68,6.54,6.72,6.25,9553,2211704.0,7.08,-1.51,-0.1,0.38
2008-11-05,600095,6.61,6.79,6.93,6.61,13394,3211561.0,4.89,3.82,0.25,0.53
2008-11-06,600095,6.68,6.64,6.68,6.43,10010,2330812.0,3.68,-2.21,-0.15,0.4
2008-11-07,600095,6.5,6.89,6.93,6.25,15396,3680171.0,10.24,3.77,0.25,0.61
2008-11-10,600095,6.93,7.5,7.5,6.93,23873,6072503.0,8.27,8.85,0.61,0.95
2008-11-11,600095,7.32,8.22,8.29,7.18,62797,16787959.0,14.8,9.6,0.72,2.5
2008-11-12,600095,7.86,8.47,8.61,7.68,40518,11281869.0,11.31,3.04,0.25,1.62
2008-11-13,600095,8.22,9.51,9.51,8.04,88316,26101421.0,17.36,12.28,1.04,3.52
2008-11-14,600095,9.58,9.94,9.98,9.19,104435,33140490.0,8.31,4.52,0.43,4.16
2008-11-17,600095,10.05,11.12,11.12,9.62,161312,55961624.0,15.09,11.87,1.18,6.43
2008-11-18,600095,11.09,10.05,11.37,9.83,156199,54161038.0,13.85,-9.62,-1.07,6.23
2008-11-19,600095,10.26,10.91,10.94,9.94,134075,46051094.0,9.95,8.56,0.86,5.35
2008-11-20,600095,10.62,10.37,11.05,10.01,120124,41283024.0,9.53,-4.95,-0.54,4.79
2008-11-21,600095,10.01,10.37,10.55,9.51,109100,36027614.0,10.03,0.0,0.0,4.35
2008-11-24,600095,10.33,9.87,10.44,9.72,67385,22226978.0,6.94,-4.82,-0.5,2.69
2008-11-25,600095,10.01,10.19,10.19,9.55,42083,13723029.0,6.48,3.24,0.32,1.68
2008-11-26,600095,10.23,10.26,10.51,9.87,85953,28985799.0,6.28,0.69,0.07,3.43
2008-11-27,600095,11.16,10.37,11.3,10.08,141934,49231023.0,11.89,1.07,0.11,5.66
2008-11-28,600095,10.3,9.44,10.3,9.15,86217,27413111.0,11.09,-8.97,-0.93,3.44
2008-12-01,600095,9.22,9.62,9.65,8.79,76447,23695463.0,9.11,1.91,0.18,3.05
2008-12-02,600095,9.33,9.65,10.05,9.15,58659,18873125.0,9.36,0.31,0.03,2.34
2008-12-03,600095,9.72,10.01,10.01,9.62,95485,31154058.0,4.04,3.73,0.36,3.81
2008-12-04,600095,10.19,10.05,10.8,10.01,132267,45182796.0,7.89,0.4,0.04,5.27
2008-12-05,600095,10.05,10.58,10.69,10.05,90143,30743430.0,6.37,5.27,0.53,3.59
2008-12-08,600095,10.8,11.27,11.37,10.73,157499,56681046.0,6.05,6.52,0.69,6.28
2008-12-09,600095,11.12,10.48,11.23,10.44,105797,37167855.0,7.01,-7.01,-0.79,4.22
2008-12-10,600095,11.19,11.7,11.7,10.98,95756,35937033.0,6.87,11.64,1.22,3.82
2008-12-11,600095,12.41,12.16,12.88,12.05,387720,154325131.0,7.09,3.93,0.46,15.46
2008-12-12,600095,11.73,10.8,12.41,10.76,190122,71025257.0,13.57,-11.18,-1.36,7.58
2008-12-15,600095,10.8,10.51,11.12,10.12,122834,42078925.0,9.26,-2.69,-0.29,4.9
2008-12-16,600095,10.33,10.76,10.84,9.87,82659,27980643.0,9.23,2.38,0.25,3.3
2008-12-17,600095,10.55,11.3,11.77,10.48,130719,46918890.0,11.99,5.02,0.54,5.21
2008-12-18,600095,11.01,11.01,11.3,10.8,94006,33686680.0,4.42,-2.57,-0.29,3.75
2008-12-19,600095,10.94,10.87,11.19,10.84,90251,32268510.0,3.18,-1.27,-0.14,3.6
2008-12-22,600095,10.76,10.76,11.05,10.58,57378,20222520.0,4.32,-1.01,-0.11,2.29
2008-12-23,600095,11.01,9.58,11.01,9.55,84851,28481497.0,13.57,-10.97,-1.18,3.38
2008-12-24,600095,9.44,9.37,9.62,9.19,58456,18253909.0,4.49,-2.19,-0.21,2.33
2008-12-25,600095,9.4,9.51,9.65,9.26,39489,12447270.0,4.16,1.49,0.14,1.57
2008-12-26,600095,9.58,9.37,9.62,9.3,28009,8791989.0,3.36,-1.47,-0.14,1.12
2008-12-29,600095,9.51,9.22,9.51,8.87,26955,8198290.0,6.83,-1.6,-0.15,1.07
2008-12-30,600095,9.19,9.01,9.4,8.94,24175,7404605.0,4.99,-2.28,-0.21,0.96
2008-12-31,600095,9.04,8.79,9.12,8.79,24242,7266002.0,3.66,-2.44,-0.22,0.97
2009-01-05,600095,8.94,9.22,9.26,8.9,28112,8570047.0,4.1,4.89,0.43,1.12
2009-01-06,600095,9.19,9.87,9.98,9.12,60310,19070940.0,9.33,7.05,0.65,2.41
2009-01-07,600095,9.87,9.76,10.19,9.65,55339,17992176.0,5.47,-1.11,-0.11,2.21
2009-01-08,600095,9.4,9.12,9.47,8.97,50945,15691487.0,5.12,-6.56,-0.64,2.03
2009-01-09,600095,9.12,9.4,9.4,9.08,30217,9381352.0,3.51,3.07,0.28,1.2
2009-01-12,600095,9.3,9.87,9.98,9.19,72314,23180168.0,8.4,5.0,0.47,2.88
2009-01-13,600095,9.76,9.37,9.76,9.19,46693,14710883.0,5.78,-5.07,-0.5,1.86
2009-01-14,600095,9.4,9.72,9.76,9.33,50702,16152023.0,4.59,3.74,0.35,2.02
2009-01-15,600095,9.72,9.9,10.19,9.51,92491,30368831.0,7.0,1.85,0.18,3.69
2009-01-16,600095,10.05,10.12,10.41,9.9,67779,22653204.0,5.15,2.22,0.22,2.7
2009-01-19,600095,10.19,10.08,10.33,9.72,49714,16467454.0,6.03,-0.4,-0.04,1.98
2009-01-20,600095,10.05,9.98,10.05,9.69,34843,11356360.0,3.57,-0.99,-0.1,1.39
2009-01-21,600095,9.69,9.94,10.08,9.69,33122,10846347.0,3.91,-0.4,-0.04,1.32
2009-01-22,600095,10.01,10.12,10.19,9.98,46802,15549767.0,2.11,1.81,0.18,1.87
2009-01-23,600095,10.19,10.41,10.55,9.98,87898,29741371.0,5.63,2.87,0.29,3.51
2009-02-02,600095,10.66,11.62,11.62,10.66,269128,99531872.0,9.22,11.62,1.21,10.73
2009-02-03,600095,12.09,11.66,12.09,11.44,260248,98298820.0,5.59,0.34,0.04,10.38
2009-02-04,600095,11.52,11.66,11.77,11.3,179366,66689589.0,4.03,0.0,0.0,7.15
2009-02-05,600095,11.62,11.23,11.62,11.05,134942,49660840.0,4.89,-3.69,-0.43,5.38
2009-02-06,600095,11.23,11.8,11.98,11.19,172035,64484071.0,7.03,5.08,0.57,6.86
2009-02-09,600095,11.91,12.09,12.34,11.62,198318,76108668.0,6.1,2.46,0.29,7.91
2009-02-10,600095,11.98,13.49,13.49,11.8,204688,84486193.0,13.98,11.58,1.4,8.16
2009-02-11,600095,13.84,13.52,14.81,13.24,377133,167278943.0,11.64,0.22,0.03,15.04
2009-02-12,600095,13.38,13.24,13.49,12.52,184351,76300002.0,7.17,-2.07,-0.28,7.35
2009-02-13,600095,13.13,13.77,13.84,13.13,171688,73971229.0,5.36,4.0,0.53,6.85
2009-02-16,600095,14.02,13.92,14.2,13.41,141251,61441162.0,5.74,1.09,0.15,5.63
2009-02-17,600095,14.06,13.16,14.13,13.13,120145,51768363.0,7.18,-5.46,-0.76,4.79
2009-02-18,600095,12.7,12.09,13.13,12.02,105793,42645182.0,8.43,-8.13,-1.07,4.22
2009-02-20,600095,12.66,12.98,13.09,12.23,92693,37701842.0,7.11,7.36,0.89,3.7
2009-02-23,600095,12.88,13.7,13.81,12.66,115922,49152314.0,8.86,5.55,0.72,4.62
2009-02-24,600095,13.52,12.95,14.06,12.91,122061,52186981.0,8.39,-5.47,-0.75,4.87
2009-02-25,600095,13.06,13.16,13.31,12.3,88985,36639360.0,7.8,1.62,0.21,3.55
2009-02-26,600095,13.16,12.2,13.38,11.8,71358,28949186.0,12.01,-7.29,-0.96,2.85
2009-02-27,600095,12.13,10.91,12.13,10.8,80247,29099291.0,10.9,-10.57,-1.29,3.2
2009-03-02,600095,10.8,11.27,11.37,10.58,38363,13845356.0,7.24,3.3,0.36,1.53
2009-03-03,600095,10.98,11.44,11.73,10.8,46985,17357561.0,8.25,1.51,0.17,1.87
2009-03-04,600095,11.48,12.16,12.3,11.48,72132,27642006.0,7.17,6.29,0.72,2.88
2009-03-05,600095,12.3,12.13,12.52,11.73,84661,32927815.0,6.5,-0.25,-0.03,3.38
2009-03-06,600095,11.84,12.2,12.38,11.73,54402,21119045.0,5.36,0.58,0.07,2.17
2009-03-09,600095,12.27,12.55,13.16,12.2,173682,70580308.0,7.87,2.87,0.35,6.93
2009-03-10,600095,12.38,12.48,12.52,11.44,91637,35411038.0,8.61,-0.56,-0.07,3.65
2009-03-11,600095,12.66,13.02,13.24,12.34,170933,70045818.0,7.21,4.33,0.54,6.82
2009-03-12,600095,13.13,13.02,13.38,12.52,153851,63732394.0,6.61,0.0,0.0,6.14
2009-03-13,600095,13.09,12.27,13.2,12.2,95457,38570037.0,7.68,-5.76,-0.75,3.81
2009-03-16,600095,12.27,12.48,12.63,11.84,53080,20772158.0,6.44,1.71,0.21,2.12
2009-03-17,600095,12.45,13.09,13.13,12.16,122986,50549690.0,7.77,4.89,0.61,4.9
2009-03-18,600095,13.13,13.56,13.95,12.88,211949,91038532.0,8.17,3.59,0.47,8.45
2009-03-19,600095,13.59,13.63,14.1,13.41,217728,94176451.0,5.09,0.52,0.07,8.68
2009-03-20,600095,13.52,13.27,13.63,12.88,139362,58660714.0,5.5,-2.64,-0.36,5.56
2009-03-23,600095,13.2,13.49,13.59,13.16,113590,48123441.0,3.24,1.66,0.22,4.53
2009-03-24,600095,13.59,13.7,13.95,13.27,129807,56040526.0,5.04,1.56,0.21,5.18
2009-03-25,600095,13.56,13.2,14.06,13.13,129646,56308275.0,6.79,-3.65,-0.5,4.52
2009-03-26,600095,13.24,13.34,13.56,12.7,89767,37571673.0,6.52,1.06,0.14,3.13
2009-03-27,600095,13.38,13.59,13.59,13.13,107450,45644658.0,3.45,1.87,0.25,3.75
2009-03-30,600095,13.56,13.52,13.74,13.34,81456,35023469.0,2.94,-0.52,-0.07,2.84
2009-03-31,600095,13.16,13.63,13.88,12.81,96838,40983018.0,7.91,0.81,0.11,3.38
2009-04-01,600095,13.59,13.95,13.95,13.52,159718,69523853.0,3.15,2.35,0.32,5.57
2009-04-02,600095,13.95,13.84,14.49,13.77,191467,85381686.0,5.16,-0.79,-0.11,6.67
2009-04-03,600095,13.99,13.52,14.02,13.27,108497,46961119.0,5.42,-2.31,-0.32,3.78
2009-04-07,600095,13.63,13.59,13.81,13.24,64794,27689738.0,4.22,0.52,0.07,2.26
2009-04-08,600095,13.56,13.31,13.88,13.27,82982,35664189.0,4.49,-2.06,-0.28,2.89
2009-04-09,600095,13.24,13.49,13.52,12.88,107563,44894186.0,4.81,1.35,0.18,3.75
2009-04-10,600095,13.52,13.92,14.27,13.24,142927,62445660.0,7.64,3.19,0.43,4.98
2009-04-13,600095,13.92,13.95,14.02,13.7,114960,50349112.0,2.3,0.22,0.03,4.01
2009-04-14,600095,14.13,15.06,15.38,14.13,299663,137934188.0,8.96,7.96,1.11,10.45
2009-04-15,600095,14.85,14.88,14.92,14.31,175239,80271351.0,4.05,-1.2,-0.18,6.11
2009-04-16,600095,14.99,14.53,15.03,14.24,148432,68107345.0,5.31,-2.35,-0.35,5.17
2009-04-17,600095,14.56,14.85,15.46,14.35,193523,90677773.0,7.64,2.2,0.32,6.75
2009-04-20,600095,15.21,16.53,16.53,15.03,148156,74738034.0,10.1,11.31,1.68,5.16
2009-04-21,600095,17.93,18.36,18.36,17.61,197956,110210994.0,4.54,11.07,1.83,6.9
2009-04-22,600095,18.97,16.42,19.5,16.35,551297,293004148.0,17.16,-10.57,-1.94,19.22
2009-04-23,600095,15.74,16.17,16.39,15.56,201510,99670870.0,5.05,-1.52,-0.25,7.02
2009-04-24,600095,16.14,16.5,17.32,15.56,247026,125682348.0,10.88,2.04,0.33,8.61
2009-04-27,600095,16.17,15.56,16.64,15.06,146521,71320710.0,9.58,-5.7,-0.94,5.11
2009-04-28,600095,15.42,15.89,16.1,15.1,141555,69402615.0,6.43,2.12,0.33,4.93
2009-04-29,600095,16.03,16.1,16.42,15.67,137697,68912055.0,4.72,1.32,0.21,4.8
2009-04-30,600095,16.21,16.35,16.64,15.64,162127,80641904.0,6.21,1.55,0.25,5.65
2009-05-04,600095,16.14,16.96,17.36,16.14,188950,98650909.0,7.46,3.73,0.61,6.59
2009-05-05,600095,17.07,16.85,17.32,16.57,180693,94583776.0,4.42,-0.65,-0.11,6.3
2009-05-06,600095,16.82,17.1,17.28,16.57,152117,79761888.0,4.21,1.48,0.25,5.3
2009-05-07,600095,17.1,17.68,17.71,16.21,238129,124882393.0,8.77,3.39,0.58,8.3
2009-05-08,600095,17.71,17.86,18.43,17.61,358427,198159334.0,4.64,1.02,0.18,12.49
2009-05-11,600095,17.53,16.35,17.96,16.28,168712,88944108.0,9.41,-8.45,-1.51,5.88
2009-05-12,600095,16.32,16.85,16.89,16.14,70871,36420299.0,4.59,3.06,0.5,2.47
2009-05-13,600095,16.89,16.96,17.0,16.46,93506,48472479.0,3.2,0.65,0.11,3.26
2009-05-14,600095,16.89,16.82,17.25,16.5,85112,44550289.0,4.42,-0.83,-0.14,2.97
2009-05-15,600095,16.82,16.85,17.14,16.64,80961,42206025.0,2.97,0.18,0.03,2.82
2009-05-18,600095,16.89,17.79,18.07,16.78,182967,98646045.0,7.66,5.58,0.94,6.38
2009-05-19,600095,17.75,18.0,18.39,17.39,205852,113749467.0,5.62,1.18,0.21,7.18
2009-05-20,600095,18.11,17.82,18.36,17.79,139916,77624121.0,3.17,-1.0,-0.18,4.88
2009-05-21,600095,17.64,17.0,17.89,16.89,101613,54031088.0,5.61,-4.6,-0.82,3.54
2009-05-22,600095,16.89,16.85,17.18,16.75,64679,33844886.0,2.53,-0.88,-0.15,2.25
2009-05-25,600095,16.53,16.57,16.64,16.03,84806,42901932.0,3.62,-1.66,-0.28,2.96
2009-05-26,600095,16.57,16.75,17.18,16.53,66325,34566378.0,3.92,1.09,0.18,2.31
2009-05-27,600095,16.82,16.64,17.0,16.39,43083,22253456.0,3.64,-0.66,-0.11,1.5
2009-06-01,600095,16.67,16.85,16.96,16.6,53030,27531916.0,2.16,1.26,0.21,1.85
2009-06-02,600095,16.82,16.96,17.07,16.75,56513,29541393.0,1.9,0.65,0.11,1.97
2009-06-03,600095,16.96,17.1,17.39,16.96,68234,36207152.0,2.54,0.83,0.14,2.38
2009-06-04,600095,17.14,16.75,17.36,16.46,78391,40781399.0,5.26,-2.05,-0.35,2.73
2009-06-05,600095,16.75,16.57,16.82,16.46,67986,34908110.0,2.15,-1.07,-0.18,2.37
2009-06-08,600095,16.75,16.78,16.78,16.28,59899,30601273.0,3.02,1.27,0.21,2.09
2009-06-09,600095,16.78,17.57,17.68,16.75,191795,101687504.0,5.54,4.71,0.79,6.69
2009-06-10,600095,17.39,17.39,17.53,17.1,99520,53158060.0,2.45,-1.02,-0.18,3.47
2009-06-11,600095,17.32,16.82,17.36,16.67,77042,40681004.0,3.97,-3.28,-0.57,2.69
2009-06-12,600095,16.82,16.32,17.07,16.21,79956,40979846.0,5.11,-2.97,-0.5,2.79
2009-06-15,600095,16.35,16.64,16.67,16.32,38461,19630645.0,2.14,1.96,0.32,1.34
2009-06-16,600095,16.35,16.53,16.6,16.32,41595,21181047.0,1.68,-0.66,-0.11,1.45
2009-06-17,600095,16.5,16.75,16.89,16.39,45768,23614880.0,3.02,1.33,0.22,1.6
2009-06-18,600095,16.89,17.32,17.61,16.6,112305,59346777.0,6.03,3.4,0.57,3.91
2009-06-22,600095,17.32,16.82,17.32,16.71,79227,41416936.0,3.52,-2.89,-0.5,2.76
2009-06-23,600095,16.53,16.71,17.0,16.46,48155,24894706.0,3.21,-0.65,-0.11,1.68
2009-06-24,600095,16.71,17.28,17.39,16.67,75616,39737318.0,4.31,3.41,0.57,2.64
2009-06-25,600095,18.25,17.82,18.79,17.75,390767,217610773.0,6.02,3.13,0.54,13.62
2009-06-26,600095,17.28,17.36,17.71,17.21,127309,68270407.0,2.81,-2.58,-0.46,4.44
2009-06-29,600095,17.36,17.18,17.5,17.03,80437,42612463.0,2.71,-1.04,-0.18,2.8
2009-06-30,600095,17.18,17.03,17.53,16.96,71587,38011985.0,3.32,-0.87,-0.15,2.5
2009-07-01,600095,16.93,17.28,17.53,16.82,88283,46859904.0,4.17,1.47,0.25,3.08
2009-07-02,600095,17.36,17.28,17.39,17.03,64660,34273270.0,2.08,0.0,0.0,2.25
2009-07-03,600095,17.18,17.5,17.64,17.07,112353,60266947.0,3.3,1.27,0.22,3.92
2009-07-06,600095,17.57,17.86,18.21,17.53,170936,94123852.0,3.89,2.06,0.36,5.96
2009-07-07,600095,17.86,17.79,18.21,17.28,143982,78872250.0,5.21,-0.39,-0.07,5.02
2009-07-08,600095,17.68,18.18,18.36,17.46,137737,75995507.0,5.06,2.19,0.39,4.8
2009-07-09,600095,18.25,19.04,19.29,17.96,245641,140959871.0,7.32,4.73,0.86,8.56
2009-07-10,600095,18.9,18.54,19.0,18.36,156960,89603310.0,3.36,-2.63,-0.5,5.47
2009-07-13,600095,18.54,19.29,19.61,18.36,205879,120405021.0,6.74,4.05,0.75,7.18
2009-07-14,600095,19.4,19.33,19.5,19.0,120720,70906752.0,2.59,0.21,0.04,4.21
2009-07-15,600095,19.22,19.07,19.36,18.75,142251,82670410.0,3.16,-1.35,-0.26,4.96
2009-07-16,600095,19.07,19.76,20.4,18.75,240808,143927341.0,8.65,3.62,0.69,8.39
2009-07-17,600095,19.5,19.58,19.9,19.15,126220,75494180.0,3.8,-0.91,-0.18,4.4
2009-07-20,600095,19.54,19.65,19.86,19.36,128704,76790735.0,2.55,0.36,0.07,4.49
2009-07-21,600095,19.61,18.57,19.61,18.25,148227,86004400.0,6.92,-5.5,-1.08,5.17
2009-07-22,600095,18.57,18.47,18.93,18.36,94052,53688728.0,3.07,-0.54,-0.1,3.28
2009-07-23,600095,18.47,19.11,19.33,18.36,123060,71366014.0,5.25,3.47,0.64,4.29
2009-07-24,600095,19.0,18.54,19.11,18.21,129982,74066029.0,4.71,-2.98,-0.57,4.53
2009-07-27,600095,18.54,18.75,18.93,18.43,79903,45792185.0,2.7,1.13,0.21,2.79
2009-07-28,600095,18.61,19.58,19.79,18.54,181352,106508600.0,6.67,4.43,0.83,6.32
2009-07-29,600095,19.33,17.79,19.54,17.43,156178,88589804.0,10.78,-9.14,-1.79,5.44
2009-07-30,600095,17.89,18.04,18.18,17.03,90433,49041879.0,6.46,1.41,0.25,3.15
2009-07-31,600095,17.96,18.82,19.18,17.82,140698,79673035.0,7.54,4.32,0.78,4.9
2009-08-03,600095,18.86,20.26,20.76,18.72,325272,196880361.0,10.84,7.65,1.44,11.34
2009-08-04,600095,20.08,20.51,20.9,19.54,227538,139645107.0,6.71,1.23,0.25,7.93
2009-08-05,600095,20.47,21.12,21.44,20.08,226414,143568880.0,6.63,2.97,0.61,6.27
2009-08-06,600095,20.79,20.51,21.08,19.86,162792,100657838.0,5.78,-2.89,-0.61,4.51
2009-08-07,600095,20.33,21.26,21.44,19.9,174549,108712866.0,7.51,3.66,0.75,4.83
2009-08-10,600095,21.94,21.12,22.37,20.94,243475,158792079.0,6.73,-0.66,-0.14,6.74
2009-08-11,600095,20.97,21.08,21.58,20.19,96989,61600499.0,6.58,-0.19,-0.04,2.68
2009-08-12,600095,20.54,19.68,21.08,19.61,102806,62846410.0,6.97,-6.64,-1.4,2.85
2009-08-13,600095,19.68,19.76,20.33,18.72,85236,50512958.0,8.18,0.41,0.08,2.36
2009-08-14,600095,19.68,18.57,20.22,18.25,83537,49393341.0,9.97,-6.02,-1.19,2.31
2009-08-17,600095,18.25,16.64,18.82,16.53,88217,47947364.0,12.33,-10.39,-1.93,2.44
2009-08-18,600095,16.6,16.93,17.25,16.28,57360,29844815.0,5.83,1.74,0.29,1.59
2009-08-19,600095,16.82,16.1,17.1,15.85,68788,35176238.0,7.38,-4.9,-0.83,1.9
2009-08-20,600095,16.28,16.78,16.89,16.21,40553,20869863.0,4.22,4.22,0.68,1.12
2009-08-21,600095,16.82,17.25,17.39,16.64,70060,36942659.0,4.47,2.8,0.47,1.94
2009-08-24,600095,17.39,18.25,18.57,17.36,100594,55224300.0,7.01,5.8,1.0,2.78
2009-08-25,600095,17.89,18.14,18.25,17.03,76368,41436967.0,6.68,-0.6,-0.11,2.11
2009-08-26,600095,18.11,18.79,19.18,17.75,81740,46668603.0,7.88,3.58,0.65,2.26
2009-08-27,600095,18.61,19.04,19.5,17.93,103743,59779663.0,8.36,1.33,0.25,2.87
2009-08-28,600095,19.0,18.57,19.15,18.18,57410,32569210.0,5.09,-2.47,-0.47,1.59
2009-08-31,600095,18.25,17.0,18.39,16.57,59555,32466038.0,9.8,-8.45,-1.57,1.65
2009-09-01,600095,17.0,17.28,17.53,16.39,53534,27963642.0,6.71,1.65,0.28,1.48
2009-09-02,600095,17.14,17.89,17.93,16.93,76593,41408497.0,5.79,3.53,0.61,2.12
2009-09-03,600095,17.79,18.68,19.07,17.53,150640,85053514.0,8.61,4.42,0.79,4.17
2009-09-04,600095,18.54,19.07,19.18,18.43,124933,72170498.0,4.01,2.09,0.39,3.46
2009-09-07,600095,19.11,18.86,19.5,18.61,153525,89740450.0,4.67,-1.1,-0.21,4.25
2009-09-08,600095,18.54,19.29,19.29,18.21,135613,77934231.0,5.73,2.28,0.43,3.75
2009-09-09,600095,19.29,19.04,19.4,18.82,92176,53798761.0,3.01,-1.3,-0.25,2.55
2009-09-10,600095,18.86,18.43,18.97,18.21,71243,40506557.0,3.99,-3.2,-0.61,1.97
2009-09-11,600095,18.36,18.5,18.82,18.21,82096,46697841.0,3.31,0.38,0.07,2.27
2009-09-14,600095,18.54,19.22,19.33,18.39,115724,67401230.0,5.08,3.89,0.72,3.2
2009-09-15,600095,19.25,19.18,19.68,18.86,139312,82167225.0,4.27,-0.21,-0.04,3.86
2009-09-16,600095,19.11,20.44,21.01,19.0,245778,150466731.0,10.48,6.57,1.26,6.8
2009-09-17,600095,20.15,22.44,22.66,20.04,207769,131283207.0,12.82,9.78,2.0,5.75
2009-09-18,600095,22.84,21.47,23.12,21.4,440372,299212885.0,7.66,-4.32,-0.97,12.19
2009-09-21,600095,21.22,21.58,21.8,20.04,156688,99103327.0,8.2,0.51,0.11,4.34
2009-09-22,600095,21.22,20.11,21.8,20.04,130136,82393910.0,8.16,-6.81,-1.47,3.6
2009-09-23,600095,20.15,19.36,20.69,19.07,99690,60528116.0,8.06,-3.73,-0.75,2.76
2009-09-24,600095,19.36,19.33,19.9,18.61,77344,45401337.0,6.66,-0.15,-0.03,2.14
2009-09-25,600095,19.15,19.18,19.47,18.9,46536,27252023.0,2.95,-0.78,-0.15,1.29
2009-09-28,600095,19.18,17.96,19.5,17.53,56627,32231174.0,10.27,-6.36,-1.22,1.57
2009-09-29,600095,17.93,17.28,18.18,17.0,51126,27496923.0,6.57,-3.79,-0.68,1.42
2009-09-30,600095,17.53,17.07,17.71,17.03,44151,23654367.0,3.94,-1.22,-0.21,1.22
2009-10-09,600095,17.53,18.11,18.14,17.25,48270,26482436.0,5.21,6.09,1.04,1.34
2009-10-12,600095,18.43,18.36,18.75,18.07,56464,32039804.0,3.75,1.38,0.25,1.56
2009-10-13,600095,18.14,18.72,18.82,18.14,34725,19740120.0,3.7,1.96,0.36,0.96
2009-10-14,600095,18.82,18.68,19.07,18.61,56039,32330252.0,2.46,-0.21,-0.04,1.55
2009-10-15,600095,18.72,18.5,19.15,18.25,47408,27075807.0,4.82,-0.96,-0.18,1.31
2009-10-16,600095,18.54,18.39,18.79,17.89,48031,26878960.0,4.86,-0.59,-0.11,1.33
2009-10-19,600095,18.29,18.93,18.97,18.29,62117,35601587.0,3.7,2.94,0.54,1.72
2009-10-20,600095,19.04,19.68,19.83,19.04,110701,65958850.0,4.17,3.96,0.75,3.06
2009-10-21,600095,19.86,19.29,19.86,19.18,64346,38127382.0,3.46,-1.98,-0.39,1.78
2009-10-22,600095,19.04,19.43,19.54,18.97,51778,30517830.0,2.95,0.73,0.14,1.43
2009-10-23,600095,19.43,19.68,19.9,19.33,67523,40439489.0,2.93,1.29,0.25,1.87
2009-10-26,600095,19.43,19.33,19.58,19.0,73969,43462543.0,2.95,-1.78,-0.35,2.05
2009-10-27,600095,19.04,18.25,19.11,18.25,66616,37911097.0,4.45,-5.59,-1.08,1.84
2009-10-28,600095,18.18,18.54,18.57,17.89,36947,20666528.0,3.73,1.59,0.29,1.02
2009-10-29,600095,18.21,18.25,18.5,18.0,29858,16720642.0,2.7,-1.56,-0.29,0.83
2009-10-30,600095,18.32,18.86,19.18,18.32,74352,42862917.0,4.71,3.34,0.61,2.06
2009-11-02,600095,18.54,19.4,19.43,18.21,71787,41546090.0,6.47,2.86,0.54,1.99
2009-11-03,600095,19.5,19.83,20.19,19.18,107669,64826497.0,5.21,2.22,0.43,2.98
2009-11-04,600095,19.76,19.72,19.97,19.5,86097,51676540.0,2.37,-0.55,-0.11,2.38
2009-11-05,600095,19.72,20.19,20.36,19.58,109496,66624354.0,3.96,2.38,0.47,3.03
2009-11-06,600095,20.15,20.22,20.79,20.04,124868,77255998.0,3.71,0.15,0.03,3.46
2009-11-09,600095,20.22,20.04,20.4,19.68,76685,46732535.0,3.56,-0.89,-0.18,2.12
2009-11-10,600095,20.11,20.62,20.72,19.83,133605,82784850.0,4.44,2.89,0.58,3.7
2009-11-11,600095,20.44,20.47,21.04,20.22,106384,66519705.0,3.98,-0.73,-0.15,2.94
2009-11-12,600095,20.47,20.62,21.04,20.47,121251,76336864.0,2.78,0.73,0.15,3.36
2009-11-13,600095,20.4,21.01,21.04,19.97,105165,65582319.0,5.19,1.89,0.39,2.91
2009-11-16,600095,21.01,21.58,21.76,20.87,173781,111934967.0,4.24,2.71,0.57,4.81
2009-11-17,600095,21.55,21.26,21.55,21.08,90774,58476791.0,2.18,-1.48,-0.32,2.51
2009-11-18,600095,21.26,21.3,21.55,20.9,98314,63258357.0,3.06,0.19,0.04,2.72
2009-11-19,600095,21.26,22.05,22.19,21.04,176290,115709532.0,5.4,3.52,0.75,4.88
2009-11-20,600095,22.01,21.73,22.19,21.65,111800,74106700.0,2.45,-1.45,-0.32,3.09
2009-11-23,600095,21.65,22.41,22.73,21.65,174612,117827280.0,4.97,3.13,0.68,4.83
2009-11-24,600095,22.91,20.65,22.91,20.47,172190,114007734.0,10.89,-7.85,-1.76,4.77
2009-11-25,600095,20.62,22.91,22.91,20.62,260361,174425757.0,11.09,10.94,2.26,7.21
2009-11-26,600095,23.91,21.8,24.88,21.47,497805,349618429.0,14.88,-4.85,-1.11,13.78
2009-11-27,600095,21.01,20.22,21.47,19.9,210310,132300696.0,7.2,-7.25,-1.58,5.82
2009-11-30,600095,20.51,21.08,21.19,20.19,135751,85888335.0,4.95,4.25,0.86,3.76
2009-12-01,600095,20.94,22.19,22.33,20.94,196185,129296163.0,6.59,5.27,1.11,5.43
2009-12-02,600095,22.12,22.37,22.84,21.98,186694,126312761.0,3.88,0.81,0.18,5.17
2009-12-03,600095,22.37,23.09,23.27,22.12,184634,127178504.0,5.14,3.22,0.72,5.11
2009-12-04,600095,23.09,22.3,23.27,21.4,187832,126757718.0,8.1,-3.42,-0.79,5.2
2009-12-07,600095,22.55,24.7,24.7,22.44,180058,131656938.0,10.13,10.76,2.4,4.98
2009-12-08,600095,25.95,24.09,26.17,23.8,380858,282530823.0,9.6,-2.47,-0.61,10.54
2009-12-09,600095,23.27,23.09,23.55,22.94,160727,112409878.0,2.53,-4.15,-1.0,4.45
2009-12-10,600095,23.02,23.41,23.8,23.02,82605,58085565.0,3.38,1.39,0.32,2.29
2009-12-11,600095,23.45,23.27,23.91,23.09,95157,67250830.0,3.5,-0.6,-0.14,2.63
2009-12-14,600095,23.27,23.05,23.55,22.33,81534,56050664.0,5.24,-0.95,-0.22,2.26
2009-12-15,600095,23.09,23.48,23.91,22.73,99112,70184224.0,5.12,1.87,0.43,2.74
2009-12-16,600095,23.52,23.77,24.02,23.27,113837,81067045.0,3.19,1.24,0.29,3.15
2009-12-17,600095,23.91,22.84,23.98,22.8,82300,57594560.0,4.96,-3.91,-0.93,2.28
2009-12-18,600095,22.69,21.26,22.8,21.22,81691,53934805.0,6.92,-6.92,-1.58,2.26
2009-12-21,600095,21.22,21.8,21.83,21.15,51962,33891975.0,3.2,2.54,0.54,1.44
2009-12-22,600095,21.83,21.73,22.48,21.44,87396,58104713.0,4.77,-0.32,-0.07,2.42
2009-12-23,600095,21.73,22.48,22.55,21.55,96481,64603066.0,4.6,3.45,0.75,2.67
2009-12-24,600095,22.44,23.12,23.34,22.19,135031,92454567.0,5.12,2.85,0.64,3.74
2009-12-25,600095,22.98,22.59,23.02,22.26,161695,110262141.0,3.29,-2.29,-0.53,4.48
2009-12-28,600095,22.23,22.51,22.62,21.98,183215,123038089.0,2.83,-0.35,-0.08,5.07
2009-12-29,600095,22.37,22.16,22.51,21.62,119083,79218141.0,3.95,-1.55,-0.35,3.3
2009-12-30,600095,22.08,21.9,22.19,21.58,91601,60376507.0,2.75,-1.17,-0.26,2.54
2009-12-31,600095,21.83,22.59,22.66,21.58,136684,91990668.0,4.93,3.15,0.69,3.78
2010-01-04,600095,22.62,22.48,22.87,22.23,91371,62077866.0,2.83,-0.49,-0.11,2.53
2010-01-05,600095,22.41,22.62,22.84,21.94,129281,87716315.0,4.0,0.62,0.14,3.58
2010-01-06,600095,22.62,23.05,23.41,22.44,201040,139839196.0,4.29,1.9,0.43,5.56
2010-01-07,600095,23.02,22.08,23.05,22.05,105814,71691103.0,4.34,-4.21,-0.97,2.93
2010-01-08,600095,21.9,22.19,22.23,21.65,65020,42994954.0,2.63,0.5,0.11,1.8
2010-01-11,600095,22.26,22.19,22.59,22.01,65238,43875956.0,2.61,0.0,0.0,1.81
2010-01-12,600095,22.23,22.73,22.73,21.83,99221,66931780.0,4.06,2.43,0.54,2.75
2010-01-13,600095,22.19,22.01,22.55,21.87,83288,55757987.0,2.99,-3.17,-0.72,2.31
2010-01-14,600095,22.12,22.76,22.87,21.98,106958,72775163.0,4.04,3.41,0.75,2.96
2010-01-15,600095,22.73,23.05,23.23,22.51,134086,92354463.0,3.16,1.27,0.29,3.71
2010-01-18,600095,22.91,23.55,23.84,22.91,208796,147788459.0,4.03,2.17,0.5,5.78
2010-01-20,600095,23.7,23.55,24.84,23.45,389538,281235094.0,5.9,0.0,0.0,10.78
2010-01-21,600095,23.59,24.38,24.84,23.59,252292,183797901.0,5.31,3.52,0.83,6.98
2010-01-22,600095,23.91,23.3,24.27,22.55,154562,109145152.0,7.05,-4.43,-1.08,4.28
2010-01-25,600095,23.09,23.7,23.98,22.44,117789,82751004.0,6.61,1.72,0.4,3.26
2010-01-26,600095,23.27,22.01,23.73,21.69,97150,66270954.0,8.61,-7.13,-1.69,2.69
2010-01-27,600095,22.01,21.4,22.55,21.04,63836,41970615.0,6.86,-2.77,-0.61,1.77
2010-01-28,600095,21.4,21.62,21.69,21.04,59970,38783110.0,3.04,1.03,0.22,1.66
2010-01-29,600095,21.47,21.55,21.9,21.12,48304,31589256.0,3.61,-0.32,-0.07,1.34
2010-02-01,600095,21.65,21.15,21.83,20.9,45440,29249048.0,4.32,-1.86,-0.4,1.26
2010-02-02,600095,21.33,20.9,21.58,20.72,43620,27960837.0,4.07,-1.18,-0.25,1.21
2010-02-03,600095,20.76,21.3,21.37,19.79,65714,41491260.0,7.56,1.91,0.4,1.82
2010-02-04,600095,21.15,21.44,21.47,20.76,79972,51419929.0,3.33,0.66,0.14,2.21
2010-02-05,600095,20.9,21.76,22.19,20.62,118510,77924180.0,7.32,1.49,0.32,3.28
2010-02-09,600095,21.83,21.8,21.98,21.44,37555,24631938.0,2.48,0.18,0.04,1.04
2010-02-10,600095,22.26,21.87,22.26,21.55,22839,15029840.0,3.26,0.32,0.07,0.63
2010-02-11,600095,21.73,21.44,22.12,21.44,53400,35184803.0,3.11,-1.97,-0.43,1.48
2010-02-12,600095,21.47,21.44,21.65,21.04,30819,19987441.0,2.85,0.0,0.0,0.85
2010-02-22,600095,21.44,21.83,22.01,21.37,51940,34172600.0,2.99,1.82,0.39,1.44
2010-02-23,600095,22.37,22.55,23.34,22.26,203074,139008865.0,4.95,3.3,0.72,5.62
2010-02-24,600095,22.08,22.8,22.84,21.98,117644,79787563.0,3.81,1.11,0.25,3.26
2010-02-25,600095,22.8,22.91,23.05,22.55,105377,72490034.0,2.19,0.48,0.11,2.92
2010-02-26,600095,22.8,23.02,23.45,22.73,100118,69559931.0,3.14,0.48,0.11,2.77
2010-03-01,600095,23.09,23.52,23.8,22.94,172957,122070659.0,3.74,2.17,0.5,4.79
2010-03-02,600095,23.45,23.34,23.98,23.16,119462,84545696.0,3.49,-0.77,-0.18,3.31
2010-03-03,600095,23.3,25.85,25.85,23.23,408344,306913243.0,11.23,10.75,2.51,11.3
2010-03-04,600095,25.95,23.62,25.95,23.55,426647,314564950.0,9.28,-8.63,-2.23,11.81
2010-03-05,600095,23.62,23.16,23.95,22.8,205183,144090829.0,4.87,-1.95,-0.46,5.68
2010-03-08,600095,22.48,23.34,23.66,22.48,130117,91495645.0,5.09,0.78,0.18,3.6
2010-03-09,600095,23.27,23.27,23.62,22.94,86130,60455804.0,2.91,-0.3,-0.07,2.38
2010-03-10,600095,23.73,24.59,25.31,23.59,378496,277011003.0,7.39,5.67,1.32,10.48
2010-03-11,600095,24.2,24.91,25.77,23.87,299652,222198988.0,7.73,1.3,0.32,8.29
2010-03-12,600095,24.77,23.55,24.91,23.45,177887,128455784.0,5.86,-5.46,-1.36,4.92
2010-03-15,600095,23.66,23.05,23.7,22.69,98087,67941081.0,4.29,-2.12,-0.5,2.72
2010-03-16,600095,22.91,23.48,23.55,22.91,54598,38179740.0,2.78,1.87,0.43,1.51
2010-03-17,600095,23.55,23.95,24.13,23.34,85005,60908618.0,3.36,2.0,0.47,2.35
2010-03-19,600095,23.87,24.27,24.41,23.66,94363,68525474.0,3.13,1.34,0.32,2.61
2010-03-22,600095,24.23,24.81,24.88,23.98,103908,76175456.0,3.71,2.22,0.54,2.88
2010-03-23,600095,25.02,24.34,25.06,24.2,102180,75307333.0,3.47,-1.89,-0.47,2.83
2010-03-24,600095,24.52,24.2,24.73,24.16,86615,63488195.0,2.34,-0.58,-0.14,2.4
2010-03-25,600095,24.02,23.34,24.13,23.27,106174,75253458.0,3.55,-3.55,-0.86,2.94
2010-03-26,600095,23.23,23.77,24.02,23.02,76744,54713424.0,4.28,1.84,0.43,2.12
2010-03-29,600095,23.77,23.77,24.09,23.34,87269,61913835.0,3.16,0.0,0.0,2.42
2010-03-30,600095,23.77,24.09,24.34,23.55,88185,63422264.0,3.32,1.35,0.32,2.44
2010-03-31,600095,23.7,24.27,24.7,23.66,177270,129366266.0,4.32,0.75,0.18,4.91
2010-04-01,600095,24.23,25.06,25.42,23.98,268713,200118945.0,5.93,3.26,0.79,7.44
2010-04-02,600095,24.99,25.27,25.59,24.59,194971,146737438.0,3.99,0.84,0.21,5.4
2010-04-06,600095,25.52,25.85,26.06,24.88,256651,196584347.0,4.67,2.3,0.58,7.1
2010-04-07,600095,25.52,26.28,26.81,25.31,224760,174657504.0,5.8,1.66,0.43,6.22
2010-04-08,600095,26.28,26.1,26.42,25.59,231123,179371721.0,3.16,-0.68,-0.18,6.4
2010-04-09,600095,25.99,26.06,26.74,25.38,337957,262218878.0,5.21,-0.15,-0.04,9.35
2010-04-12,600095,25.95,26.45,26.7,25.77,216258,170487562.0,3.57,1.5,0.39,5.99
2010-04-13,600095,26.6,26.85,27.42,25.52,311108,246402630.0,7.18,1.51,0.4,8.61
2010-04-14,600095,26.92,27.03,27.46,26.6,220385,177367708.0,3.2,0.67,0.18,6.1
2010-04-15,600095,26.99,26.06,26.99,25.85,159513,125264286.0,4.22,-3.59,-0.97,4.42
2010-04-19,600095,25.59,25.16,26.67,24.99,158771,122592725.0,6.45,-3.45,-0.9,4.39
2010-04-20,600095,25.06,25.7,25.74,24.95,97429,73979050.0,3.14,2.15,0.54,2.7
2010-04-21,600095,25.49,26.49,26.6,25.49,207008,160832506.0,4.32,3.07,0.79,5.73
2010-04-22,600095,26.53,26.53,27.21,26.28,222058,177173673.0,3.51,0.15,0.04,6.15
2010-04-23,600095,26.38,27.24,27.42,26.13,228647,182759633.0,4.86,2.68,0.71,6.33
2010-04-26,600095,27.53,27.1,27.74,26.96,163502,132619815.0,2.86,-0.51,-0.14,4.53
2010-04-27,600095,27.13,26.31,27.13,25.09,150388,117464428.0,7.53,-2.92,-0.79,4.16
2010-04-28,600095,26.02,25.67,26.45,25.27,87148,67299658.0,4.48,-2.43,-0.64,2.41
2010-04-29,600095,25.59,24.02,26.13,23.98,109486,82660344.0,8.38,-6.43,-1.65,3.03
2010-04-30,600095,24.13,23.12,24.38,22.55,94791,66602690.0,7.62,-3.75,-0.9,2.62
2010-05-04,600095,22.84,23.41,23.87,22.59,63417,44724742.0,5.54,1.25,0.29,1.76
2010-05-05,600095,23.3,24.23,24.34,23.27,68316,49030065.0,4.57,3.5,0.82,1.89
2010-05-06,600095,24.23,24.16,24.56,23.41,81227,58655532.0,4.75,-0.29,-0.07,2.25
2010-05-07,600095,23.23,23.87,24.34,23.19,69336,49774080.0,4.76,-1.2,-0.29,1.92
2010-05-10,600095,23.62,23.45,24.3,22.87,69435,49175061.0,5.99,-1.76,-0.42,1.92
2010-05-11,600095,23.8,22.3,23.91,21.83,86209,59684542.0,8.87,-4.9,-1.15,2.39
2010-05-12,600095,22.12,20.29,22.16,19.9,83655,52752676.0,10.13,-9.01,-2.01,2.32
2010-05-13,600095,20.33,20.79,20.83,19.68,65683,40561389.0,5.67,2.46,0.5,1.82
2010-05-14,600095,20.54,20.72,21.15,20.33,48474,30568388.0,3.94,-0.34,-0.07,1.34
2010-05-17,600095,20.36,18.64,20.51,18.54,66361,39878728.0,9.51,-10.04,-2.08,1.84
2010-05-18,600095,18.68,19.33,19.58,18.39,63412,36785848.0,6.38,3.7,0.69,1.76
2010-05-19,600095,19.4,19.22,19.72,18.93,46136,27232581.0,4.09,-0.57,-0.11,1.28
2010-05-20,600095,19.15,19.04,19.68,18.97,51908,30609491.0,3.69,-0.94,-0.18,1.44
2010-05-21,600095,18.43,19.76,20.01,17.93,74223,43442875.0,10.92,3.78,0.72,2.05
2010-05-24,600095,19.86,20.62,21.01,19.61,124348,77187834.0,7.09,4.35,0.86,3.44
2010-05-25,600095,20.36,20.29,20.62,20.01,66658,41152153.0,2.96,-1.6,-0.33,1.85
2010-05-26,600095,20.22,20.65,20.76,20.11,93311,58098553.0,3.2,1.77,0.36,2.58
2010-05-27,600095,20.51,21.01,21.3,20.15,89818,56634691.0,5.57,1.74,0.36,2.49
2010-05-28,600095,21.04,21.37,22.05,20.97,124134,80816227.0,5.14,1.71,0.36,3.44
2010-05-31,600095,21.04,22.19,22.73,21.04,184242,123134287.0,7.91,3.84,0.82,5.1
2010-06-01,600095,21.83,21.8,22.37,20.58,151840,98994567.0,8.07,-1.76,-0.39,4.2
2010-06-02,600095,21.69,22.19,22.3,21.01,90512,59751500.0,5.92,1.79,0.39,2.51
2010-06-03,600095,22.48,21.3,22.55,21.15,104097,68801752.0,6.31,-4.01,-0.89,2.88
2010-06-04,600095,21.44,21.55,21.76,21.08,60325,39108947.0,3.19,1.17,0.25,1.67
2010-06-07,600095,20.76,21.55,21.73,20.76,69006,44671130.0,4.5,0.0,0.0,1.91
2010-06-08,600095,21.47,21.33,21.55,20.97,50502,32555470.0,2.69,-1.02,-0.22,1.4
2010-06-09,600095,21.26,21.98,22.05,21.26,77816,51018746.0,3.7,3.05,0.65,2.15
2010-06-10,600095,22.01,21.87,22.3,21.73,76834,51079514.0,2.59,-0.5,-0.11,2.13
2010-06-11,600095,22.01,21.83,22.33,21.8,44047,29240807.0,2.42,-0.18,-0.04,1.22
2010-06-17,600095,22.01,21.26,22.01,21.12,67400,43969651.0,4.08,-2.61,-0.57,1.87
2010-06-21,600095,20.58,20.65,21.08,18.97,97516,60088786.0,9.92,-2.87,-0.61,2.7
2010-06-22,600095,20.76,20.54,20.87,20.44,34078,21297788.0,2.08,-0.53,-0.11,0.94
2010-06-23,600095,20.83,20.11,20.83,19.68,62812,38482310.0,5.6,-2.09,-0.43,1.74
2010-06-24,600095,20.4,19.97,20.47,19.72,42435,25913716.0,3.73,-0.7,-0.14,1.17
2010-06-25,600095,19.76,18.97,19.9,18.9,71947,42236145.0,5.01,-5.01,-1.0,1.99
2010-06-28,600095,18.97,18.79,19.15,18.61,39321,22656562.0,2.85,-0.95,-0.18,1.09
2010-06-29,600095,19.72,20.44,20.87,19.0,380096,235230514.0,9.95,8.78,1.65,10.52
2010-06-30,600095,19.5,18.93,20.26,18.21,196760,116918076.0,10.03,-7.39,-1.51,5.45
2010-07-01,600095,19.68,19.47,19.68,18.72,110662,65013524.0,5.07,2.85,0.54,3.06
2010-07-02,600095,19.15,20.44,20.94,18.61,184836,112352748.0,11.97,4.98,0.97,5.12
2010-07-05,600095,20.08,20.65,20.97,19.79,187534,117068093.0,5.77,1.03,0.21,5.19
2010-07-06,600095,21.08,20.9,21.26,20.33,156078,98564897.0,4.5,1.21,0.25,4.32
2010-07-07,600095,20.72,21.26,21.83,20.62,136151,87723693.0,5.79,1.72,0.36,3.77
2010-07-08,600095,21.62,20.79,21.73,20.54,137365,87252291.0,5.6,-2.21,-0.47,3.8
2010-07-09,600095,20.62,21.33,21.4,20.44,173637,110938912.0,4.62,2.6,0.54,4.81
2010-07-12,600095,21.19,21.98,22.37,20.97,189869,125909373.0,6.56,3.05,0.65,5.26
2010-07-13,600095,22.16,22.55,22.91,21.62,206020,139384311.0,5.87,2.59,0.57,5.7
2010-07-14,600095,22.59,23.8,24.66,22.51,308102,219813316.0,9.53,5.54,1.25,8.53
2010-07-15,600095,23.84,25.13,26.38,23.55,560955,428813492.0,11.89,5.59,1.33,15.53
2010-07-16,600095,24.99,24.13,25.42,23.62,362440,265389411.0,7.16,-3.98,-1.0,10.03
2010-07-19,600095,24.13,24.59,25.13,23.87,284819,209293682.0,5.22,1.91,0.46,7.88
2010-07-20,600095,24.34,24.59,25.24,23.62,294520,215892143.0,6.59,0.0,0.0,8.15
2010-07-21,600095,24.91,25.34,26.28,24.27,434058,328086302.0,8.17,3.05,0.75,12.02
2010-07-22,600095,24.95,24.91,25.16,24.13,238203,175685865.0,4.06,-1.7,-0.43,6.59
2010-07-23,600095,24.73,27.6,27.6,24.48,566732,444047462.0,12.53,10.8,2.69,15.69
2010-07-26,600095,28.21,27.82,28.39,27.03,415491,340907880.0,4.93,0.8,0.22,11.5
2010-07-27,600095,27.71,27.74,28.21,27.06,250347,206033473.0,4.13,-0.29,-0.08,6.93
2010-07-28,600095,27.67,27.6,28.07,26.49,430891,349997331.0,5.7,-0.5,-0.14,11.93
2010-07-29,600095,27.03,27.42,27.64,26.7,344239,278584770.0,3.41,-0.65,-0.18,9.53
2010-07-30,600095,27.24,26.49,27.31,26.28,273510,217376609.0,3.76,-3.39,-0.93,7.57
2010-08-02,600095,26.53,26.96,27.03,26.06,317973,252651840.0,3.66,1.77,0.47,8.8
2010-08-03,600095,26.78,26.24,27.35,26.06,315362,251465884.0,4.78,-2.67,-0.72,8.73
2010-08-04,600095,26.38,26.56,26.74,25.92,196149,154327013.0,3.13,1.22,0.32,5.43
2010-08-05,600095,26.49,26.56,26.92,26.2,185222,146456561.0,2.71,0.0,0.0,5.13
2010-08-06,600095,26.42,26.85,26.96,25.99,241696,191552384.0,3.65,1.09,0.29,6.69
2010-08-09,600095,26.88,26.78,27.21,26.53,189244,151074476.0,2.53,-0.26,-0.07,5.24
2010-08-10,600095,26.67,27.31,27.85,26.31,378779,305631127.0,5.75,1.98,0.53,10.48
2010-08-11,600095,27.03,27.17,27.64,26.53,221560,179098638.0,4.06,-0.51,-0.14,6.13
2010-08-12,600095,26.78,24.63,26.78,24.3,354598,271027627.0,9.13,-9.35,-2.54,9.82
2010-08-13,600095,24.56,24.38,24.88,23.8,193084,140293300.0,4.38,-1.02,-0.25,5.34
2010-08-16,600095,24.23,24.95,25.16,24.2,174202,129669551.0,3.94,2.34,0.57,4.82
2010-08-17,600095,24.95,25.06,25.13,24.52,148793,110538135.0,2.44,0.44,0.11,4.12
2010-08-18,600095,25.34,25.13,25.67,24.81,176081,133032284.0,3.43,0.28,0.07,4.87
2010-08-19,600095,25.06,25.09,25.2,24.56,158615,117990095.0,2.55,-0.16,-0.04,4.39
2010-08-20,600095,24.81,24.38,24.99,24.02,128655,94047162.0,3.87,-2.83,-0.71,3.56
2010-08-23,600095,24.34,25.95,26.2,24.23,251894,190236091.0,8.08,6.44,1.57,6.97
2010-08-24,600095,25.7,25.7,26.17,25.38,192693,148580775.0,3.04,-0.96,-0.25,5.33
2010-08-25,600095,25.45,25.52,25.95,24.63,155362,117657639.0,5.14,-0.7,-0.18,4.3
2010-08-26,600095,25.92,25.52,26.85,25.2,171992,132854811.0,6.47,0.0,0.0,4.76
2010-08-27,600095,25.42,25.2,25.45,24.7,89653,67354556.0,2.94,-1.25,-0.32,2.48
2010-08-30,600095,25.2,25.88,26.02,25.06,174829,133453184.0,3.81,2.7,0.68,4.84
2010-08-31,600095,25.88,26.1,26.31,25.56,185451,143449431.0,2.9,0.85,0.22,5.13
2010-09-01,600095,26.6,27.17,28.89,26.56,564053,464560999.0,8.93,4.1,1.07,15.61
2010-09-02,600095,26.88,27.31,27.71,26.31,325275,261869532.0,5.15,0.52,0.14,9.0
2010-09-03,600095,27.21,27.06,27.49,26.7,174616,140596698.0,2.89,-0.92,-0.25,4.83
2010-09-06,600095,27.24,28.71,29.0,26.96,452726,380887917.0,7.54,6.1,1.65,12.53
2010-09-07,600095,28.64,28.57,28.71,27.78,212285,178146833.0,3.24,-0.49,-0.14,5.88
2010-09-08,600095,28.42,28.39,29.03,28.1,190370,161235824.0,3.26,-0.63,-0.18,5.27
2010-09-09,600095,28.39,27.6,28.6,27.35,223869,185587678.0,4.4,-2.78,-0.79,6.2
2010-09-10,600095,27.67,27.42,27.82,26.67,154522,125239168.0,4.17,-0.65,-0.18,4.28
2010-09-13,600095,27.42,27.71,28.42,27.28,133687,111145294.0,4.16,1.06,0.29,3.7
2010-09-14,600095,27.78,28.85,29.89,27.39,325619,279951981.0,9.02,4.11,1.14,9.01
2010-09-15,600095,28.93,29.36,30.61,28.39,347826,305699036.0,7.69,1.77,0.51,9.63
2010-09-16,600095,29.71,29.03,30.0,28.14,216332,185158673.0,6.34,-1.12,-0.33,5.99
2010-09-17,600095,29.36,30.39,32.01,28.96,316479,288731065.0,10.51,4.68,1.36,8.76
2010-09-20,600095,30.14,29.03,30.9,29.0,187527,165413401.0,6.25,-4.48,-1.36,5.19
2010-09-21,600095,29.0,28.25,29.39,26.85,111290,93987394.0,8.75,-2.69,-0.78,3.08
2010-09-27,600095,28.25,29.0,29.28,27.82,107872,92025186.0,5.17,2.65,0.75,2.99
2010-09-28,600095,29.0,30.47,30.79,28.68,172253,153376879.0,7.28,5.07,1.47,4.77
2010-09-29,600095,30.61,31.9,33.33,30.61,243335,229893071.0,8.93,4.69,1.43,6.74
2010-09-30,600095,31.51,34.3,35.27,31.47,553543,554977751.0,11.91,7.52,2.4,15.32
2010-10-08,600095,33.73,35.45,36.16,33.73,403466,412126713.0,7.08,3.35,1.15,11.17
2010-10-11,600095,35.09,37.77,38.06,35.09,451707,488839321.0,8.38,6.54,2.32,12.5
2010-10-12,600095,37.24,39.06,39.6,36.88,361633,405102592.0,7.2,3.42,1.29,10.01
2010-10-13,600095,38.81,38.1,38.96,37.27,252053,280686104.0,4.33,-2.46,-0.96,6.98
2010-10-14,600095,38.67,42.04,42.07,38.31,530785,642202828.0,9.87,10.34,3.94,14.69
2010-10-15,600095,41.89,46.41,46.41,41.03,363571,464686232.0,12.8,10.39,4.37,10.06
2010-10-18,600095,47.48,47.55,50.13,44.83,318374,437582553.0,11.42,2.46,1.14,8.81
2010-10-19,600095,46.26,47.41,48.06,44.87,187955,254595274.0,6.71,-0.29,-0.14,5.2
2010-10-20,600095,46.01,49.45,51.21,46.01,262906,368641995.0,10.97,4.3,2.04,7.28
2010-10-21,600095,48.7,48.84,50.67,48.63,145814,208353051.0,4.13,-1.23,-0.61,4.04
2010-10-22,600095,48.7,47.63,49.13,46.55,170637,235900862.0,5.28,-2.48,-1.21,4.72
2010-10-25,600095,46.87,48.31,49.7,45.98,190078,265700428.0,7.81,1.43,0.68,5.26
2010-10-26,600095,47.73,53.32,53.32,47.73,244817,364045318.0,11.57,10.37,5.01,6.78
2010-10-27,600095,53.21,51.96,54.72,51.39,172626,263113688.0,6.25,-2.55,-1.36,4.78
2010-10-28,600095,52.28,51.75,52.78,50.6,113503,169533844.0,4.2,-0.4,-0.21,3.14
2010-10-29,600095,51.92,54.68,56.94,51.78,165725,261240427.0,9.97,5.66,2.93,4.59
2010-11-01,600095,54.07,54.68,56.47,53.89,156637,248490964.0,4.72,0.0,0.0,4.34
2010-11-02,600095,53.75,53.93,55.33,53.18,194747,304270586.0,3.93,-1.37,-0.75,5.39
2010-11-03,600095,53.93,54.07,56.51,53.46,125385,198627694.0,5.66,0.26,0.14,3.47
2010-11-04,600095,54.11,54.15,55.51,52.86,151990,236064398.0,4.9,0.15,0.08,4.21
2010-11-05,600095,54.83,55.83,56.4,53.21,167160,264361779.0,5.89,3.1,1.68,4.63
2010-11-08,600095,55.79,58.87,61.06,54.25,211139,350054237.0,12.2,5.45,3.04,5.84
2010-11-09,600095,58.37,58.37,59.45,57.12,113741,190898323.0,3.96,-0.85,-0.5,3.15
2010-11-10,600095,58.26,56.55,58.3,56.22,108826,178679830.0,3.56,-3.12,-1.82,3.01
2010-11-11,600095,56.4,55.9,60.88,55.72,199343,336479018.0,9.12,-1.15,-0.65,5.52
2010-11-12,600095,55.9,52.43,57.3,51.57,215524,336918130.0,10.25,-6.21,-3.47,5.97
2010-11-15,600095,52.82,53.36,54.61,52.28,195620,301421685.0,4.44,1.77,0.93,5.41
2010-11-16,600095,53.43,50.35,54.36,48.34,174933,260468915.0,11.28,-5.64,-3.01,4.84
2010-11-17,600095,49.42,45.12,50.24,45.12,232211,317948367.0,10.17,-10.39,-5.23,6.43
2010-11-18,600095,44.76,47.91,48.7,43.83,209377,280129356.0,10.79,6.18,2.79,5.8
2010-11-19,600095,47.52,52.89,52.89,47.41,274698,401715046.0,11.44,10.39,4.98,7.6
2010-11-22,600095,51.96,53.25,54.68,51.96,204937,314687450.0,5.14,0.68,0.36,5.67
2010-11-23,600095,53.25,54.25,54.43,51.21,136422,208504253.0,6.05,1.88,1.0,3.78
2010-11-24,600095,54.07,55.94,56.87,53.72,139782,224049313.0,5.81,3.12,1.69,3.87
2010-11-25,600095,56.33,56.76,57.87,55.4,102927,167806639.0,4.42,1.47,0.82,2.85
2010-11-26,600095,56.9,58.37,59.34,56.58,153795,256830079.0,4.86,2.84,1.61,4.26
2010-11-29,600095,58.52,55.36,58.73,54.15,164166,264234319.0,7.85,-5.16,-3.01,4.54
2010-11-30,600095,55.15,49.63,55.15,49.63,144930,210162006.0,9.97,-10.35,-5.73,4.01
2010-12-01,600095,44.47,44.47,44.47,44.47,69049,89211308.0,0.0,-10.4,-5.16,1.91
2010-12-02,600095,41.82,43.04,45.8,41.82,479018,612811896.0,8.95,-3.22,-1.43,13.26
2010-12-03,600095,41.89,41.75,42.43,38.56,467058,554506843.0,8.99,-3.0,-1.29,12.93
2010-12-06,600095,40.28,39.24,41.11,38.74,329037,381469948.0,5.68,-6.01,-2.51,9.11
2010-12-07,600095,38.92,39.14,39.31,37.24,243783,273427310.0,5.28,-0.25,-0.1,6.75
2010-12-08,600095,38.71,39.31,40.32,38.67,204083,235395364.0,4.22,0.43,0.17,5.65
2010-12-09,600095,39.03,36.48,39.42,36.38,241236,265590012.0,7.73,-7.2,-2.83,6.68
2010-12-10,600095,35.98,37.09,37.52,35.41,202874,217823759.0,5.78,1.67,0.61,5.62
2010-12-13,600095,37.09,37.85,38.02,36.88,175826,193690129.0,3.07,2.05,0.76,4.87
2010-12-14,600095,37.85,38.92,38.99,37.38,236314,262628258.0,4.25,2.83,1.07,6.54
2010-12-15,600095,38.85,37.95,38.85,37.85,180254,201547671.0,2.57,-2.49,-0.97,4.99
2010-12-16,600095,37.74,38.74,39.39,37.6,181711,205388849.0,4.72,2.08,0.79,5.03
2010-12-17,600095,38.49,40.1,40.64,38.45,243120,281335671.0,5.65,3.51,1.36,6.73
2010-12-20,600095,39.89,38.49,40.25,37.24,189932,214776315.0,7.51,-4.01,-1.61,5.26
2010-12-21,600095,38.53,38.49,38.78,37.52,107279,119436733.0,3.27,0.0,0.0,2.97
2010-12-22,600095,38.42,37.63,38.45,37.45,124541,137836375.0,2.6,-2.23,-0.86,3.45
2010-12-23,600095,37.52,37.09,37.52,36.16,126854,136296664.0,3.61,-1.44,-0.54,3.51
2010-12-24,600095,36.63,37.6,37.95,36.16,116716,127570618.0,4.83,1.38,0.51,3.23
2010-12-28,600095,36.2,35.48,36.63,34.12,188908,196237842.0,6.68,-5.64,-2.12,5.23
2010-12-29,600095,35.27,36.38,37.06,34.55,84534,89158404.0,7.07,2.54,0.9,2.34
2010-12-30,600095,36.16,36.81,37.06,35.62,74229,79286246.0,3.96,1.18,0.43,2.05
2010-12-31,600095,36.88,36.81,37.38,36.59,77458,83722470.0,2.15,0.0,0.0,2.14
2011-01-04,600095,36.81,37.42,37.85,36.81,98763,107848348.0,2.83,1.66,0.61,2.73
2011-01-05,600095,36.95,39.96,40.64,36.52,261596,299407276.0,11.01,6.79,2.54,7.24
2011-01-06,600095,39.64,39.24,41.03,39.03,170603,199609390.0,5.01,-1.8,-0.72,4.72
2011-01-07,600095,38.78,39.46,39.57,38.31,103178,117117414.0,3.21,0.56,0.22,2.86
2011-01-10,600095,39.39,38.85,40.32,38.6,111824,128954498.0,4.36,-1.55,-0.61,3.1
2011-01-11,600095,38.63,37.38,38.63,36.66,76172,83494855.0,5.07,-3.78,-1.47,2.11
2011-01-12,600095,37.24,37.56,37.77,36.74,42808,46662321.0,2.76,0.48,0.18,1.18
2011-01-13,600095,37.67,36.88,37.88,36.45,51103,55255894.0,3.81,-1.81,-0.68,1.41
2011-01-14,600095,36.81,35.23,36.81,35.19,62361,65306696.0,4.39,-4.47,-1.65,1.73
2011-01-17,600095,35.34,32.79,35.45,32.58,67440,67210766.0,8.15,-6.93,-2.44,1.87
2011-01-18,600095,32.47,33.22,33.4,32.47,33582,32759844.0,2.84,1.31,0.43,0.93
2011-01-19,600095,33.33,34.94,35.41,33.26,47655,47858542.0,6.47,5.18,1.72,1.32
2011-01-20,600095,34.84,32.97,34.84,32.94,36911,36573089.0,5.44,-5.64,-1.97,1.02
2011-01-21,600095,33.05,33.22,34.12,32.83,46518,45627077.0,3.91,0.76,0.25,1.29
2011-01-24,600095,33.22,33.26,33.83,32.94,29545,29013444.0,2.68,0.12,0.04,0.82
2011-01-25,600095,33.22,32.72,33.22,31.51,45813,43626615.0,5.14,-1.62,-0.54,1.27
2011-01-26,600095,32.72,33.08,33.37,32.36,28776,27890400.0,3.09,1.1,0.36,0.8
2011-01-27,600095,32.72,33.8,34.44,32.4,47384,46870559.0,6.17,2.18,0.72,1.31
2011-01-28,600095,33.76,34.19,34.8,33.58,54090,54255891.0,3.61,1.15,0.39,1.5
2011-01-31,600095,34.16,34.37,34.55,33.91,38967,39229459.0,1.87,0.53,0.18,1.08
2011-02-01,600095,34.44,34.51,34.91,33.98,46266,46783198.0,2.71,0.41,0.14,1.28
2011-02-09,600095,34.08,36.16,36.31,34.05,103054,107563997.0,6.55,4.78,1.65,2.85
2011-02-10,600095,35.8,37.27,37.6,35.45,91119,97780358.0,5.95,3.07,1.11,2.52
2011-02-11,600095,37.06,37.27,38.74,37.02,108471,119949031.0,4.61,0.0,0.0,3.0
2011-02-14,600095,37.38,38.17,38.74,36.56,115608,128452458.0,5.85,2.41,0.9,3.2
2011-02-15,600095,38.2,39.64,40.03,37.99,155731,178147496.0,5.34,3.85,1.47,4.31
2011-02-16,600095,39.39,43.79,43.79,39.03,314195,383456656.0,12.01,10.47,4.15,8.7
2011-02-17,600095,43.79,43.76,45.62,42.61,479126,611519046.0,6.87,-0.07,-0.03,13.26
2011-02-18,600095,43.4,44.08,44.83,42.57,314148,400941590.0,5.16,0.73,0.32,8.7
2011-02-21,600095,43.36,43.26,45.62,42.97,380183,487272869.0,6.01,-1.86,-0.82,10.52
2011-02-22,600095,42.72,39.53,42.72,39.1,439913,520900531.0,8.37,-8.62,-3.73,12.18
2011-02-23,600095,39.03,39.14,39.39,38.24,189510,214782637.0,2.91,-0.99,-0.39,5.25
2011-02-24,600095,39.39,39.28,39.67,38.56,142818,163608814.0,2.84,0.36,0.14,3.95
2011-02-25,600095,38.99,39.39,39.74,38.67,95047,109174224.0,2.72,0.28,0.11,2.63
2011-02-28,600095,39.42,41.57,41.64,39.06,219224,259156286.0,6.55,5.53,2.18,6.07
2011-03-01,600095,41.46,42.29,42.79,41.21,229517,280925398.0,3.8,1.73,0.72,6.35
2011-03-02,600095,41.86,42.57,42.97,41.32,180002,221924156.0,3.9,0.66,0.28,4.98
2011-03-03,600095,42.57,41.14,42.93,40.75,190323,231424918.0,5.12,-3.36,-1.43,5.27
2011-03-04,600095,41.11,42.22,42.32,40.82,127923,155480888.0,3.65,2.63,1.08,3.54
2011-03-07,600095,42.22,42.25,42.9,41.89,140964,173787340.0,2.39,0.07,0.03,3.9
2011-03-08,600095,42.22,44.37,45.66,41.93,294932,380053822.0,8.83,5.02,2.12,8.16
2011-03-09,600095,44.22,44.97,45.66,43.68,236018,307530412.0,4.46,1.35,0.6,6.53
2011-03-10,600095,44.58,46.8,47.63,44.37,296626,398288924.0,7.25,4.07,1.83,8.21
2011-03-11,600095,46.19,45.48,47.8,45.37,207083,278031552.0,5.19,-2.82,-1.32,5.73
2011-03-14,600095,45.33,44.62,46.37,43.76,184444,240381830.0,5.74,-1.89,-0.86,5.11
2011-03-15,600095,44.4,46.09,46.16,42.86,278822,364496467.0,7.4,3.29,1.47,7.72
2011-03-16,600095,45.94,45.66,46.73,44.8,165746,218974474.0,4.19,-0.93,-0.43,4.59
2011-03-17,600095,45.05,44.97,46.01,44.08,144452,188708161.0,4.23,-1.51,-0.69,4.0
2011-03-18,600095,44.83,47.05,48.06,44.83,303011,410971327.0,7.18,4.63,2.08,8.39
2011-03-21,600095,46.73,46.12,47.59,45.83,139731,188309217.0,3.74,-1.98,-0.93,3.87
2011-03-22,600095,46.19,45.58,46.55,45.15,138119,183507691.0,3.04,-1.17,-0.54,3.82
2011-03-23,600095,45.48,45.01,46.09,44.44,156893,205153232.0,3.62,-1.25,-0.57,4.34
2011-03-24,600095,45.05,45.08,45.87,44.76,104186,136898271.0,2.47,0.16,0.07,2.88
2011-03-25,600095,45.08,45.69,46.3,44.4,135945,179078596.0,4.21,1.35,0.61,3.76
2011-03-28,600095,45.48,40.93,46.37,40.93,438479,542611298.0,11.91,-10.42,-4.76,12.14
2011-03-29,600095,40.03,39.71,40.64,38.85,246849,285870201.0,4.37,-2.98,-1.22,6.83
2011-03-30,600095,39.31,37.85,40.17,36.91,173746,196789892.0,8.21,-4.68,-1.86,4.81
2011-03-31,600095,37.92,37.52,38.06,36.38,192222,210208052.0,4.44,-0.87,-0.33,5.32
2011-04-01,600095,39.21,39.24,40.32,37.99,283760,326615091.0,6.21,4.58,1.72,7.85
2011-04-07,600095,38.49,36.48,38.49,36.16,341018,369720320.0,5.94,-7.03,-2.76,9.44
2011-04-08,600095,36.48,36.91,37.06,35.66,139375,149419634.0,3.84,1.18,0.43,3.86
2011-04-11,600095,36.88,37.74,38.88,36.02,165374,182434747.0,7.75,2.25,0.83,4.58
2011-04-12,600095,37.24,38.24,38.49,36.99,128379,142704675.0,3.97,1.32,0.5,3.55
2011-04-13,600095,38.24,38.06,38.24,37.6,69298,76887689.0,1.67,-0.47,-0.18,1.92
2011-04-14,600095,38.24,37.34,38.63,37.2,115770,128002051.0,3.76,-1.89,-0.72,3.2
2011-04-15,600095,37.45,37.95,38.1,36.88,93621,102970009.0,3.27,1.63,0.61,2.59
2011-04-18,600095,37.77,37.02,37.77,36.88,85807,93428265.0,2.35,-2.45,-0.93,2.38
2011-04-19,600095,36.81,35.41,36.81,35.02,140398,146761604.0,4.84,-4.35,-1.61,3.89
2011-04-20,600095,35.3,35.52,35.95,35.19,70821,73803510.0,2.15,0.31,0.11,1.96
2011-04-21,600095,35.62,36.31,36.52,35.59,76461,81040884.0,2.62,2.22,0.79,2.12
2011-04-22,600095,36.34,35.8,36.34,35.73,55377,58357599.0,1.68,-1.4,-0.51,1.53
2011-04-25,600095,35.84,34.55,35.84,34.37,81302,82907740.0,4.11,-3.49,-1.25,2.25
2011-04-26,600095,34.66,34.62,34.94,34.01,45253,45933347.0,2.69,0.2,0.07,1.25
2011-04-27,600095,34.62,34.48,35.12,34.05,52028,52778322.0,3.09,-0.4,-0.14,1.44
2011-04-28,600095,34.8,32.4,34.91,32.22,83525,81817893.0,7.8,-6.03,-2.08,2.31
2011-04-29,600095,32.44,33.19,33.26,32.44,46469,44998616.0,2.53,2.44,0.79,1.29
2011-05-03,600095,33.22,33.83,33.91,32.94,45936,45091324.0,2.92,1.93,0.64,1.27
2011-05-04,600095,33.8,32.97,33.8,32.29,49833,48417936.0,4.46,-2.54,-0.86,1.38
2011-05-06,600095,32.94,33.08,33.51,32.4,43877,42501711.0,3.37,0.33,0.11,1.21
2011-05-09,600095,33.01,34.62,34.73,33.01,81899,81657146.0,5.2,4.66,1.54,2.27
2011-05-10,600095,34.55,34.41,34.84,34.01,67254,68024880.0,2.4,-0.61,-0.21,1.86
2011-05-11,600095,34.48,34.55,34.98,34.16,67438,68480599.0,2.38,0.41,0.14,1.87
2011-05-12,600095,34.19,33.73,34.87,33.69,58383,58860810.0,3.42,-2.37,-0.82,1.62
2011-05-13,600095,33.58,34.26,34.3,33.12,70654,70061024.0,3.5,1.57,0.53,1.96
2011-05-16,600095,34.66,37.88,37.88,34.66,179914,195745942.0,9.4,10.57,3.62,4.98
2011-05-17,600095,38.67,37.63,39.57,37.56,435350,492135333.0,5.31,-0.66,-0.25,12.05
2011-05-18,600095,36.52,37.06,37.24,35.09,219481,232539881.0,5.71,-1.51,-0.57,6.08
2011-05-19,600095,36.52,37.06,37.95,36.27,155420,168745569.0,4.53,0.0,0.0,4.3
2011-05-20,600095,36.88,35.98,37.02,35.45,112298,118536537.0,4.24,-2.91,-1.08,3.11
2011-05-23,600095,35.8,33.33,35.8,33.19,116356,117193371.0,7.25,-7.37,-2.65,3.22
2011-05-24,600095,32.83,32.97,33.37,31.86,81898,78846895.0,4.53,-1.08,-0.36,2.27
2011-05-25,600095,33.22,32.87,33.83,32.58,54623,53161292.0,3.79,-0.3,-0.1,1.51
2011-05-26,600095,33.05,31.76,33.37,31.51,68379,65424300.0,5.66,-3.38,-1.11,1.89
2011-05-27,600095,31.79,29.96,31.97,29.71,93559,84335133.0,7.12,-5.67,-1.8,2.59
2011-05-30,600095,29.96,29.32,30.25,29.11,44907,39405724.0,3.81,-2.14,-0.64,1.24
2011-05-31,600095,29.39,30.29,30.36,29.36,54568,48255660.0,3.41,3.31,0.97,1.51
2011-06-01,600095,30.36,31.08,31.83,30.14,67089,61743212.0,5.58,2.61,0.79,1.86
2011-06-02,600095,30.47,30.32,30.61,29.71,51731,46191484.0,2.9,-2.45,-0.76,1.43
2011-06-03,600095,30.43,30.86,31.15,30.43,41899,38277288.0,2.37,1.78,0.54,1.16
2011-06-07,600095,30.93,31.33,31.4,30.68,45952,42197050.0,2.33,1.52,0.47,1.27
2011-06-08,600095,31.18,31.33,31.4,30.57,48196,44169418.0,2.65,0.0,0.0,1.33
2011-06-09,600095,31.11,30.82,31.97,30.79,83926,78064705.0,3.77,-1.63,-0.51,2.32
2011-06-10,600095,30.54,30.36,31.04,29.71,56476,50715471.0,4.32,-1.49,-0.46,1.56
2011-06-13,600095,30.25,30.18,30.39,29.46,36616,32455291.0,3.06,-0.59,-0.18,1.01
2011-06-14,600095,30.25,31.15,31.33,30.25,60214,54900647.0,3.58,3.21,0.97,1.67
2011-06-15,600095,31.15,30.54,31.22,30.39,50268,45640698.0,2.66,-1.96,-0.61,1.39
2011-06-16,600095,30.39,30.22,30.5,29.89,42504,37923762.0,2.0,-1.05,-0.32,1.18
2011-06-17,600095,30.65,32.04,33.26,30.5,222744,208571716.0,9.13,6.02,1.82,6.17
2011-06-20,600095,31.58,32.11,32.9,31.25,182718,172419622.0,5.15,0.22,0.07,5.06
2011-06-21,600095,31.68,31.97,32.72,31.47,123318,115907132.0,3.89,-0.44,-0.14,3.41
2011-06-22,600095,31.97,30.57,31.97,30.5,103731,94972772.0,4.6,-4.38,-1.4,2.87
2011-06-23,600095,30.29,30.9,30.97,30.0,70694,63788054.0,3.17,1.08,0.33,1.96
2011-06-24,600095,30.79,31.54,32.04,30.57,96147,89164456.0,4.76,2.07,0.64,2.66
2011-06-27,600095,31.65,32.9,33.91,31.29,161677,155707440.0,8.31,4.31,1.36,4.48
2011-06-28,600095,33.3,33.26,33.33,32.22,116593,112638316.0,3.37,1.09,0.36,3.23
2011-06-29,600095,33.15,32.44,33.76,32.4,117030,114316222.0,4.09,-2.47,-0.82,3.24
2011-06-30,600095,32.26,33.08,33.58,32.22,90803,88210668.0,4.19,1.97,0.64,2.51
2011-07-01,600095,33.12,33.91,34.05,32.83,139665,138357079.0,3.69,2.51,0.83,3.87
2011-07-04,600095,33.87,34.66,34.8,33.48,182371,183346536.0,3.89,2.21,0.75,5.05
2011-07-05,600095,34.66,34.59,34.98,34.19,106814,108369235.0,2.28,-0.2,-0.07,2.96
2011-07-06,600095,34.48,34.84,34.98,33.94,100226,101335119.0,3.01,0.72,0.25,2.77
2011-07-07,600095,34.62,34.51,35.55,34.23,119934,122916719.0,3.79,-0.95,-0.33,3.32
2011-07-08,600095,34.3,34.41,34.59,33.94,77236,77587848.0,1.88,-0.29,-0.1,2.14
2011-07-11,600095,34.59,35.12,35.37,33.87,113859,116696794.0,4.36,2.06,0.71,3.15
2011-07-12,600095,34.91,34.12,34.91,33.8,85485,86224107.0,3.16,-2.85,-1.0,2.37
2011-07-13,600095,34.01,34.66,34.87,33.98,64557,65606218.0,2.61,1.58,0.54,1.79
2011-07-14,600095,34.73,34.41,34.91,33.98,80234,81113845.0,2.68,-0.72,-0.25,2.22
2011-07-15,600095,34.51,34.3,34.87,34.05,97264,98580888.0,2.38,-0.32,-0.11,2.69
2011-07-18,600095,34.48,35.02,35.8,34.16,155472,160406756.0,4.78,2.1,0.72,4.3
2011-07-19,600095,34.77,34.8,35.34,34.41,85456,87530230.0,2.66,-0.63,-0.22,2.37
2011-07-20,600095,34.87,35.95,36.66,34.8,196795,206505145.0,5.34,3.3,1.15,5.45
2011-07-21,600095,35.84,34.19,35.84,34.01,126262,129372168.0,5.09,-4.9,-1.76,3.5
2011-07-22,600095,34.48,34.16,34.73,34.01,63283,63753408.0,2.11,-0.09,-0.03,1.75
2011-07-25,600095,34.23,31.76,34.51,31.15,97803,94458932.0,9.84,-7.03,-2.4,2.71
2011-07-26,600095,31.79,31.25,31.97,30.86,68861,63440815.0,3.49,-1.61,-0.51,1.91
2011-07-27,600095,31.25,31.61,31.68,30.82,51338,47629589.0,2.75,1.15,0.36,1.42
2011-07-28,600095,31.33,31.29,31.76,31.0,45715,42200212.0,2.4,-1.01,-0.32,1.27
2011-07-29,600095,31.18,30.54,31.51,30.36,62838,57018816.0,3.68,-2.4,-0.75,1.74
2011-08-01,600095,30.57,31.04,31.36,30.5,37231,34139699.0,2.82,1.64,0.5,1.03
2011-08-02,600095,30.93,30.54,30.93,29.96,41747,37621856.0,3.13,-1.61,-0.5,1.16
2011-08-04,600095,30.61,30.9,31.08,30.57,32247,29402964.0,1.67,1.18,0.36,0.89
2011-08-05,600095,30.07,29.53,30.14,29.14,53197,46836232.0,3.24,-4.43,-1.37,1.47
2011-08-08,600095,29.0,26.42,29.39,26.42,149456,120198362.0,10.06,-10.53,-3.11,4.14
2011-08-09,600095,25.02,25.67,26.02,23.62,78638,58943415.0,9.08,-2.84,-0.75,2.18
2011-08-10,600095,26.24,25.99,26.81,25.88,66663,52370661.0,3.62,1.25,0.32,1.85
2011-08-11,600095,25.09,26.31,26.35,24.81,53631,41420568.0,5.93,1.23,0.32,1.48
2011-08-12,600095,26.42,26.78,27.06,26.38,56592,45163071.0,2.58,1.79,0.47,1.57
2011-08-15,600095,27.03,28.25,28.46,26.67,88302,72793279.0,6.68,5.49,1.47,2.44
2011-08-16,600095,28.42,27.74,28.96,27.31,81073,67684504.0,5.84,-1.81,-0.51,2.24
2011-08-18,600095,28.1,26.63,28.14,26.49,65020,52328675.0,5.95,-4.0,-1.11,1.8
2011-08-19,600095,25.7,26.56,26.7,25.7,42332,33012134.0,3.76,-0.26,-0.07,1.17
2011-08-22,600095,26.81,26.7,27.17,26.31,38489,30595309.0,3.24,0.53,0.14,1.07
2011-08-23,600095,26.7,27.17,27.24,26.2,47282,37852475.0,3.9,1.76,0.47,1.31
2011-08-24,600095,27.35,27.17,27.78,27.03,47970,39056219.0,2.76,0.0,0.0,1.33
2011-08-25,600095,27.21,27.85,28.21,27.03,70025,57647514.0,4.34,2.5,0.68,1.94
2011-08-26,600095,27.92,27.92,28.46,27.67,61612,51100740.0,2.84,0.25,0.07,1.71
2011-08-29,600095,27.82,27.56,28.25,27.42,47144,38794473.0,2.97,-1.29,-0.36,1.3
2011-08-30,600095,27.89,27.28,28.14,27.21,48286,39893098.0,3.37,-1.02,-0.28,1.34
2011-08-31,600095,27.21,27.03,27.46,26.49,45580,36711539.0,3.56,-0.92,-0.25,1.26
2011-09-01,600095,26.96,26.6,27.28,26.45,40157,32138011.0,3.07,-1.59,-0.43,1.11
2011-09-02,600095,26.49,26.06,26.92,25.88,42253,33077740.0,3.91,-2.03,-0.54,1.17
2011-09-05,600095,25.95,25.45,26.24,25.16,46748,35768978.0,4.14,-2.34,-0.61,1.29
2011-09-06,600095,25.49,25.59,25.99,25.31,32119,24692065.0,2.67,0.55,0.14,0.89
2011-09-07,600095,25.77,26.28,26.31,25.63,38404,29808061.0,2.66,2.7,0.69,1.06
2011-09-08,600095,26.24,25.59,26.45,25.52,34412,26802477.0,3.54,-2.63,-0.69,0.95
2011-09-09,600095,25.63,26.42,26.45,25.63,77902,60775507.0,3.2,3.24,0.83,2.16
2011-09-13,600095,26.45,27.56,28.25,26.42,215142,175401217.0,6.93,4.31,1.14,5.96
2011-09-14,600095,27.42,27.21,27.42,25.95,118835,95060721.0,5.33,-1.27,-0.35,3.29
2011-09-15,600095,27.21,26.81,27.21,26.7,56267,45173389.0,1.87,-1.47,-0.4,1.56
2011-09-16,600095,26.85,26.63,27.13,26.56,41926,33447405.0,2.13,-0.67,-0.18,1.16
2011-09-19,600095,26.17,25.52,26.56,25.42,50332,38836381.0,4.28,-4.17,-1.11,1.39
2011-09-20,600095,25.42,25.56,25.77,25.34,25746,19656363.0,1.68,0.16,0.04,0.71
2011-09-21,600095,25.56,26.24,26.28,24.99,58763,45235645.0,5.05,2.66,0.68,1.63
2011-09-22,600095,25.95,25.09,26.1,24.95,55071,41961367.0,4.38,-4.38,-1.15,1.52
2011-09-23,600095,24.52,24.56,24.81,24.05,37057,27151045.0,3.03,-2.11,-0.53,1.03
2011-09-26,600095,24.52,24.34,24.91,24.2,31758,23353576.0,2.89,-0.9,-0.22,0.88
2011-09-27,600095,24.52,24.66,24.91,24.05,39213,28773278.0,3.53,1.31,0.32,1.09
2011-09-28,600095,24.73,24.27,24.95,24.2,37364,27525543.0,3.04,-1.58,-0.39,1.03
2011-09-29,600095,24.09,22.84,24.27,22.37,70074,49420597.0,7.83,-5.89,-1.43,1.94
2011-09-30,600095,22.91,23.19,23.3,22.48,34383,23792844.0,3.59,1.53,0.35,0.95
2011-10-10,600095,23.27,23.23,23.98,23.02,32013,22477909.0,4.14,0.17,0.04,0.89
2011-10-11,600095,24.09,23.05,24.09,22.73,37637,26557353.0,5.85,-0.77,-0.18,1.04
2011-10-12,600095,22.73,24.38,24.56,22.62,70812,50662190.0,8.42,5.77,1.33,1.96
2011-10-13,600095,24.23,24.66,24.7,24.16,80048,58832878.0,2.21,1.15,0.28,2.22
2011-10-14,600095,24.48,24.63,24.88,24.23,51829,38187414.0,2.64,-0.12,-0.03,1.43
2011-10-17,600095,24.52,26.13,26.67,24.52,174486,132894243.0,8.73,6.09,1.5,4.83
2011-10-18,600095,25.74,26.17,26.38,25.27,216170,166014813.0,4.25,0.15,0.04,5.98
2011-10-19,600095,25.99,26.28,26.31,25.06,199762,154247870.0,4.78,0.42,0.11,5.53
2011-10-20,600095,26.1,26.56,26.67,25.52,225675,175773561.0,4.38,1.07,0.28,6.25
2011-10-21,600095,26.38,26.53,29.25,25.77,325187,262914115.0,13.1,-0.11,-0.03,9.0
2011-10-24,600095,26.28,26.35,26.49,24.41,186223,142809807.0,7.84,-0.68,-0.18,5.15
2011-10-25,600095,25.95,26.49,27.13,25.24,201118,156625709.0,7.17,0.53,0.14,5.57
2011-10-26,600095,26.13,25.85,26.24,25.52,151019,116916749.0,2.72,-2.42,-0.64,4.18
2011-10-27,600095,25.85,27.28,27.49,25.45,233777,186575475.0,7.89,5.53,1.43,6.47
2011-10-28,600095,27.56,27.53,28.1,26.92,210847,172683967.0,4.33,0.92,0.25,5.84
2011-10-31,600095,27.31,27.56,27.64,26.85,125890,102005655.0,2.87,0.11,0.03,3.48
2011-11-01,600095,27.24,27.35,28.07,27.06,116780,95728994.0,3.66,-0.76,-0.21,3.23
2011-11-02,600095,26.85,27.39,27.53,26.31,114584,91791430.0,4.46,0.15,0.04,3.17
2011-11-03,600095,27.56,27.39,28.1,27.21,152637,125259650.0,3.25,0.0,0.0,4.23
2011-11-04,600095,27.39,27.31,27.56,26.85,114066,92441805.0,2.59,-0.29,-0.08,3.16
2011-11-07,600095,27.28,26.6,27.49,26.56,90322,72625828.0,3.41,-2.6,-0.71,2.5
2011-11-08,600095,26.6,26.2,26.99,26.13,82001,64954312.0,3.23,-1.5,-0.4,2.27
2011-11-09,600095,26.24,26.53,26.78,26.1,65065,51263886.0,2.6,1.26,0.33,1.8
2011-11-10,600095,26.2,25.52,26.31,25.52,97874,75526221.0,2.98,-3.81,-1.01,2.71
2011-11-11,600095,25.52,25.67,25.95,25.13,70335,53627777.0,3.21,0.59,0.15,1.95
2011-11-14,600095,25.77,26.28,26.31,25.77,71590,55735244.0,2.1,2.38,0.61,1.98
2011-11-15,600095,26.28,26.45,26.49,26.06,55893,43825565.0,1.64,0.65,0.17,1.55
2011-11-16,600095,26.42,26.17,27.1,26.1,139428,110556598.0,3.78,-1.06,-0.28,3.86
2011-11-17,600095,26.63,26.74,27.78,26.63,191984,155112943.0,4.39,2.18,0.57,5.31
2011-11-18,600095,26.13,24.7,26.31,24.52,124015,93966963.0,6.69,-7.63,-2.04,3.43
2011-11-21,600095,24.56,24.63,24.81,24.3,43273,31788102.0,2.06,-0.28,-0.07,1.2
2011-11-22,600095,24.48,24.34,24.56,23.91,41219,29933882.0,2.64,-1.18,-0.29,1.14
2011-11-23,600095,24.34,24.13,24.56,24.05,35261,25697853.0,2.1,-0.86,-0.21,0.98
2011-11-24,600095,23.98,23.62,23.98,23.19,57558,40762582.0,3.27,-2.11,-0.51,1.59
2011-11-25,600095,23.62,23.98,24.02,23.41,42233,30015203.0,2.58,1.52,0.36,1.17
2011-11-28,600095,23.84,23.52,24.16,23.52,37778,26994290.0,2.67,-1.92,-0.46,1.05
2011-11-29,600095,23.62,23.95,24.09,23.62,40782,29227464.0,2.0,1.83,0.43,1.13
2011-11-30,600095,23.95,22.51,23.95,22.19,65507,45275290.0,7.35,-6.01,-1.44,1.81
2011-12-01,600095,23.16,22.87,23.45,22.66,56997,39834412.0,3.51,1.6,0.36,1.58
2011-12-02,600095,22.62,22.91,23.16,22.62,36377,25117071.0,2.36,0.17,0.04,1.01
2011-12-06,600095,22.05,21.98,22.69,21.33,46590,30775293.0,5.94,-4.06,-0.93,1.29
2011-12-07,600095,21.98,21.65,22.3,21.55,28562,18859888.0,3.41,-1.5,-0.33,0.79
2011-12-08,600095,21.65,21.69,21.98,21.44,27269,17880807.0,2.49,0.18,0.04,0.75
2011-12-09,600095,21.4,21.33,21.8,21.26,20475,13315978.0,2.49,-1.66,-0.36,0.57
2011-12-12,600095,21.3,20.08,21.65,19.93,66239,41112273.0,8.06,-5.86,-1.25,1.83
2011-12-13,600095,19.93,18.39,20.01,18.32,62699,36311614.0,8.42,-8.42,-1.69,1.74
2011-12-14,600095,18.32,18.04,18.86,17.89,55010,30999459.0,5.27,-1.9,-0.35,1.52
2011-12-15,600095,18.04,17.07,18.04,16.85,59829,31915751.0,6.6,-5.38,-0.97,1.66
2011-12-16,600095,17.07,17.61,17.61,16.93,47796,25424881.0,3.98,3.16,0.54,1.32
2011-12-19,600095,17.53,17.46,17.64,16.96,44979,24003644.0,3.86,-0.85,-0.15,1.25
2011-12-20,600095,17.39,17.43,17.86,17.36,49597,26854792.0,2.86,-0.17,-0.03,1.37
2011-12-21,600095,17.64,16.78,17.71,16.75,45886,24537072.0,5.51,-3.73,-0.65,1.27
2011-12-22,600095,16.5,16.1,16.64,15.31,80725,39801419.0,7.93,-4.05,-0.68,2.23
2011-12-23,600095,16.1,16.24,16.57,15.92,43640,21989032.0,4.04,0.87,0.14,1.21
2011-12-26,600095,16.14,16.21,16.46,15.99,50152,25352040.0,2.89,-0.18,-0.03,1.39
2011-12-27,600095,16.17,15.99,16.21,15.78,38312,19051907.0,2.65,-1.36,-0.22,1.06
2011-12-28,600095,16.53,16.24,16.82,15.49,85962,43401196.0,8.32,1.56,0.25,2.38
2011-12-29,600095,15.71,15.89,16.17,15.42,46710,23080053.0,4.62,-2.16,-0.35,1.29
2011-12-30,600095,15.85,16.39,16.6,15.85,37176,18639275.0,4.72,3.15,0.5,1.03
2012-01-04,600095,16.6,15.64,16.64,15.56,40984,20576350.0,6.59,-4.58,-0.75,1.13
2012-01-05,600095,15.56,14.67,15.6,14.49,47262,22138981.0,7.1,-6.2,-0.97,1.31
2012-01-06,600095,14.6,14.92,14.99,14.17,34255,15605950.0,5.59,1.7,0.25,0.95
2012-01-09,600095,14.85,15.78,15.81,14.67,46799,22454569.0,7.64,5.76,0.86,1.3
2012-01-10,600095,15.78,16.6,16.67,15.64,91802,46380615.0,6.53,5.2,0.82,2.54
2012-01-11,600095,16.64,16.93,17.32,16.39,101140,52639861.0,5.6,1.99,0.33,2.8
2012-01-12,600095,16.75,16.82,17.28,16.67,72934,38248169.0,3.6,-0.65,-0.11,2.02
2012-01-13,600095,17.03,15.78,17.03,15.74,74921,37597912.0,7.67,-6.18,-1.04,2.07
2012-01-16,600095,15.6,15.31,15.96,15.28,30135,14663586.0,4.31,-2.98,-0.47,0.83
2012-01-17,600095,15.31,16.35,16.42,15.24,53104,26294681.0,7.71,6.79,1.04,1.47
2012-01-18,600095,16.5,16.03,16.64,15.96,54736,27774813.0,4.16,-1.96,-0.32,1.52
2012-01-19,600095,16.03,16.28,16.42,15.81,38080,19162368.0,3.81,1.56,0.25,1.05
2012-01-20,600095,16.14,16.42,16.6,16.14,33943,17307145.0,2.83,0.86,0.14,0.94
2012-01-30,600095,16.53,16.5,16.82,16.32,53541,27486571.0,3.05,0.49,0.08,1.48
2012-01-31,600095,16.5,16.46,16.53,16.17,27407,13874267.0,2.18,-0.24,-0.04,0.76
2012-02-01,600095,16.46,16.57,16.75,16.35,35956,18438291.0,2.43,0.67,0.11,1.0
2012-02-02,600095,16.67,16.93,16.93,16.57,60501,31449267.0,2.17,2.17,0.36,1.67
2012-02-06,600095,17.61,17.68,18.54,17.28,160639,88340990.0,7.44,4.43,0.75,4.45
2012-02-07,600095,17.5,17.18,17.53,17.03,62608,33185732.0,2.83,-2.83,-0.5,1.73
2012-02-08,600095,17.1,17.64,17.64,16.93,64682,34683909.0,4.13,2.68,0.46,1.79
2012-02-09,600095,17.61,17.79,17.93,17.39,73237,39935461.0,3.06,0.85,0.15,2.03
2012-02-10,600095,17.79,17.86,17.96,17.57,62292,34078140.0,2.19,0.39,0.07,1.72
2012-02-13,600095,17.64,18.32,18.47,17.46,103662,57917992.0,5.66,2.58,0.46,2.87
2012-02-14,600095,18.36,18.18,18.39,17.89,74274,41298157.0,2.73,-0.76,-0.14,2.06
2012-02-15,600095,18.11,18.72,18.97,17.93,124424,70549285.0,5.72,2.97,0.54,3.44
2012-02-16,600095,18.61,19.36,20.33,18.54,199316,118144575.0,9.56,3.42,0.64,5.52
2012-02-17,600095,19.18,19.04,19.47,18.68,91596,53168009.0,4.08,-1.65,-0.32,2.54
2012-02-20,600095,19.25,18.86,19.29,18.75,78634,45669324.0,2.84,-0.95,-0.18,2.18
2012-02-21,600095,18.9,18.97,19.04,18.25,74684,42586552.0,4.19,0.58,0.11,2.07
2012-02-22,600095,18.97,19.22,19.25,18.72,75935,44150570.0,2.79,1.32,0.25,2.1
2012-02-23,600095,19.15,19.36,19.47,18.97,80899,47596516.0,2.6,0.73,0.14,2.24
2012-02-24,600095,19.29,19.43,19.54,19.11,81281,47955524.0,2.22,0.36,0.07,2.25
2012-02-27,600095,19.43,19.47,19.97,19.43,109917,66128360.0,2.78,0.21,0.04,3.04
2012-02-28,600095,19.29,19.11,19.43,18.79,87969,51436864.0,3.29,-1.85,-0.36,2.44
2012-02-29,600095,19.04,18.64,19.07,18.61,52344,30102775.0,2.41,-2.46,-0.47,1.45
2012-03-01,600095,18.57,18.79,18.97,18.5,48440,27842600.0,2.52,0.8,0.15,1.34
2012-03-02,600095,18.9,19.22,19.25,18.82,54646,31834834.0,2.29,2.29,0.43,1.51
2012-03-05,600095,19.4,19.22,19.47,19.07,60587,35602265.0,2.08,0.0,0.0,1.68
2012-03-06,600095,19.18,18.72,19.18,18.64,58082,33464215.0,2.81,-2.6,-0.5,1.61
2012-03-07,600095,18.5,18.86,19.18,18.43,70888,41056809.0,4.01,0.75,0.14,1.96
2012-03-08,600095,18.9,19.58,19.58,18.79,96336,56762296.0,4.19,3.82,0.72,2.67
2012-03-09,600095,19.68,19.61,19.86,19.36,100733,60232492.0,2.55,0.15,0.03,2.79
2012-03-12,600095,19.61,19.97,20.33,19.58,125288,76199002.0,3.82,1.84,0.36,3.47
2012-03-13,600095,20.04,20.15,20.36,19.68,108535,66118951.0,3.41,0.9,0.18,3.0
2012-03-14,600095,20.29,18.68,20.33,18.43,139879,83108304.0,9.43,-7.3,-1.47,3.87
2012-03-15,600095,18.61,18.07,18.82,17.71,82551,46236825.0,5.94,-3.27,-0.61,2.29
2012-03-16,600095,18.25,19.65,19.86,18.18,119179,69149126.0,9.3,8.74,1.58,3.3
2012-03-19,600095,19.65,20.72,21.12,19.4,281378,175213045.0,8.75,5.45,1.07,7.79
2012-03-20,600095,20.54,20.36,20.72,19.86,129257,79836886.0,4.15,-1.74,-0.36,3.58
2012-03-21,600095,20.4,21.44,21.47,19.97,206230,130500074.0,7.37,5.3,1.08,5.71
2012-03-22,600095,21.37,20.83,21.8,20.65,136921,87377346.0,5.36,-2.85,-0.61,3.79
2012-03-23,600095,20.69,20.11,20.69,19.68,104245,63685559.0,4.85,-3.46,-0.72,2.89
2012-03-26,600095,20.01,19.97,20.15,19.47,59612,35914982.0,3.38,-0.7,-0.14,1.65
2012-03-27,600095,20.08,19.68,20.19,19.65,54434,33057150.0,2.7,-1.45,-0.29,1.51
2012-03-28,600095,19.54,18.75,19.54,18.72,87843,51184253.0,4.17,-4.73,-0.93,2.43
2012-03-29,600095,18.39,18.47,19.54,18.39,111672,64923046.0,6.13,-1.49,-0.28,3.09
2012-03-30,600095,18.47,20.51,20.51,18.43,177100,108496314.0,11.26,11.04,2.04,4.9
2012-04-05,600095,21.3,21.4,21.76,20.29,397557,254253886.0,7.17,4.34,0.89,11.0
2012-04-06,600095,21.12,21.87,22.69,20.87,378057,250033227.0,8.5,2.2,0.47,10.46
2012-04-09,600095,21.47,22.12,22.33,21.19,275027,181924826.0,5.21,1.14,0.25,7.61
2012-04-10,600095,21.76,23.45,23.91,20.69,331185,222111939.0,14.56,6.01,1.33,9.17
2012-04-11,600095,22.69,23.77,24.63,22.44,440100,313119744.0,9.34,1.36,0.32,12.18
2012-04-12,600095,23.27,23.48,23.95,22.91,316440,222192525.0,4.38,-1.22,-0.29,8.76
2012-04-13,600095,23.48,23.02,23.62,22.76,261021,181542648.0,3.66,-1.96,-0.46,7.23
2012-04-16,600095,22.69,25.49,25.49,22.41,312810,234195961.0,13.38,10.73,2.47,8.66
2012-04-17,600095,26.85,24.3,27.85,24.23,697069,544321040.0,14.2,-4.67,-1.19,19.3
2012-04-18,600095,23.62,25.59,26.78,22.73,536787,399445840.0,16.67,5.31,1.29,14.86
2012-04-19,600095,25.13,24.45,25.85,23.55,376170,276969760.0,8.99,-4.45,-1.14,10.41
2012-04-20,600095,23.98,24.66,25.81,23.8,338425,252925704.0,8.22,0.86,0.21,9.37
2012-04-23,600095,24.27,24.91,25.81,24.02,294505,221689363.0,7.26,1.01,0.25,8.15
2012-04-24,600095,24.34,27.6,27.6,23.98,436171,337488816.0,14.53,10.8,2.69,12.07
2012-04-25,600095,30.54,30.54,30.54,29.11,309306,277491984.0,5.18,10.65,2.94,8.56
2012-04-26,600095,33.76,29.75,33.76,29.64,905836,854984192.0,13.49,-2.59,-0.79,25.07
2012-04-27,600095,28.53,26.96,28.93,26.88,499282,413978352.0,6.89,-9.38,-2.79,13.82
2012-05-02,600095,26.99,27.42,28.1,25.92,401480,323589808.0,8.09,1.71,0.46,11.11
2012-05-03,600095,26.88,27.06,27.92,26.78,282724,229029862.0,4.16,-1.31,-0.36,7.83
2012-05-04,600095,26.53,26.28,27.49,26.13,288961,230563288.0,5.03,-2.88,-0.78,8.0
2012-05-07,600095,25.77,26.17,26.7,25.56,190691,148749630.0,4.34,-0.42,-0.11,5.28
2012-05-08,600095,26.1,26.38,27.1,25.95,211314,166492593.0,4.39,0.8,0.21,5.85
2012-05-09,600095,25.88,26.96,27.35,25.74,254576,201258198.0,6.1,2.2,0.58,7.05
2012-05-10,600095,27.21,26.31,28.03,26.17,224723,180247043.0,6.9,-2.41,-0.65,6.22
2012-05-11,600095,26.24,26.06,27.03,25.85,170239,134122294.0,4.48,-0.95,-0.25,4.71
2012-05-14,600095,26.24,26.06,26.74,25.81,105555,82814323.0,3.57,0.0,0.0,2.92
2012-05-15,600095,25.85,25.02,26.42,24.05,199056,149892587.0,9.09,-3.99,-1.04,5.51
2012-05-16,600095,25.09,24.45,25.42,24.34,114603,85064834.0,4.32,-2.28,-0.57,3.17
2012-05-18,600095,24.81,23.55,25.77,23.02,207875,151860954.0,11.25,-3.68,-0.9,5.75
2012-05-21,600095,23.09,23.59,23.8,22.84,103832,72905474.0,4.08,0.17,0.04,2.87
2012-05-22,600095,23.62,23.7,23.95,23.45,71128,50531621.0,2.12,0.47,0.11,1.97
2012-05-23,600095,23.52,23.98,24.45,23.45,146668,105378774.0,4.22,1.18,0.28,4.06
2012-05-24,600095,23.98,23.37,23.98,23.27,92248,65360753.0,2.96,-2.54,-0.61,2.55
2012-05-25,600095,23.23,23.27,23.66,23.09,73644,51839814.0,2.44,-0.43,-0.1,2.04
2012-05-28,600095,23.23,24.13,24.27,23.09,130934,93774701.0,5.07,3.7,0.86,3.62
2012-05-29,600095,23.98,23.95,24.13,23.48,121472,86849516.0,2.69,-0.75,-0.18,3.36
2012-05-30,600095,23.91,23.77,24.02,23.66,76673,54756522.0,1.5,-0.75,-0.18,2.12
2012-05-31,600095,23.55,23.37,23.66,23.09,99224,69664773.0,2.4,-1.68,-0.4,2.75
2012-06-01,600095,23.34,22.87,23.87,22.87,219117,153234688.0,4.28,-2.14,-0.5,6.07
2012-06-04,600095,21.83,21.15,22.12,21.12,159531,103817571.0,4.37,-7.52,-1.72,4.42
2012-06-05,600095,21.3,21.08,21.37,20.87,61232,39188915.0,2.36,-0.33,-0.07,1.69
2012-06-06,600095,21.26,20.69,21.26,20.44,64109,40528721.0,3.89,-1.85,-0.39,1.77
2012-06-07,600095,20.94,20.97,21.08,20.51,76139,48162371.0,2.75,1.35,0.28,2.11
2012-06-08,600095,21.01,20.65,21.22,20.62,58611,37242050.0,2.86,-1.53,-0.32,1.62
2012-06-11,600095,20.69,20.87,21.15,20.19,81482,51198314.0,4.65,1.07,0.22,2.26
2012-06-12,600095,20.72,20.62,20.97,20.54,51556,32410569.0,2.06,-1.2,-0.25,1.43
2012-06-13,600095,20.62,21.08,21.15,20.62,69743,44314361.0,2.57,2.23,0.46,1.93
2012-06-14,600095,20.94,20.51,21.04,20.33,67068,42197063.0,3.37,-2.7,-0.57,1.86
2012-06-15,600095,20.36,20.22,20.65,19.97,65020,40120238.0,3.32,-1.41,-0.29,1.8
2012-06-18,600095,20.36,20.22,20.44,20.04,58368,35948036.0,1.98,0.0,0.0,1.62
2012-06-19,600095,20.19,20.47,20.69,19.97,77316,47830345.0,3.56,1.24,0.25,2.14
2012-06-20,600095,20.36,20.19,20.72,20.15,68626,42525391.0,2.78,-1.37,-0.28,1.9
2012-06-21,600095,20.11,20.22,20.65,19.79,86036,52975767.0,4.26,0.15,0.03,2.38
2012-06-25,600095,19.93,19.04,20.11,18.97,74061,44044877.0,5.64,-5.84,-1.18,2.05
2012-06-26,600095,19.0,19.43,19.61,18.82,59139,34849756.0,4.15,2.05,0.39,1.64
2012-06-27,600095,19.54,19.33,19.9,19.25,47719,28464935.0,3.35,-0.51,-0.1,1.32
2012-06-28,600095,19.29,19.07,19.86,19.0,67798,40415203.0,4.45,-1.35,-0.26,1.88
2012-06-29,600095,18.82,18.82,18.9,17.89,55809,31554424.0,5.3,-1.31,-0.25,1.54
2012-07-02,600095,18.72,19.07,19.22,18.72,34720,20123439.0,2.66,1.33,0.25,0.96
2012-07-03,600095,19.0,18.97,19.33,18.86,35892,20960650.0,2.46,-0.52,-0.1,0.99
2012-07-04,600095,18.97,18.79,19.15,18.61,33280,19207340.0,2.85,-0.95,-0.18,0.92
2012-07-05,600095,18.82,18.14,18.82,18.0,33522,18809409.0,4.36,-3.46,-0.65,0.93
2012-07-06,600095,18.21,18.18,18.32,17.57,44118,24410651.0,4.13,0.22,0.04,1.22
2012-07-09,600095,18.0,19.93,20.19,17.71,233692,138428684.0,13.64,9.63,1.75,6.47
2012-07-10,600095,19.93,19.25,19.93,19.15,103885,61554985.0,3.91,-3.41,-0.68,2.88
2012-07-11,600095,20.15,18.68,20.19,18.29,142533,82328010.0,9.87,-2.96,-0.57,3.95
2012-07-12,600095,18.29,18.72,18.93,17.82,74036,41963204.0,5.94,0.21,0.04,2.05
2012-07-13,600095,18.61,18.25,18.72,18.18,56273,31705819.0,2.88,-2.51,-0.47,1.56
2012-07-16,600095,18.25,16.75,18.39,16.6,88980,47217389.0,9.81,-8.22,-1.5,2.46
2012-07-17,600095,16.53,17.32,17.53,16.5,48023,25231143.0,6.15,3.4,0.57,1.33
2012-07-18,600095,17.18,17.53,17.53,16.85,44293,23541194.0,3.93,1.21,0.21,1.23
2012-07-19,600095,17.43,18.47,18.64,17.32,112697,62821795.0,7.53,5.36,0.94,3.12
2012-07-20,600095,18.25,17.89,19.22,17.61,127381,71693365.0,8.72,-3.14,-0.58,3.53
2012-07-23,600095,17.71,17.28,17.75,16.89,69221,37132020.0,4.81,-3.41,-0.61,1.92
2012-07-24,600095,17.14,17.89,18.14,16.75,86848,47535144.0,8.04,3.53,0.61,2.4
2012-07-25,600095,17.64,18.32,18.32,17.57,104274,57859276.0,4.19,2.4,0.43,2.89
2012-07-26,600095,18.36,18.36,18.57,18.07,63155,35376168.0,2.73,0.22,0.04,1.75
2012-07-27,600095,18.36,18.54,19.58,18.11,229691,131583629.0,8.01,0.98,0.18,6.36
2012-07-30,600095,18.54,17.0,18.54,16.82,119834,64390461.0,9.28,-8.31,-1.54,3.32
2012-07-31,600095,16.82,16.57,17.14,16.46,67924,35310738.0,4.0,-2.53,-0.43,1.88
2012-08-01,600095,16.57,16.96,17.14,16.5,45367,23720244.0,3.86,2.35,0.39,1.26
2012-08-02,600095,16.96,16.67,17.03,16.5,41397,21445889.0,3.13,-1.71,-0.29,1.15
2012-08-03,600095,16.64,16.89,16.89,16.5,39416,20357659.0,2.34,1.32,0.22,1.09
2012-08-06,600095,16.78,17.28,17.39,16.67,53437,28214655.0,4.26,2.31,0.39,1.48
2012-08-07,600095,17.25,17.82,17.96,17.1,82204,44614360.0,4.98,3.13,0.54,2.28
2012-08-08,600095,17.64,17.71,17.82,17.5,71759,38964895.0,1.8,-0.62,-0.11,1.99
2012-08-09,600095,17.64,17.93,18.0,17.46,89488,48957901.0,3.05,1.24,0.22,2.48
2012-08-10,600095,17.89,18.11,18.86,17.75,129965,72790292.0,6.19,1.0,0.18,3.6
2012-08-13,600095,17.89,17.18,18.04,17.14,80756,43735142.0,4.97,-5.14,-0.93,2.24
2012-08-14,600095,17.03,17.68,18.07,16.75,70869,38083159.0,7.68,2.91,0.5,1.96
2012-08-15,600095,17.57,17.21,17.57,17.14,48516,25880914.0,2.43,-2.66,-0.47,1.34
2012-08-16,600095,17.18,17.14,17.28,16.96,25785,13640873.0,1.86,-0.41,-0.07,0.71
2012-08-17,600095,17.14,17.36,17.36,17.0,22631,12000385.0,2.1,1.28,0.22,0.63
2012-08-20,600095,17.32,17.46,17.53,16.96,26150,13950733.0,3.28,0.58,0.1,0.72
2012-08-21,600095,17.46,17.68,17.79,17.25,42531,23038273.0,3.09,1.26,0.22,1.18
2012-08-22,600095,17.71,17.61,17.86,17.32,48609,26310949.0,3.05,-0.4,-0.07,1.35
2012-08-23,600095,17.53,17.64,17.79,17.25,48786,26396044.0,3.07,0.17,0.03,1.35
2012-08-24,600095,17.64,17.75,18.04,17.43,85631,46839159.0,3.46,0.62,0.11,2.37
2012-08-27,600095,17.71,16.71,17.71,16.6,59218,31041158.0,6.25,-5.86,-1.04,1.64
2012-08-28,600095,16.57,16.82,17.0,16.53,30154,15651222.0,2.81,0.66,0.11,0.83
2012-08-29,600095,16.75,16.67,16.89,16.6,24065,12456179.0,1.72,-0.89,-0.15,0.67
2012-08-30,600095,16.67,16.1,16.82,15.78,45980,23194820.0,6.24,-3.42,-0.57,1.27
2012-08-31,600095,15.96,15.99,16.24,15.92,21831,10894898.0,1.99,-0.68,-0.11,0.6
2012-09-03,600095,15.99,16.24,16.32,15.67,25809,12936617.0,4.07,1.56,0.25,0.71
2012-09-04,600095,16.24,15.92,16.35,15.89,23492,11762914.0,2.83,-1.97,-0.32,0.65
2012-09-05,600095,15.89,15.99,16.17,15.74,20805,10332186.0,2.7,0.44,0.07,0.58
2012-09-06,600095,16.07,16.39,16.64,15.99,37613,19023474.0,4.07,2.5,0.4,1.04
2012-09-07,600095,16.42,17.0,17.18,16.39,72069,37555244.0,4.82,3.72,0.61,1.99
2012-09-10,600095,17.0,17.25,17.43,16.82,67164,35504868.0,3.59,1.47,0.25,1.86
2012-09-11,600095,17.1,17.03,17.1,16.82,44564,23349907.0,1.62,-1.28,-0.22,1.23
2012-09-12,600095,17.03,17.28,17.43,16.89,64227,34090580.0,3.17,1.47,0.25,1.78
2012-09-13,600095,17.28,17.07,17.68,17.03,114275,61447755.0,3.76,-1.22,-0.21,3.16
2012-09-14,600095,17.18,17.39,17.57,17.07,81108,43334993.0,2.93,1.87,0.32,2.25
2012-09-17,600095,17.46,16.46,18.0,16.42,119592,63462109.0,9.09,-5.35,-0.93,3.31
2012-09-18,600095,16.24,16.17,16.46,16.1,42568,21470916.0,2.19,-1.76,-0.29,1.18
2012-09-19,600095,16.17,16.35,16.5,16.17,25878,13114734.0,2.04,1.11,0.18,0.72
2012-09-20,600095,16.39,16.1,16.6,16.03,46006,23263774.0,3.49,-1.53,-0.25,1.27
2012-09-21,600095,16.03,15.89,16.28,15.85,37548,18691438.0,2.67,-1.3,-0.21,1.04
2012-09-24,600095,16.1,16.24,16.5,16.03,48989,24718596.0,2.96,2.2,0.35,1.36
2012-09-25,600095,16.1,15.89,16.24,15.85,36198,17956543.0,2.4,-2.16,-0.35,1.0
2012-09-26,600095,15.89,15.28,15.99,15.21,33686,16276373.0,4.91,-3.84,-0.61,0.93
2012-09-27,600095,15.38,15.49,15.71,15.06,37271,17969859.0,4.25,1.37,0.21,1.03
2012-09-28,600095,15.35,15.85,16.07,15.28,40534,19802694.0,5.1,2.32,0.36,1.12
2012-10-08,600095,15.89,15.78,15.92,15.53,26627,13014807.0,2.46,-0.44,-0.07,0.74
2012-10-09,600095,15.85,16.75,17.0,15.74,115967,59387030.0,7.98,6.15,0.97,3.21
2012-10-10,600095,16.64,16.71,16.71,16.46,61866,31755061.0,1.49,-0.24,-0.04,1.71
2012-10-11,600095,16.57,16.35,16.89,16.35,44979,23102706.0,3.23,-2.15,-0.36,1.25
2012-10-12,600095,16.35,17.21,18.11,16.35,265222,141763839.0,10.76,5.26,0.86,7.34
2012-10-15,600095,17.0,17.18,17.21,16.32,112887,58308960.0,5.17,-0.17,-0.03,3.12
2012-10-16,600095,16.82,17.21,17.46,16.78,74141,39331948.0,3.96,0.17,0.03,2.05
2012-10-17,600095,17.18,17.1,17.28,16.78,47880,25143957.0,2.91,-0.64,-0.11,1.33
2012-10-18,600095,17.07,17.36,17.68,16.96,184746,98952203.0,4.21,1.52,0.26,5.11
2012-10-19,600095,17.1,16.96,17.18,16.85,80271,42122923.0,1.9,-2.3,-0.4,2.22
2012-10-22,600095,16.89,16.85,16.93,16.64,41273,21412130.0,1.71,-0.65,-0.11,1.14
2012-10-23,600095,16.96,16.71,17.21,16.67,49661,26015707.0,3.2,-0.83,-0.14,1.37
2012-10-24,600095,16.6,16.82,17.03,16.6,38118,19800727.0,2.57,0.66,0.11,1.06
2012-10-25,600095,16.82,16.57,17.0,16.57,37190,19281496.0,2.56,-1.49,-0.25,1.03
2012-10-26,600095,16.53,15.81,16.6,15.74,50714,25368397.0,5.19,-4.59,-0.76,1.4
2012-10-29,600095,15.81,15.74,15.99,15.67,19979,9836644.0,2.02,-0.44,-0.07,0.55
2012-10-30,600095,15.78,15.81,15.92,15.67,20339,9985834.0,1.59,0.44,0.07,0.56
2012-10-31,600095,15.81,15.67,15.85,15.49,27400,13310916.0,2.28,-0.89,-0.14,0.76
2012-11-01,600095,15.67,16.14,16.21,15.67,34982,17387789.0,3.45,3.0,0.47,0.97
2012-11-02,600095,16.14,16.35,16.39,16.03,36478,18374612.0,2.23,1.3,0.21,1.01
2012-11-05,600095,16.46,16.32,16.57,16.21,24249,12285550.0,2.2,-0.18,-0.03,0.67
2012-11-06,600095,16.35,16.1,16.39,15.81,25903,12896975.0,3.55,-1.35,-0.22,0.72
2012-11-07,600095,16.1,16.14,16.32,16.07,25895,13003487.0,1.55,0.25,0.04,0.72
2012-11-08,600095,15.99,15.85,16.75,15.81,49311,24821846.0,5.82,-1.8,-0.29,1.36
2012-11-09,600095,15.67,15.6,15.96,15.53,31137,15240731.0,2.71,-1.58,-0.25,0.86
2012-11-12,600095,15.64,15.96,15.96,15.64,20415,10041974.0,2.05,2.31,0.36,0.57
2012-11-13,600095,15.96,15.64,16.03,15.6,20967,10270511.0,2.69,-2.01,-0.32,0.58
2012-11-14,600095,15.81,15.89,16.03,15.56,26974,13273877.0,3.01,1.6,0.25,0.75
2012-11-15,600095,15.74,15.42,16.17,15.38,28756,14182483.0,4.97,-2.96,-0.47,0.8
2012-11-16,600095,15.49,15.28,15.6,15.06,22587,10783746.0,3.5,-0.91,-0.14,0.63
2012-11-19,600095,15.24,15.6,15.6,15.17,23896,11478834.0,2.81,2.09,0.32,0.66
2012-11-20,600095,15.67,15.53,15.67,15.38,15024,7277302.0,1.86,-0.45,-0.07,0.42
2012-11-21,600095,15.38,15.6,15.64,15.17,21150,10175316.0,3.03,0.45,0.07,0.59
2012-11-22,600095,15.49,16.07,16.28,15.38,83794,41660003.0,5.77,3.01,0.47,2.32
2012-11-23,600095,16.07,15.92,16.35,15.85,53527,26728921.0,3.11,-0.93,-0.15,1.48
2012-11-26,600095,15.85,15.85,15.99,15.67,23098,11344751.0,2.01,-0.44,-0.07,0.64
2012-11-27,600095,15.85,15.28,15.89,15.17,27294,13128741.0,4.54,-3.6,-0.57,0.76
2012-11-28,600095,15.24,15.24,15.38,14.81,36082,17031151.0,3.73,-0.26,-0.04,1.0
2012-11-29,600095,15.42,15.31,15.53,15.1,22246,10644214.0,2.82,0.46,0.07,0.62
2012-11-30,600095,15.21,15.46,15.56,15.1,46767,22340811.0,3.0,0.98,0.15,1.29
2012-12-03,600095,15.28,15.17,15.46,14.67,46868,22052958.0,5.11,-1.88,-0.29,1.3
2012-12-04,600095,14.99,15.13,15.28,14.67,40169,18829488.0,4.02,-0.26,-0.04,1.11
2012-12-05,600095,15.03,16.03,16.28,14.99,105752,52009252.0,8.53,5.95,0.9,2.93
2012-12-06,600095,15.96,15.74,15.96,15.6,57139,28076966.0,2.25,-1.81,-0.29,1.58
2012-12-07,600095,15.74,16.53,16.75,15.64,177002,89772096.0,7.05,5.02,0.79,4.9
2012-12-10,600095,16.6,17.86,18.21,16.32,336863,180544732.0,11.43,8.05,1.33,9.32
2012-12-11,600095,17.36,17.5,17.71,17.25,289004,155699372.0,2.58,-2.02,-0.36,8.0
2012-12-12,600095,17.36,18.47,18.97,17.03,299166,164170143.0,11.09,5.54,0.97,8.28
2012-12-13,600095,17.93,18.18,18.43,17.75,275783,152774659.0,3.68,-1.57,-0.29,7.63
2012-12-14,600095,18.04,18.72,20.01,17.64,331168,189225864.0,13.04,2.97,0.54,9.17
2012-12-17,600095,18.47,18.25,19.43,18.0,208816,117669598.0,7.64,-2.51,-0.47,5.78
2012-12-18,600095,18.32,17.93,18.9,17.71,167512,94072021.0,6.52,-1.75,-0.32,4.64
2012-12-19,600095,18.07,17.57,18.21,17.39,121435,65989511.0,4.57,-2.01,-0.36,3.36
2012-12-20,600095,17.68,17.68,17.93,17.46,83945,45745443.0,2.68,0.63,0.11,2.32
2012-12-21,600095,17.64,17.46,17.96,17.36,83828,45451225.0,3.39,-1.24,-0.22,2.32
2012-12-24,600095,17.39,17.68,17.71,17.36,53766,29021531.0,2.0,1.26,0.22,1.49
2012-12-25,600095,17.79,18.11,18.36,17.61,116327,64390835.0,4.24,2.43,0.43,3.22
2012-12-26,600095,18.11,18.07,18.29,17.79,86668,47873430.0,2.76,-0.22,-0.04,2.4
2012-12-27,600095,18.07,17.5,18.18,17.5,89943,49209178.0,3.76,-3.15,-0.57,2.49
2012-12-28,600095,17.36,17.61,17.82,17.36,71609,38956294.0,2.63,0.63,0.11,1.98
2012-12-31,600095,17.61,18.0,18.14,17.57,78281,43082255.0,3.24,2.21,0.39,2.17
2013-01-04,600095,18.18,17.53,18.32,17.25,88644,48421707.0,5.94,-2.61,-0.47,2.45
2013-01-07,600095,17.36,17.64,17.71,17.28,48126,25968496.0,2.45,0.63,0.11,1.33
2013-01-08,600095,17.64,17.93,18.0,17.36,82298,44941288.0,3.63,1.64,0.29,2.28
2013-01-09,600095,17.86,18.07,18.29,17.71,111143,61624387.0,3.23,0.78,0.14,3.08
2013-01-10,600095,18.18,18.0,18.36,17.86,80832,44919020.0,2.77,-0.39,-0.07,2.24
2013-01-11,600095,18.0,17.14,18.07,17.1,94835,51179053.0,5.39,-4.78,-0.86,2.63
2013-01-14,600095,16.93,17.5,17.53,16.93,73208,39147255.0,3.5,2.1,0.36,2.03
2013-01-15,600095,17.43,17.79,17.86,17.43,80225,43704691.0,2.46,1.66,0.29,2.22
2013-01-16,600095,17.86,17.5,17.89,17.25,67468,36468009.0,3.6,-1.63,-0.29,1.87
2013-01-17,600095,17.5,17.36,17.61,17.28,47957,25727178.0,1.89,-0.8,-0.14,1.33
2013-01-18,600095,17.46,17.68,17.71,17.39,59462,32225693.0,1.84,1.84,0.32,1.65
2013-01-21,600095,17.71,17.89,17.89,17.57,73645,40279010.0,1.81,1.19,0.21,2.04
2013-01-22,600095,17.89,17.5,17.93,17.39,57477,31253791.0,3.02,-2.18,-0.39,1.59
2013-01-23,600095,17.5,18.43,18.75,17.07,182048,100090327.0,9.6,5.31,0.93,5.04
2013-01-24,600095,18.21,17.96,18.57,17.79,147257,82172609.0,4.23,-2.55,-0.47,4.08
2013-01-25,600095,17.89,17.32,18.04,17.14,67236,36061060.0,5.01,-3.56,-0.64,1.86
2013-01-28,600095,17.18,17.57,17.61,17.18,48862,26308794.0,2.48,1.44,0.25,1.35
2013-01-29,600095,17.57,17.64,17.71,17.39,55633,30071307.0,1.82,0.4,0.07,1.54
2013-01-30,600095,17.61,17.82,17.86,17.28,66774,36125339.0,3.29,1.02,0.18,1.85
2013-01-31,600095,17.89,17.57,17.96,17.53,39636,21550142.0,2.41,-1.4,-0.25,1.1
2013-02-01,600095,17.64,17.86,17.93,17.39,66837,36569379.0,3.07,1.65,0.29,1.85
2013-02-04,600095,17.86,18.25,18.61,17.86,134499,75367124.0,4.2,2.18,0.39,3.72
2013-02-05,600095,18.18,18.64,18.75,18.04,133075,75432404.0,3.89,2.14,0.39,3.68
2013-02-06,600095,18.61,18.29,18.64,18.14,78195,44030947.0,2.68,-1.88,-0.35,2.16
2013-02-07,600095,18.32,18.11,18.32,17.89,50412,27934555.0,2.35,-0.98,-0.18,1.4
2013-02-08,600095,18.11,18.25,18.29,18.04,39418,22000689.0,1.38,0.77,0.14,1.09
2013-02-18,600095,18.25,18.25,18.43,18.07,53618,29958985.0,1.97,0.0,0.0,1.48
2013-02-19,600095,18.29,17.64,18.32,17.64,65209,35805012.0,3.73,-3.34,-0.61,1.81
2013-02-20,600095,17.61,17.93,17.96,17.5,41537,22698662.0,2.61,1.64,0.29,1.15
2013-02-21,600095,17.71,17.46,17.86,17.36,51937,28137671.0,2.79,-2.62,-0.47,1.44
2013-02-22,600095,17.5,17.57,17.71,17.39,37918,20535039.0,1.83,0.63,0.11,1.05
2013-02-25,600095,17.57,17.89,17.89,17.53,41543,22700495.0,2.05,1.82,0.32,1.15
2013-02-26,600095,17.75,17.79,18.18,17.71,56403,31180789.0,2.63,-0.56,-0.1,1.56
2013-02-27,600095,17.79,17.64,17.93,17.57,29854,16268932.0,2.02,-0.84,-0.15,0.83
2013-02-28,600095,17.68,18.07,18.11,17.68,55612,30723284.0,2.44,2.44,0.43,1.54
2013-03-01,600095,18.18,18.29,18.32,17.93,85290,47553849.0,2.16,1.22,0.22,2.36
2013-03-04,600095,18.21,17.5,18.21,17.43,64967,35633098.0,4.26,-4.32,-0.79,1.8
2013-03-05,600095,17.39,17.71,17.79,17.28,47600,25837006.0,2.91,1.2,0.21,1.32
2013-03-06,600095,17.71,18.32,18.57,17.64,90590,50717728.0,5.25,3.44,0.61,2.51
2013-03-07,600095,18.18,19.22,19.65,18.11,205203,118704432.0,8.41,4.91,0.9,5.68
2013-03-08,600095,18.97,18.54,19.18,18.5,111949,64660056.0,3.54,-3.54,-0.68,3.1
2013-03-11,600095,18.5,18.54,18.82,18.36,56628,32212748.0,2.48,0.0,0.0,1.57
2013-03-12,600095,18.97,20.15,20.58,18.93,487351,299068512.0,8.9,8.68,1.61,13.49
2013-03-13,600095,19.5,20.08,21.12,19.25,407339,252165762.0,9.28,-0.35,-0.07,11.28
2013-03-14,600095,19.68,19.4,19.93,18.97,188175,111370778.0,4.78,-3.39,-0.68,5.21
2013-03-15,600095,19.43,18.68,19.43,18.5,143126,82868339.0,4.79,-3.71,-0.72,3.96
2013-03-18,600095,18.61,18.9,19.25,18.47,102115,59052077.0,4.18,1.18,0.22,2.83
2013-03-19,600095,18.86,18.14,19.0,17.61,124737,69497707.0,7.35,-4.02,-0.76,3.45
2013-03-20,600095,17.93,18.47,18.57,17.93,92745,51927944.0,3.53,1.82,0.33,2.57
2013-03-21,600095,18.29,18.47,18.75,18.29,79266,44928031.0,2.49,0.0,0.0,2.19
2013-03-22,600095,18.47,18.9,18.93,18.07,111734,63599728.0,4.66,2.33,0.43,3.09
2013-03-25,600095,18.79,19.07,19.11,18.64,87901,50750990.0,2.49,0.9,0.17,2.43
2013-03-26,600095,18.97,19.22,19.79,18.39,135467,79018050.0,7.34,0.79,0.15,3.75
2013-03-27,600095,19.22,19.68,19.86,19.0,147419,87803256.0,4.47,2.39,0.46,4.08
2013-03-28,600095,19.5,18.57,19.58,18.54,110270,64308141.0,5.28,-5.64,-1.11,3.05
2013-03-29,600095,18.61,18.21,18.82,18.14,70180,39714771.0,3.66,-1.94,-0.36,1.94
2013-04-01,600095,18.04,18.18,18.5,18.04,46046,25780005.0,2.53,-0.16,-0.03,1.27
2013-04-02,600095,18.21,17.79,18.47,17.68,57679,31920644.0,4.35,-2.15,-0.39,1.6
2013-04-03,600095,17.86,18.0,18.07,17.57,38928,21315544.0,2.81,1.18,0.21,1.08
2013-04-08,600095,17.82,17.71,17.82,16.64,63561,33919778.0,6.56,-1.61,-0.29,1.76
2013-04-09,600095,17.71,17.93,18.21,17.57,51648,28453542.0,3.61,1.24,0.22,1.43
2013-04-10,600095,17.86,17.39,18.0,17.18,49768,26827230.0,4.57,-3.01,-0.54,1.38
2013-04-11,600095,17.46,17.07,17.61,17.07,50035,26691532.0,3.11,-1.84,-0.32,1.38
2013-04-12,600095,17.03,17.0,17.18,16.82,30754,16146765.0,2.11,-0.41,-0.07,0.85
2013-04-15,600095,16.93,16.82,17.1,16.64,28879,15057161.0,2.71,-1.06,-0.18,0.8
2013-04-16,600095,16.64,16.85,16.89,16.35,38600,19825744.0,3.21,0.18,0.03,1.07
2013-04-17,600095,16.82,16.75,16.96,16.57,28038,14499745.0,2.31,-0.59,-0.1,0.78
2013-04-18,600095,16.46,16.67,16.78,16.46,27637,14250637.0,1.91,-0.48,-0.08,0.77
2013-04-19,600095,16.67,17.14,17.21,16.67,48168,25372275.0,3.24,2.82,0.47,1.33
2013-04-22,600095,17.1,17.14,17.39,16.85,49091,25867675.0,3.15,0.0,0.0,1.36
2013-04-23,600095,17.14,16.6,17.14,16.57,34678,18018999.0,3.33,-3.15,-0.54,0.96
2013-04-24,600095,16.46,16.75,16.82,16.46,29121,15042401.0,2.17,0.9,0.15,0.81
2013-04-25,600095,16.71,16.03,16.89,15.92,58855,29787001.0,5.79,-4.3,-0.72,1.63
2013-04-26,600095,16.1,15.6,16.17,15.6,40384,19840693.0,3.56,-2.68,-0.43,1.12
2013-05-02,600095,15.67,15.64,15.85,15.49,19785,9620884.0,2.31,0.26,0.04,0.55
2013-05-03,600095,15.67,15.92,16.07,15.67,28060,13897126.0,2.56,1.79,0.28,0.78
2013-05-06,600095,15.96,16.17,16.21,15.92,30385,15159838.0,1.82,1.57,0.25,0.84
2013-05-07,600095,16.28,16.14,16.39,16.03,32727,16407020.0,2.23,-0.19,-0.03,0.91
2013-05-08,600095,16.1,16.28,16.42,16.1,35572,17943177.0,1.98,0.87,0.14,0.98
2013-05-09,600095,16.32,16.07,16.35,15.92,34442,17240754.0,2.64,-1.29,-0.21,0.95
2013-05-10,600095,16.07,16.35,16.35,15.78,30954,15505003.0,3.55,1.74,0.28,0.86
2013-05-13,600095,16.35,16.5,16.71,16.35,45731,23442358.0,2.2,0.92,0.15,1.27
2013-05-14,600095,16.39,16.71,17.03,16.21,72949,37740280.0,4.97,1.27,0.21,2.02
2013-05-15,600095,16.57,16.64,16.67,16.35,42479,21723797.0,1.92,-0.42,-0.07,1.18
2013-05-16,600095,16.6,16.67,16.71,16.39,43390,22298655.0,1.92,0.18,0.03,1.2
2013-05-17,600095,16.67,16.85,17.0,16.46,61346,31795716.0,3.24,1.08,0.18,1.7
2013-05-20,600095,16.85,17.0,17.1,16.75,72999,38251089.0,2.08,0.89,0.15,2.02
2013-05-21,600095,17.1,17.39,17.53,16.96,97865,52183480.0,3.35,2.29,0.39,2.71
2013-05-22,600095,17.32,16.93,17.43,16.85,69875,36873296.0,3.34,-2.65,-0.46,1.93
2013-05-23,600095,16.85,16.85,17.21,16.78,52941,27841778.0,2.54,-0.47,-0.08,1.47
2013-05-24,600095,16.96,16.96,17.03,16.75,42215,22020116.0,1.66,0.65,0.11,1.17
2013-05-27,600095,16.93,18.07,18.36,16.85,140900,75920593.0,8.9,6.54,1.11,3.9
2013-05-28,600095,17.82,18.25,18.64,17.71,181291,101159133.0,5.15,1.0,0.18,5.02
2013-05-29,600095,18.04,17.93,18.61,17.82,85625,47373708.0,4.33,-1.75,-0.32,2.37
2013-05-30,600095,17.93,17.75,17.93,17.43,47291,25736470.0,2.79,-1.0,-0.18,1.31
2013-05-31,600095,17.75,17.75,18.11,17.68,50912,28046552.0,2.42,0.0,0.0,1.41
2013-06-03,600095,17.71,17.79,17.96,17.61,39605,21654841.0,1.97,0.23,0.04,1.1
2013-06-04,600095,17.82,17.14,17.86,16.93,58703,31192561.0,5.23,-3.65,-0.65,1.62
2013-06-05,600095,17.14,17.07,17.18,16.93,27994,14724941.0,1.46,-0.41,-0.07,0.77
2013-06-06,600095,17.07,16.53,17.07,16.5,36684,19046452.0,3.34,-3.16,-0.54,1.02
2013-06-07,600095,16.5,16.14,16.71,16.1,37052,18757496.0,3.69,-2.36,-0.39,1.03
2013-06-13,600095,16.1,15.71,16.1,15.53,36071,17642122.0,3.53,-2.66,-0.43,1.0
2013-06-14,600095,15.81,15.92,15.96,15.71,21631,10668787.0,1.59,1.34,0.21,0.6
2013-06-17,600095,15.92,15.99,16.14,15.81,23854,11884069.0,2.07,0.44,0.07,0.66
2013-06-18,600095,16.1,15.99,16.28,15.89,22700,11296934.0,2.44,0.0,0.0,0.63
2013-06-19,600095,15.96,15.92,15.96,15.56,22845,11194633.0,2.5,-0.44,-0.07,0.63
2013-06-20,600095,15.78,15.38,15.89,15.24,25830,12518453.0,4.08,-3.39,-0.54,0.71
2013-06-21,600095,15.21,15.46,15.56,14.92,23351,11124902.0,4.16,0.52,0.08,0.65
2013-06-24,600095,15.56,14.13,15.56,13.77,31117,14278943.0,11.58,-8.6,-1.33,0.86
2013-06-25,600095,13.95,14.42,14.7,12.88,46912,20733983.0,12.88,2.05,0.29,1.3
2013-06-26,600095,14.35,14.27,14.49,13.99,30150,13482325.0,3.47,-1.04,-0.15,0.83
2013-06-27,600095,14.31,13.81,14.38,13.74,33462,14909669.0,4.48,-3.22,-0.46,0.93
2013-06-28,600095,13.81,13.7,14.1,13.49,23616,10302541.0,4.42,-0.8,-0.11,0.65
2013-07-01,600095,13.63,13.92,13.99,13.56,20802,9076588.0,3.14,1.61,0.22,0.58
2013-07-02,600095,13.88,14.02,14.06,13.81,24134,10606230.0,1.8,0.72,0.1,0.67
2013-07-03,600095,14.02,13.74,14.02,13.52,24721,10703598.0,3.57,-2.0,-0.28,0.68
2013-07-04,600095,13.74,13.95,14.06,13.49,27542,12051461.0,4.15,1.53,0.21,0.76
2013-07-05,600095,13.99,14.49,14.85,13.92,57292,25883367.0,6.67,3.87,0.54,1.59
2013-07-08,600095,14.53,14.81,15.46,13.99,98221,45947416.0,10.14,2.21,0.32,2.72
2013-07-09,600095,14.6,14.63,15.06,14.38,42875,19700158.0,4.59,-1.22,-0.18,1.19
2013-07-10,600095,14.56,15.35,15.56,14.38,69313,32942370.0,8.07,4.92,0.72,1.92
2013-07-11,600095,15.13,15.38,15.6,14.99,72551,34725882.0,3.97,0.2,0.03,2.01
2013-07-12,600095,15.24,14.88,15.46,14.88,44454,21019868.0,3.77,-3.25,-0.5,1.23
2013-07-15,600095,14.92,14.96,15.13,14.85,34277,16054204.0,1.88,0.54,0.08,0.95
2013-07-16,600095,15.24,15.1,15.28,14.99,30565,14439030.0,1.94,0.94,0.14,0.85
2013-07-17,600095,14.96,14.6,15.06,14.6,38891,18048887.0,3.05,-3.31,-0.5,1.08
2013-07-18,600095,14.53,14.1,14.53,13.95,36735,16434397.0,3.97,-3.42,-0.5,1.02
2013-07-19,600095,14.17,13.74,14.27,13.7,25494,11252520.0,4.04,-2.55,-0.36,0.71
2013-07-22,600095,13.67,13.92,13.92,13.41,18529,8026742.0,3.71,1.31,0.18,0.51
2013-07-23,600095,13.92,14.27,14.27,13.74,26549,11812173.0,3.81,2.51,0.35,0.73
2013-07-24,600095,14.24,14.17,14.27,13.84,33443,14786517.0,3.01,-0.7,-0.1,0.93
2013-07-25,600095,14.17,13.99,14.35,13.95,34840,15454372.0,2.82,-1.27,-0.18,0.96
2013-07-26,600095,14.1,13.95,14.27,13.81,27169,11993041.0,3.29,-0.29,-0.04,0.75
2013-07-29,600095,13.81,13.56,14.1,13.52,25021,10841458.0,4.16,-2.8,-0.39,0.69
2013-07-30,600095,13.63,13.59,13.81,13.31,22464,9647654.0,3.69,0.22,0.03,0.62
2013-07-31,600095,13.63,13.7,13.81,13.56,17479,7563143.0,1.84,0.81,0.11,0.48
2013-08-01,600095,13.7,14.06,14.13,13.7,34423,15155092.0,3.14,2.63,0.36,0.95
2013-08-02,600095,14.17,14.06,14.2,13.95,25403,11254761.0,1.78,0.0,0.0,0.7
2013-08-05,600095,14.17,14.27,14.31,13.95,26097,11658961.0,2.56,1.49,0.21,0.72
2013-08-06,600095,14.27,14.38,14.56,14.24,29315,13271157.0,2.24,0.77,0.11,0.81
2013-08-07,600095,14.35,14.38,14.81,14.31,37623,17182918.0,3.48,0.0,0.0,1.04
2013-08-08,600095,14.42,14.45,14.56,14.2,33079,14957724.0,2.5,0.49,0.07,0.92
2013-08-09,600095,14.45,14.56,14.74,14.31,34098,15532566.0,2.98,0.76,0.11,0.94
2013-08-12,600095,14.56,15.1,15.38,14.49,103090,48676936.0,6.11,3.71,0.54,2.85
2013-08-13,600095,15.13,15.13,15.21,14.78,60207,28193994.0,2.85,0.2,0.03,1.67
2013-08-14,600095,15.13,14.92,15.17,14.81,43475,20372573.0,2.38,-1.39,-0.21,1.2
2013-08-15,600095,14.74,15.03,15.35,14.74,67585,31944286.0,4.09,0.74,0.11,1.87
2013-08-16,600095,15.03,14.49,15.1,14.38,59230,27433047.0,4.79,-3.59,-0.54,1.64
2013-08-19,600095,14.49,14.63,14.67,14.27,37892,17223214.0,2.76,0.97,0.14,1.05
2013-08-20,600095,14.56,14.99,14.99,14.45,54269,25124009.0,3.69,2.46,0.36,1.5
2013-08-21,600095,15.53,15.56,16.28,15.49,237138,116709138.0,5.27,3.8,0.57,6.56
2013-08-22,600095,15.1,15.81,15.92,15.03,129823,62537226.0,5.72,1.61,0.25,3.59
2013-08-23,600095,15.6,15.53,15.81,15.35,77817,37667823.0,2.91,-1.77,-0.28,2.15
2013-08-26,600095,15.6,15.78,15.85,15.46,67179,32782027.0,2.51,1.61,0.25,1.86
2013-08-27,600095,15.78,15.67,15.81,15.53,45967,22415331.0,1.77,-0.7,-0.11,1.27
2013-08-28,600095,15.64,15.24,15.64,15.21,55525,26641834.0,2.74,-2.74,-0.43,1.54
2013-08-29,600095,15.21,15.42,15.71,15.1,41640,19964482.0,4.0,1.18,0.18,1.15
2013-08-30,600095,15.38,15.24,15.64,15.21,43607,20966024.0,2.79,-1.17,-0.18,1.21
2013-09-02,600095,15.17,15.24,15.28,14.85,33651,15892452.0,2.82,0.0,0.0,0.93
2013-09-03,600095,15.21,15.81,15.85,15.21,70894,34460302.0,4.2,3.74,0.57,1.96
2013-09-04,600095,16.39,16.07,16.71,15.96,147004,74307254.0,4.74,1.64,0.26,4.07
2013-09-05,600095,16.14,15.74,16.28,15.67,60254,29659231.0,3.8,-2.05,-0.33,1.67
2013-09-06,600095,15.56,15.67,15.89,15.53,43016,20987242.0,2.29,-0.44,-0.07,1.19
2013-09-09,600095,15.71,15.92,16.24,15.64,70408,34982001.0,3.83,1.6,0.25,1.95
2013-09-10,600095,15.99,15.89,16.03,15.64,64631,31756856.0,2.45,-0.19,-0.03,1.79
2013-09-11,600095,15.92,15.92,16.07,15.56,74001,36444769.0,3.21,0.19,0.03,2.05
2013-09-12,600095,15.92,17.07,17.36,15.74,254546,131631597.0,10.18,7.22,1.15,7.05
2013-09-13,600095,16.93,17.32,17.89,16.71,256623,136704565.0,6.91,1.46,0.25,7.1
2013-09-16,600095,17.18,17.68,17.68,16.85,140321,74500150.0,4.79,2.08,0.36,3.88
2013-09-17,600095,17.39,16.93,18.11,16.78,130904,70361032.0,7.52,-4.24,-0.75,3.62
2013-09-18,600095,16.89,16.71,17.07,16.53,57859,29936225.0,3.19,-1.3,-0.22,1.6
2013-09-23,600095,16.71,17.25,17.68,16.6,83936,44214122.0,6.46,3.23,0.54,2.32
2013-09-24,600095,17.28,18.18,18.47,17.21,250448,138831956.0,7.3,5.39,0.93,6.93
2013-09-25,600095,18.0,17.39,18.0,17.25,155601,84165154.0,4.13,-4.35,-0.79,4.31
2013-09-26,600095,17.36,16.64,17.39,16.57,96905,50418864.0,4.72,-4.31,-0.75,2.68
2013-09-27,600095,16.64,16.82,17.0,16.5,50555,26198827.0,3.0,1.08,0.18,1.4
2013-09-30,600095,17.0,17.0,17.07,16.78,48391,25308167.0,1.72,1.07,0.18,1.34
2013-10-08,600095,17.0,17.07,17.43,16.64,68259,35978823.0,4.65,0.41,0.07,1.89
2013-10-09,600095,17.07,17.07,17.1,16.75,62076,32414593.0,2.05,0.0,0.0,1.72
2013-10-10,600095,17.1,17.28,17.61,17.03,113849,60696124.0,3.4,1.23,0.21,3.15
2013-10-11,600095,17.25,17.5,17.5,17.1,90267,48281366.0,2.31,1.27,0.22,2.5
2013-10-14,600095,17.46,17.5,17.64,17.32,80225,43185058.0,1.83,0.0,0.0,2.22
2013-10-15,600095,17.5,17.1,17.53,16.85,91424,48205397.0,3.89,-2.29,-0.4,2.53
2013-10-16,600095,17.07,16.28,17.07,16.14,77018,39379334.0,5.44,-4.8,-0.82,2.13
2013-10-17,600095,16.28,16.24,16.6,16.17,43019,21813770.0,2.64,-0.25,-0.04,1.19
2013-10-18,600095,16.21,16.32,16.5,16.03,31303,15784214.0,2.89,0.49,0.08,0.87
2013-10-21,600095,16.32,16.71,16.78,16.32,42047,21642836.0,2.82,2.39,0.39,1.16
2013-10-22,600095,16.64,16.46,16.75,16.39,39625,20276447.0,2.15,-1.5,-0.25,1.1
2013-10-23,600095,16.5,15.99,16.6,15.96,41194,20731524.0,3.89,-2.86,-0.47,1.14
2013-10-24,600095,16.03,16.17,16.28,15.89,22760,11379320.0,2.44,1.13,0.18,0.63
2013-10-25,600095,16.24,15.85,16.24,15.81,28549,14148710.0,2.66,-1.98,-0.32,0.79
2013-10-28,600095,15.96,15.71,15.99,15.64,21439,10557178.0,2.21,-0.88,-0.14,0.59
2013-10-29,600095,15.71,14.92,15.85,14.24,56698,26748288.0,10.25,-5.03,-0.79,1.57
2013-10-30,600095,14.92,15.13,15.13,14.56,22052,10286519.0,3.82,1.41,0.21,0.61
2013-10-31,600095,15.1,14.96,15.17,14.92,16603,7800873.0,1.65,-1.12,-0.17,0.46
2013-11-01,600095,14.92,15.13,15.24,14.92,16071,7583801.0,2.14,1.14,0.17,0.44
2013-11-04,600095,15.24,15.21,15.35,15.03,17138,8116082.0,2.12,0.53,0.08,0.47
2013-11-05,600095,15.13,15.31,15.35,14.99,21169,10030840.0,2.37,0.66,0.1,0.59
2013-11-06,600095,15.24,15.31,15.53,15.13,29008,13878452.0,2.61,0.0,0.0,0.8
2013-11-07,600095,15.31,15.74,15.92,15.21,56101,27213947.0,4.64,2.81,0.43,1.55
2013-11-08,600095,15.71,15.53,15.78,15.46,26272,12767883.0,2.03,-1.33,-0.21,0.73
2013-11-11,600095,15.49,15.42,15.53,15.21,19673,9427028.0,2.06,-0.71,-0.11,0.54
2013-11-12,600095,15.56,15.67,15.67,15.31,17907,8660981.0,2.33,1.62,0.25,0.5
2013-11-13,600095,15.64,15.42,15.67,15.21,20158,9700158.0,2.94,-1.6,-0.25,0.56
2013-11-14,600095,15.31,15.56,15.67,15.31,23849,11535155.0,2.33,0.91,0.14,0.66
2013-11-15,600095,15.56,16.28,16.32,15.42,76839,38351322.0,5.78,4.63,0.72,2.13
2013-11-18,600095,16.24,16.53,17.28,16.14,115527,59232763.0,7.0,1.54,0.25,3.2
2013-11-19,600095,16.42,16.39,16.96,16.28,62281,31750926.0,4.11,-0.85,-0.14,1.72
2013-11-20,600095,16.39,16.42,16.42,16.1,38175,19271892.0,1.95,0.18,0.03,1.06
2013-11-21,600095,16.39,16.28,16.53,15.89,37101,18632763.0,3.9,-0.85,-0.14,1.03
2013-11-22,600095,16.24,16.14,16.42,15.96,31514,15796585.0,2.83,-0.86,-0.14,0.87
2013-11-25,600095,16.14,15.89,16.24,15.89,29963,14971188.0,2.17,-1.55,-0.25,0.83
2013-11-26,600095,15.89,15.96,16.1,15.89,21345,10591728.0,1.32,0.44,0.07,0.59
2013-11-27,600095,15.89,16.1,16.14,15.85,28996,14432125.0,1.82,0.88,0.14,0.8
2013-11-28,600095,16.1,16.07,16.35,16.03,41587,20898247.0,1.99,-0.19,-0.03,1.15
2013-11-29,600095,16.14,16.24,16.24,16.03,27547,13806860.0,1.31,1.06,0.17,0.76
2013-12-02,600095,15.92,15.38,16.28,15.21,49227,24044100.0,6.59,-5.3,-0.86,1.36
2013-12-03,600095,15.31,15.6,15.64,15.21,19637,9467727.0,2.8,1.43,0.22,0.54
2013-12-04,600095,15.6,15.74,15.96,15.46,23914,11739703.0,3.21,0.9,0.14,0.66
2013-12-05,600095,15.74,15.71,15.89,15.67,22030,10818466.0,1.4,-0.19,-0.03,0.61
2013-12-06,600095,15.74,15.6,15.74,15.53,26958,13119538.0,1.34,-0.7,-0.11,0.75
2013-12-09,600095,15.6,15.92,15.96,15.56,28991,14274782.0,2.56,2.05,0.32,0.8
2013-12-10,600095,15.96,15.92,15.96,15.71,23915,11758661.0,1.57,0.0,0.0,0.66
2013-12-11,600095,15.81,15.56,15.81,15.42,21178,10267331.0,2.45,-2.26,-0.36,0.59
2013-12-12,600095,15.46,15.53,15.67,15.42,12733,6172130.0,1.61,-0.19,-0.03,0.35
2013-12-13,600095,15.49,15.67,15.74,15.49,16104,7847261.0,1.61,0.9,0.14,0.45
2013-12-16,600095,16.07,15.81,16.5,15.78,72236,36176583.0,4.59,0.89,0.14,2.0
2013-12-17,600095,15.81,15.56,16.03,15.46,26782,13085248.0,3.61,-1.58,-0.25,0.74
2013-12-18,600095,16.07,16.32,17.25,16.03,132017,67630541.0,7.84,4.88,0.76,3.65
2013-12-19,600095,16.1,16.28,16.6,15.89,67531,33866934.0,4.35,-0.25,-0.04,1.87
2013-12-20,600095,16.1,16.89,17.07,15.99,144432,74105431.0,6.63,3.75,0.61,4.0
2013-12-23,600095,16.75,16.71,16.89,16.28,90004,46039491.0,3.61,-1.07,-0.18,2.49
2013-12-24,600095,16.57,16.28,16.82,16.14,59672,30318122.0,4.07,-2.57,-0.43,1.65
2013-12-25,600095,16.1,16.24,16.39,15.99,38685,19417945.0,2.46,-0.25,-0.04,1.07
2013-12-26,600095,16.1,15.49,16.17,15.49,53470,26235927.0,4.19,-4.62,-0.75,1.48
2013-12-27,600095,15.53,15.38,15.53,15.13,51825,24805632.0,2.58,-0.71,-0.11,1.43
2013-12-30,600095,15.42,15.28,15.49,15.21,34976,16759552.0,1.82,-0.65,-0.1,0.97
2013-12-31,600095,15.21,15.38,15.46,15.06,31249,14880520.0,2.62,0.65,0.1,0.86
2014-01-02,600095,15.42,15.46,15.49,15.24,27116,13025751.0,1.63,0.52,0.08,0.75
2014-01-03,600095,15.38,15.17,15.53,15.13,24724,11788494.0,2.59,-1.88,-0.29,0.68
2014-01-06,600095,15.17,14.53,15.17,14.49,28934,13345849.0,4.48,-4.22,-0.64,0.8
2014-01-07,600095,14.31,14.6,14.78,14.31,18470,8454646.0,3.23,0.48,0.07,0.51
2014-01-08,600095,14.67,14.53,14.74,14.49,15581,7136503.0,1.71,-0.48,-0.07,0.43
2014-01-09,600095,14.56,14.35,14.67,14.35,17358,7895366.0,2.2,-1.24,-0.18,0.48
2014-01-10,600095,14.35,13.95,14.35,13.88,24495,10850848.0,3.28,-2.79,-0.4,0.68
2014-01-13,600095,14.02,14.24,14.56,13.99,32120,14448701.0,4.09,2.08,0.29,0.89
2014-01-14,600095,14.31,14.45,14.49,14.1,24505,11021083.0,2.74,1.47,0.21,0.68
2014-01-15,600095,14.45,14.31,14.45,14.17,11316,5088012.0,1.94,-0.97,-0.14,0.31
2014-01-16,600095,14.27,14.27,14.42,14.17,18459,8295959.0,1.75,-0.28,-0.04,0.51
2014-01-17,600095,14.24,13.92,14.31,13.88,17889,7891905.0,3.01,-2.45,-0.35,0.5
2014-01-20,600095,13.92,13.92,14.1,13.88,11207,4933305.0,1.58,0.0,0.0,0.31
2014-01-21,600095,13.88,14.06,14.1,13.88,13461,5949981.0,1.58,1.01,0.14,0.37
2014-01-22,600095,14.13,14.45,14.49,14.13,23940,10790870.0,2.56,2.77,0.39,0.66
2014-01-23,600095,14.49,14.35,14.49,14.27,23441,10575702.0,1.52,-0.69,-0.1,0.65
2014-01-24,600095,14.31,14.53,14.6,14.2,23141,10513802.0,2.79,1.25,0.18,0.64
2014-01-27,600095,14.49,14.42,14.49,14.27,17220,7792813.0,1.51,-0.76,-0.11,0.48
2014-01-28,600095,14.35,14.31,14.42,14.17,19396,8700851.0,1.73,-0.76,-0.11,0.54
2014-01-29,600095,14.31,14.38,14.42,14.2,25339,11378407.0,1.54,0.49,0.07,0.7
2014-01-30,600095,14.35,14.24,14.38,14.2,12536,5626907.0,1.25,-0.97,-0.14,0.35
2014-02-07,600095,14.13,14.35,14.35,14.06,15719,7037159.0,2.04,0.77,0.11,0.44
2014-02-10,600095,14.38,14.81,14.88,14.38,43349,19972604.0,3.48,3.21,0.46,1.2
2014-02-11,600095,14.81,14.96,15.06,14.7,32552,15182783.0,2.43,1.01,0.15,0.9
2014-02-12,600095,15.03,15.17,15.21,14.78,31198,14688084.0,2.87,1.4,0.21,0.86
2014-02-13,600095,15.17,14.85,15.17,14.81,31340,14695466.0,2.37,-2.11,-0.32,0.87
2014-02-14,600095,14.88,15.13,15.24,14.81,29865,14078913.0,2.9,1.89,0.28,0.83
2014-02-17,600095,15.17,15.31,15.35,15.06,46723,22205090.0,1.92,1.19,0.18,1.29
2014-02-18,600095,15.31,15.17,15.35,15.06,35769,16959415.0,1.89,-0.91,-0.14,0.99
2014-02-19,600095,15.17,15.38,15.46,15.1,44508,21299257.0,2.37,1.38,0.21,1.23
2014-02-20,600095,15.35,15.17,15.53,15.1,41286,19692726.0,2.8,-1.37,-0.21,1.14
2014-02-21,600095,15.21,15.03,15.64,14.81,38770,18377541.0,5.47,-0.92,-0.14,1.07
2014-02-24,600095,15.03,14.7,15.03,14.45,39013,17926200.0,3.86,-2.2,-0.33,1.08
2014-02-25,600095,14.67,14.35,14.81,14.17,34679,15887900.0,4.35,-2.38,-0.35,0.96
2014-02-26,600095,14.35,14.42,14.67,14.2,26224,11875980.0,3.28,0.49,0.07,0.73
2014-02-27,600095,14.35,14.27,14.67,14.24,29780,13495021.0,2.98,-1.04,-0.15,0.82
2014-02-28,600095,14.2,14.42,14.45,14.13,24212,10892487.0,2.24,1.05,0.15,0.67
2014-03-03,600095,14.67,14.67,14.78,14.49,33705,15433422.0,2.01,1.73,0.25,0.93
2014-03-04,600095,14.56,14.78,14.85,14.49,29248,13467132.0,2.45,0.75,0.11,0.81
2014-03-05,600095,14.85,14.81,14.96,14.67,30364,14119931.0,1.96,0.2,0.03,0.84
2014-03-06,600095,14.81,14.67,14.81,14.45,26073,11959030.0,2.43,-0.95,-0.14,0.72
2014-03-07,600095,14.6,14.53,14.78,14.45,21951,10069861.0,2.25,-0.95,-0.14,0.61
2014-03-10,600095,14.56,14.06,14.56,13.99,29969,13396947.0,3.92,-3.23,-0.47,0.83
2014-03-11,600095,14.17,14.13,14.38,13.95,25648,11428532.0,3.06,0.5,0.07,0.71
2014-03-12,600095,14.1,14.24,14.27,13.84,27575,12209652.0,3.04,0.78,0.11,0.76
2014-03-13,600095,14.35,15.03,15.49,14.35,104698,49241633.0,8.01,5.55,0.79,2.9
2014-03-14,600095,14.67,14.74,14.85,14.49,51449,23664187.0,2.4,-1.93,-0.29,1.42
2014-03-17,600095,14.81,15.06,15.24,14.78,41885,19667447.0,3.12,2.17,0.32,1.16
2014-03-18,600095,15.1,14.92,15.17,14.88,33626,15795649.0,1.93,-0.93,-0.14,0.93
2014-03-19,600095,14.96,15.46,15.53,14.74,75899,36166226.0,5.29,3.62,0.54,2.1
2014-03-20,600095,15.21,14.88,15.64,14.78,63574,30180793.0,5.56,-3.75,-0.58,1.76
2014-03-21,600095,16.57,16.57,16.57,16.39,164558,84395425.0,1.21,11.36,1.69,4.56
2014-03-24,600095,16.57,17.1,17.68,16.32,388045,204416926.0,8.21,3.2,0.53,10.74
2014-03-25,600095,16.78,17.32,17.61,16.5,230747,121756842.0,6.49,1.29,0.22,6.39
2014-03-26,600095,17.07,16.93,17.25,16.67,121022,63158927.0,3.35,-2.25,-0.39,3.35
2014-03-27,600095,16.75,16.6,17.14,16.21,149711,76974234.0,5.49,-1.95,-0.33,4.14
2014-03-28,600095,16.46,16.14,16.89,16.07,98199,49975971.0,4.94,-2.77,-0.46,2.72
2014-03-31,600095,16.1,15.74,16.21,15.56,67860,33411096.0,4.03,-2.48,-0.4,1.88
2014-04-01,600095,15.74,15.92,15.96,15.64,56977,28059079.0,2.03,1.14,0.18,1.58
2014-04-02,600095,15.89,15.89,16.14,15.78,53026,26289071.0,2.26,-0.19,-0.03,1.47
2014-04-03,600095,15.81,15.89,15.96,15.6,64830,31810244.0,2.27,0.0,0.0,1.79
2014-04-04,600095,15.81,16.1,16.24,15.67,68041,33813845.0,3.59,1.32,0.21,1.88
2014-04-08,600095,15.99,16.07,16.1,15.78,61357,30440269.0,1.99,-0.19,-0.03,1.7
2014-04-09,600095,16.14,16.39,16.42,15.92,70086,35109470.0,3.11,1.99,0.32,1.94
2014-04-10,600095,16.28,16.07,16.35,15.99,64067,32230946.0,2.2,-1.95,-0.32,1.77
2014-04-11,600095,15.92,15.78,15.99,15.67,57633,28384863.0,1.99,-1.8,-0.29,1.6
2014-04-14,600095,15.81,16.07,16.07,15.71,35187,17393949.0,2.28,1.84,0.29,0.97
2014-04-15,600095,15.92,16.1,16.42,15.92,58322,29296553.0,3.11,0.19,0.03,1.61
2014-04-16,600095,15.99,16.17,16.21,15.81,36671,18226762.0,2.48,0.43,0.07,1.02
2014-04-17,600095,16.14,16.14,16.28,16.03,44953,22580342.0,1.55,-0.19,-0.03,1.24
2014-04-18,600095,16.14,15.96,16.14,15.85,32574,16131722.0,1.8,-1.12,-0.18,0.9
2014-04-21,600095,15.78,15.6,15.99,15.56,36493,17928574.0,2.69,-2.26,-0.36,1.01
2014-04-22,600095,15.6,15.67,15.81,15.42,29375,14268403.0,2.5,0.45,0.07,0.81
2014-04-23,600095,15.67,15.81,15.81,15.56,16709,8177299.0,1.6,0.89,0.14,0.46
2014-04-24,600095,15.78,15.49,15.85,15.46,21395,10407554.0,2.47,-2.02,-0.32,0.59
2014-04-25,600095,15.53,15.06,15.6,14.96,36807,17578098.0,4.13,-2.78,-0.43,1.02
2014-04-28,600095,14.96,14.35,15.03,14.31,37325,17056089.0,4.78,-4.71,-0.71,1.03
2014-04-29,600095,14.42,14.7,14.78,14.35,22042,10068020.0,3.0,2.44,0.35,0.61
2014-04-30,600095,14.49,14.88,14.92,14.49,23810,10942360.0,2.93,1.22,0.18,0.66
2014-05-05,600095,14.78,14.74,14.85,14.49,32255,14845828.0,2.42,-0.94,-0.14,0.89
2014-05-06,600095,14.74,14.78,14.85,14.7,17620,8150202.0,1.02,0.27,0.04,0.49
2014-05-07,600095,14.74,14.53,14.74,14.49,20525,9411903.0,1.69,-1.69,-0.25,0.57
2014-05-08,600095,14.42,14.53,14.81,14.42,15648,7163220.0,2.68,0.0,0.0,0.43
2014-05-09,600095,14.56,14.45,14.7,14.35,14212,6460788.0,2.41,-0.55,-0.08,0.39
2014-05-12,600095,14.56,14.88,14.92,14.53,25275,11692382.0,2.7,2.98,0.43,0.7
2014-05-13,600095,14.95,14.98,15.09,14.73,21411,9939693.0,2.42,0.67,0.1,0.59
2014-05-14,600095,14.95,14.98,15.27,14.91,19459,9122735.0,2.4,0.0,0.0,0.54
2014-05-15,600095,15.06,14.73,15.06,14.59,15692,7217447.0,3.14,-1.67,-0.25,0.43
2014-05-16,600095,14.73,14.88,14.88,14.48,17124,7818866.0,2.72,1.02,0.15,0.47
2014-05-19,600095,14.84,14.88,14.91,14.63,15844,7303962.0,1.88,0.0,0.0,0.44
2014-05-20,600095,14.98,14.88,15.09,14.73,13329,6173379.0,2.42,0.0,0.0,0.37
2014-05-21,600095,14.95,14.8,14.95,14.45,16492,7551607.0,3.36,-0.54,-0.08,0.46
2014-05-22,600095,14.8,14.7,14.95,14.66,20342,9349001.0,1.96,-0.68,-0.1,0.56
2014-05-23,600095,14.7,14.77,14.8,14.63,16051,7357390.0,1.16,0.48,0.07,0.44
2014-05-26,600095,14.77,15.38,15.81,14.73,68374,32509229.0,7.31,4.13,0.61,1.89
2014-05-27,600095,15.2,15.23,15.52,15.09,37699,17841449.0,2.8,-0.98,-0.15,1.04
2014-05-28,600095,15.31,15.31,15.41,15.13,26102,12376291.0,1.84,0.53,0.08,0.72
2014-05-29,600095,15.31,15.2,15.56,15.16,26407,12577323.0,2.61,-0.72,-0.11,0.73
2014-05-30,600095,15.16,15.13,15.31,15.02,24600,11571104.0,1.91,-0.46,-0.07,0.68
2014-06-03,600095,15.06,15.09,15.23,15.02,15278,7174913.0,1.39,-0.26,-0.04,0.42
2014-06-04,600095,15.09,14.84,15.2,14.66,24769,11438829.0,3.58,-1.66,-0.25,0.69
2014-06-05,600095,14.73,14.91,14.95,14.73,17402,8053678.0,1.48,0.47,0.07,0.48
2014-06-06,600095,14.91,14.91,15.13,14.84,12101,5626366.0,1.95,0.0,0.0,0.33
2014-06-09,600095,14.91,15.02,15.13,14.84,18633,8671313.0,1.95,0.74,0.11,0.52
2014-06-10,600095,14.98,15.13,15.23,14.91,14409,6757594.0,2.13,0.73,0.11,0.4
2014-06-11,600095,15.16,15.52,15.77,14.95,73312,35148690.0,5.42,2.58,0.39,2.03
2014-06-12,600095,15.38,15.41,15.56,15.23,38491,18361630.0,2.13,-0.71,-0.11,1.07
2014-06-13,600095,15.31,15.45,15.59,15.2,29238,13969395.0,2.53,0.26,0.04,0.81
2014-06-16,600095,15.52,15.49,15.66,15.41,25273,12148669.0,1.62,0.26,0.04,0.7
2014-06-17,600095,15.49,15.23,15.49,15.2,18240,8667043.0,1.87,-1.68,-0.26,0.5
2014-06-18,600095,15.2,15.31,15.59,15.16,24017,11432748.0,2.82,0.53,0.08,0.66
2014-06-19,600095,15.38,14.8,15.38,14.41,35002,16216591.0,6.34,-3.33,-0.51,0.97
2014-06-20,600095,14.77,14.91,15.02,14.59,19009,8735862.0,2.91,0.74,0.11,0.53
2014-06-23,600095,14.91,15.02,15.09,14.8,17466,8111266.0,1.95,0.74,0.11,0.48
2014-06-24,600095,15.34,15.49,15.74,15.27,64509,31000119.0,3.13,3.13,0.47,1.79
2014-06-25,600095,15.41,15.41,15.66,15.23,30052,14362371.0,2.78,-0.52,-0.08,0.83
2014-06-26,600095,15.38,15.52,15.66,15.38,43247,20842446.0,1.82,0.71,0.11,1.2
2014-06-27,600095,15.56,15.7,15.88,15.49,49442,24013548.0,2.51,1.16,0.18,1.37
2014-06-30,600095,15.77,15.84,16.06,15.56,50926,24787075.0,3.18,0.89,0.14,1.41
2014-07-01,600095,15.77,15.84,15.99,15.63,44025,21548249.0,2.27,0.0,0.0,1.22
2014-07-02,600095,15.74,15.95,16.02,15.66,44723,21948133.0,2.27,0.69,0.11,1.24
2014-07-03,600095,15.88,16.2,16.6,15.88,100279,50452574.0,4.51,1.57,0.25,2.78
2014-07-04,600095,16.06,16.27,16.42,16.06,47687,23889654.0,2.22,0.43,0.07,1.32
2014-07-07,600095,16.24,15.99,16.34,15.84,47891,23756322.0,3.07,-1.72,-0.28,1.33
2014-07-08,600095,15.84,15.99,16.06,15.81,31824,15725087.0,1.56,0.0,0.0,0.88
2014-07-09,600095,15.92,15.59,15.99,15.59,52904,25818097.0,2.5,-2.5,-0.4,1.46
2014-07-10,600095,15.59,15.92,16.09,15.52,42217,20685536.0,3.66,2.12,0.33,1.17
2014-07-11,600095,15.81,16.17,16.27,15.81,40778,20301512.0,2.89,1.57,0.25,1.13
2014-07-14,600095,16.2,16.24,16.34,15.99,43008,21462436.0,2.16,0.43,0.07,1.19
2014-07-15,600095,16.24,16.13,16.24,15.88,41426,20597954.0,2.22,-0.68,-0.11,1.15
2014-07-16,600095,16.13,16.45,16.85,16.13,105395,53572096.0,4.46,1.98,0.32,2.92
2014-07-17,600095,16.45,16.17,16.56,15.95,39153,19611343.0,3.71,-1.7,-0.28,1.08
2014-07-18,600095,16.24,16.2,16.38,16.02,40101,20071029.0,2.23,0.19,0.03,1.11
2014-07-21,600095,16.31,16.27,16.49,16.17,36049,18140533.0,1.98,0.43,0.07,1.0
2014-07-22,600095,16.27,16.34,16.42,16.17,45707,22961449.0,1.54,0.43,0.07,1.27
2014-07-23,600095,16.24,15.99,16.31,15.92,44115,21939877.0,2.39,-2.14,-0.35,1.22
2014-07-24,600095,15.95,15.99,16.2,15.88,41203,20363705.0,2.0,0.0,0.0,1.14
2014-07-25,600095,15.95,16.2,16.2,15.95,46936,23283101.0,1.56,1.31,0.21,1.3
2014-07-28,600095,16.31,16.42,16.45,16.2,70249,35394600.0,1.54,1.36,0.22,1.94
2014-07-29,600095,16.45,16.67,16.81,16.34,89922,46079899.0,2.86,1.52,0.25,2.49
2014-07-30,600095,16.63,17.1,17.28,16.49,141732,73832504.0,4.74,2.58,0.43,3.92
2014-07-31,600095,17.03,17.13,17.17,16.67,90625,47147334.0,2.92,0.18,0.03,2.51
2014-08-01,600095,17.17,16.74,17.46,16.67,101779,53243115.0,4.61,-2.28,-0.39,2.82
2014-08-04,600095,16.67,17.17,17.2,16.63,84124,43838028.0,3.41,2.57,0.43,2.33
2014-08-05,600095,17.17,17.56,17.81,17.06,167437,89693556.0,4.37,2.27,0.39,4.63
2014-08-06,600095,17.46,17.42,17.6,17.2,67415,35976649.0,2.28,-0.8,-0.14,1.87
2014-08-07,600095,17.31,16.99,17.53,16.99,64272,33959753.0,3.1,-2.47,-0.43,1.78
2014-08-08,600095,16.92,17.38,17.63,16.92,129073,68809476.0,4.18,2.3,0.39,3.57
2014-08-11,600095,17.42,17.63,17.81,17.2,101188,54309416.0,3.51,1.44,0.25,2.8
2014-08-12,600095,17.63,17.56,17.67,17.35,57586,30935976.0,1.82,-0.4,-0.07,1.59
2014-08-13,600095,17.74,17.67,17.85,17.13,91444,48960684.0,4.1,0.63,0.11,2.53
2014-08-14,600095,17.56,17.46,17.71,17.24,55613,29887407.0,2.66,-1.19,-0.21,1.54
2014-08-15,600095,17.46,17.96,18.42,17.24,121996,67008510.0,6.76,2.86,0.5,3.38
2014-08-18,600095,18.06,18.32,18.53,17.81,105466,58467844.0,4.01,2.0,0.36,2.92
2014-08-19,600095,18.21,18.57,18.64,18.06,104027,58229197.0,3.17,1.36,0.25,2.88
2014-08-20,600095,18.64,18.42,19.21,18.24,155693,88819868.0,5.22,-0.81,-0.15,4.31
2014-08-21,600095,18.53,19.03,19.07,18.14,144080,81673161.0,5.05,3.31,0.61,3.99
2014-08-22,600095,18.96,19.28,19.43,18.82,135244,78798018.0,3.21,1.31,0.25,3.74
2014-08-25,600095,19.17,19.17,19.32,18.85,82304,47824124.0,2.44,-0.57,-0.11,2.28
2014-08-26,600095,19.17,18.35,19.17,18.24,87764,49943710.0,4.85,-4.28,-0.82,2.43
2014-08-27,600095,18.32,18.64,18.89,18.17,63567,36086679.0,3.92,1.58,0.29,1.76
2014-08-28,600095,18.67,18.6,19.03,18.32,75246,42936988.0,3.81,-0.21,-0.04,2.08
2014-08-29,600095,18.71,19.17,19.25,18.67,87260,50518695.0,3.12,3.06,0.57,2.42
2014-09-01,600095,19.21,19.68,19.78,18.92,120301,70917977.0,4.49,2.66,0.51,3.33
2014-09-02,600095,19.78,19.93,20.11,19.21,125064,74960971.0,4.57,1.27,0.25,3.46
2014-09-03,600095,19.89,19.96,20.21,19.71,75514,45648935.0,2.51,0.15,0.03,2.09
2014-09-04,600095,20.0,19.86,20.11,19.78,86113,51945230.0,1.65,-0.5,-0.1,2.38
2014-09-05,600095,19.78,19.89,19.93,19.5,79945,47767901.0,2.17,0.15,0.03,2.21
2014-09-09,600095,20.0,20.36,20.5,20.0,104895,64337924.0,2.51,2.36,0.47,2.9
2014-09-10,600095,20.14,20.32,20.64,19.96,81936,50473046.0,3.34,-0.2,-0.04,2.27
2014-09-11,600095,20.36,20.29,20.79,20.21,101351,62858246.0,2.85,-0.15,-0.03,2.81
2014-09-12,600095,20.29,20.86,20.97,20.14,116283,72673182.0,4.09,2.81,0.57,3.22
2014-09-15,600095,20.79,21.25,21.54,20.79,102644,65552316.0,3.6,1.87,0.39,2.84
2014-09-16,600095,21.36,20.43,21.72,20.36,146012,92746266.0,6.4,-3.86,-0.82,4.04
2014-09-17,600095,20.32,21.15,21.18,20.29,106436,66461430.0,4.36,3.52,0.72,2.95
2014-09-18,600095,21.04,21.43,21.86,21.0,119254,77041940.0,4.07,1.32,0.28,3.3
2014-09-19,600095,21.25,21.79,21.79,21.25,78794,51213948.0,2.52,1.68,0.36,2.18
2014-09-22,600095,21.79,22.04,22.15,21.5,100243,65869998.0,2.98,1.15,0.25,2.77
2014-09-23,600095,21.93,23.9,24.41,21.83,345329,246246384.0,11.71,8.44,1.86,9.56
2014-09-24,600095,23.37,23.55,23.76,23.12,178100,125405705.0,2.68,-1.46,-0.35,4.93
2014-09-25,600095,23.55,23.76,24.26,23.29,141648,100715899.0,4.12,0.89,0.21,3.92
2014-09-26,600095,23.55,23.72,24.08,23.47,108316,76913561.0,2.57,-0.17,-0.04,3.0
2014-09-29,600095,23.9,24.66,25.16,23.8,173374,127628919.0,5.73,3.96,0.94,4.8
2014-09-30,600095,24.69,24.62,24.8,24.23,82493,60327611.0,2.31,-0.16,-0.04,2.28
2014-10-08,600095,24.62,24.58,24.73,23.72,112613,81624817.0,4.1,-0.16,-0.04,3.12
2014-10-09,600095,24.58,24.12,24.66,23.8,112543,81502211.0,3.5,-1.87,-0.46,3.12
2014-10-10,600095,24.01,23.47,24.08,23.19,135850,95955728.0,3.69,-2.69,-0.65,3.76
2014-10-13,600095,23.47,23.47,23.47,22.72,92541,64024589.0,3.2,0.0,0.0,2.56
2014-10-14,600095,23.29,23.58,23.87,23.15,83520,58944860.0,3.07,0.47,0.11,2.31
2014-10-15,600095,23.44,25.12,25.34,23.44,233042,171003883.0,8.06,6.53,1.54,6.45
2014-10-16,600095,24.58,24.37,25.84,24.3,200177,149516425.0,6.13,-2.99,-0.75,5.54
2014-10-17,600095,24.23,23.83,24.87,23.44,107036,76381904.0,5.87,-2.22,-0.54,2.96
2014-10-20,600095,24.05,24.01,24.05,23.55,63298,45211591.0,2.1,0.76,0.18,1.75
2014-10-21,600095,23.98,23.94,24.62,23.8,64589,46835035.0,3.42,-0.29,-0.07,1.79
2014-10-22,600095,23.8,23.19,24.48,22.94,87545,62619618.0,6.43,-3.13,-0.75,2.42
2014-10-23,600095,23.08,22.47,23.72,22.29,99629,68515756.0,6.17,-3.1,-0.72,2.76
2014-10-24,600095,22.47,22.04,22.86,21.97,69278,46455177.0,3.96,-1.91,-0.43,1.92
2014-10-27,600095,21.9,22.43,22.51,21.54,46712,30994837.0,4.4,1.77,0.39,1.29
2014-10-28,600095,22.29,23.04,23.08,22.29,62207,42485781.0,3.52,2.72,0.61,1.72
2014-10-29,600095,23.04,23.15,23.47,22.97,73654,51344756.0,2.17,0.48,0.11,2.04
2014-10-30,600095,23.15,23.01,23.4,22.94,64340,44750911.0,1.99,-0.6,-0.14,1.78
2014-10-31,600095,23.08,23.04,23.29,22.83,52998,36591121.0,2.0,0.13,0.03,1.47
2014-11-03,600095,23.01,23.19,23.33,22.86,70985,49178059.0,2.04,0.65,0.15,1.96
2014-11-04,600095,23.15,23.87,24.12,23.04,115017,81588125.0,4.66,2.93,0.68,3.18
2014-11-05,600095,23.87,23.65,23.98,23.44,55119,39091667.0,2.26,-0.92,-0.22,1.53
2014-11-06,600095,23.65,24.08,24.66,23.19,115148,82432880.0,6.22,1.82,0.43,3.19
2014-11-07,600095,23.87,23.65,24.41,23.58,111318,79908220.0,3.45,-1.79,-0.43,3.08
2014-11-10,600095,23.62,23.44,23.87,23.15,79920,56120362.0,3.04,-0.89,-0.21,2.21
2014-11-11,600095,23.44,22.29,23.55,22.04,83113,56787397.0,6.44,-4.91,-1.15,2.3
2014-11-12,600095,22.29,22.9,22.94,22.18,42141,28681906.0,3.41,2.74,0.61,1.17
2014-11-13,600095,23.19,22.29,23.19,22.29,62679,42856518.0,3.93,-2.66,-0.61,1.73
2014-11-14,600095,22.29,22.36,22.43,21.93,42231,28136372.0,2.24,0.31,0.07,1.17
2014-11-17,600095,22.43,22.47,22.54,21.72,44271,29527648.0,3.67,0.49,0.11,1.23
2014-11-18,600095,22.43,22.83,22.83,22.18,50062,33890771.0,2.89,1.6,0.36,1.39
2014-11-19,600095,22.83,22.94,22.97,22.69,36370,24930709.0,1.23,0.48,0.11,1.01
2014-11-20,600095,22.79,22.58,22.86,22.29,41240,28008591.0,2.48,-1.57,-0.36,1.14
2014-11-21,600095,22.65,22.86,22.9,22.33,39202,26695354.0,2.52,1.24,0.28,1.09
2014-11-24,600095,23.01,23.15,23.58,22.94,77317,53955302.0,2.8,1.27,0.29,2.14
2014-11-25,600095,23.19,23.47,23.51,22.94,61006,42560906.0,2.46,1.38,0.32,1.69
2014-11-26,600095,23.37,23.29,23.37,23.04,70811,49289050.0,1.41,-0.77,-0.18,1.96
2014-11-27,600095,23.33,24.23,24.83,23.19,183478,131805443.0,7.04,4.04,0.94,5.08
2014-11-28,600095,24.12,23.62,24.23,23.4,102945,73123507.0,3.43,-2.52,-0.61,2.85
2014-12-01,600095,23.62,22.94,23.72,22.65,110102,76302113.0,4.53,-2.88,-0.68,3.05
2014-12-02,600095,22.9,23.08,23.29,22.79,70774,49032713.0,2.18,0.61,0.14,1.96
2014-12-03,600095,23.15,23.55,23.55,22.76,140220,97087796.0,3.42,2.04,0.47,3.88
2014-12-04,600095,23.62,23.8,23.9,23.33,144339,101908693.0,2.42,1.06,0.25,4.0
2014-12-05,600095,23.8,22.65,23.8,21.97,143840,98655100.0,7.69,-4.83,-1.15,3.98
2014-12-08,600095,22.47,22.83,22.83,22.04,125645,84922562.0,3.49,0.79,0.18,3.48
2014-12-09,600095,22.29,22.22,23.22,22.04,144494,98187793.0,5.17,-2.67,-0.61,4.0
2014-12-10,600095,22.22,22.72,22.94,22.04,64344,43657849.0,4.05,2.25,0.5,1.78
2014-12-11,600095,22.61,23.22,23.26,22.51,75943,52173470.0,3.3,2.2,0.5,2.1
2014-12-12,600095,23.29,23.87,24.08,23.29,160532,113975160.0,3.4,2.8,0.65,4.44
2014-12-15,600095,23.8,24.41,24.62,23.51,132160,95519205.0,4.65,2.26,0.54,3.66
2014-12-16,600095,24.19,24.08,24.44,23.76,97273,69846864.0,2.79,-1.35,-0.33,2.69
2014-12-17,600095,24.01,23.08,24.01,22.79,113254,79224772.0,5.07,-4.15,-1.0,3.13
2014-12-18,600095,23.22,23.4,23.55,22.97,70280,48958046.0,2.51,1.39,0.32,1.95
2014-12-19,600095,23.37,22.86,23.37,22.15,102632,69781330.0,5.21,-2.31,-0.54,2.84
2014-12-22,600095,22.61,21.65,22.61,20.86,108459,71184578.0,7.66,-5.29,-1.21,3.0
2014-12-23,600095,21.47,20.64,21.47,20.32,84851,53592071.0,5.31,-4.67,-1.01,2.35
2014-12-24,600095,20.68,21.18,21.22,20.64,67364,42568533.0,2.81,2.62,0.54,1.86
2014-12-25,600095,21.18,22.33,22.65,21.04,95998,63415820.0,7.6,5.43,1.15,2.66
2014-12-26,600095,22.18,21.9,22.4,21.86,62523,41558188.0,2.42,-1.93,-0.43,1.73
2014-12-29,600095,21.9,21.4,22.11,21.15,62798,40599846.0,4.38,-2.28,-0.5,1.74
2014-12-30,600095,21.58,20.5,21.75,20.39,93958,59312460.0,6.36,-4.21,-0.9,2.6
2014-12-31,600095,20.54,20.75,20.82,20.25,52024,32329060.0,2.78,1.22,0.25,1.44
2015-01-05,600095,20.86,21.07,21.32,20.75,50532,32058212.0,2.75,1.54,0.32,1.4
2015-01-06,600095,21.07,21.25,21.29,20.57,70096,44194108.0,3.42,0.85,0.18,1.94
2015-01-07,600095,21.15,21.07,21.32,20.79,55008,34937694.0,2.49,-0.85,-0.18,1.52
2015-01-08,600095,21.07,21.29,21.43,20.97,57582,36855808.0,2.18,1.04,0.22,1.59
2015-01-09,600095,21.25,20.79,21.4,20.79,52285,33368300.0,2.87,-2.35,-0.5,1.45
2015-01-12,600095,20.82,20.11,20.93,20.07,45657,28030846.0,4.14,-3.27,-0.68,1.26
2015-01-13,600095,20.07,20.57,20.68,20.03,29884,18421290.0,3.23,2.29,0.46,0.83
2015-01-14,600095,20.54,20.39,20.68,20.29,26953,16661556.0,1.9,-0.88,-0.18,0.75
2015-01-15,600095,20.5,20.54,20.72,20.32,43827,27240938.0,1.96,0.74,0.15,1.21
2015-01-16,600095,20.64,20.82,20.82,20.39,55322,34557402.0,2.09,1.36,0.28,1.53
2015-01-19,600095,20.75,20.57,21.43,20.32,128545,81822185.0,5.33,-1.2,-0.25,3.56
2015-01-20,600095,20.86,21.54,21.61,20.86,95039,61152886.0,3.65,4.72,0.97,2.63
2015-01-21,600095,21.54,21.9,22.26,21.47,116516,76904639.0,3.67,1.67,0.36,3.23
2015-01-22,600095,21.9,22.08,22.15,21.61,104958,69017068.0,2.47,0.82,0.18,2.91
2015-01-23,600095,21.75,21.93,22.29,21.68,72819,48140618.0,2.76,-0.68,-0.15,2.02
2015-01-26,600095,21.93,22.43,22.83,21.86,131139,87852646.0,4.42,2.28,0.5,3.63
2015-01-27,600095,22.43,23.15,23.26,22.18,212086,145211810.0,4.81,3.21,0.72,5.87
2015-01-28,600095,22.97,22.72,23.33,22.61,127525,87792730.0,3.11,-1.86,-0.43,3.53
2015-01-29,600095,22.51,22.47,22.83,22.36,62556,42395630.0,2.07,-1.1,-0.25,1.73
2015-01-30,600095,22.29,21.86,22.47,21.58,76252,50403725.0,3.96,-2.71,-0.61,2.11
2015-02-02,600095,21.79,22.18,22.47,21.5,74429,49555291.0,4.44,1.46,0.32,2.06
2015-02-03,600095,22.18,22.51,22.58,22.04,48574,32581961.0,2.43,1.49,0.33,1.34
2015-02-04,600095,22.43,22.47,22.86,22.26,73958,50274363.0,2.67,-0.18,-0.04,2.05
2015-02-05,600095,22.65,22.26,22.79,22.26,45344,30618647.0,2.36,-0.93,-0.21,1.26
2015-02-06,600095,22.33,21.79,22.47,21.61,45227,29776756.0,3.86,-2.11,-0.47,1.25
2015-02-09,600095,21.86,21.43,21.86,21.15,42193,27225946.0,3.26,-1.65,-0.36,1.17
2015-02-10,600095,21.4,21.47,21.5,21.22,29129,18770853.0,1.31,0.19,0.04,0.81
2015-02-11,600095,21.58,22.08,22.26,21.36,48837,31978153.0,4.19,2.84,0.61,1.35
2015-02-12,600095,22.04,22.26,22.29,21.75,44991,29875690.0,2.45,0.82,0.18,1.25
2015-02-13,600095,22.22,22.65,23.19,22.22,103662,70625775.0,4.36,1.75,0.39,2.87
2015-02-16,600095,22.65,22.76,23.01,22.58,78840,53990976.0,1.9,0.49,0.11,2.18
2015-02-17,600095,22.79,23.01,23.04,22.61,107883,73731626.0,1.89,1.1,0.25,2.99
2015-02-25,600095,22.97,23.62,23.8,22.86,130582,91662823.0,4.09,2.65,0.61,3.61
2015-02-26,600095,23.37,23.65,23.8,23.37,63422,44746826.0,1.82,0.13,0.03,1.76
2015-02-27,600095,23.72,23.44,23.8,23.33,80760,56803528.0,1.99,-0.89,-0.21,2.24
2015-03-02,600095,23.47,24.3,24.3,23.47,130538,93692776.0,3.54,3.67,0.86,3.61
2015-03-03,600095,24.12,24.3,24.94,23.98,144951,106233845.0,3.95,0.0,0.0,4.01
2015-03-04,600095,24.19,26.3,26.91,24.08,264886,203511276.0,11.65,8.23,2.0,7.33
2015-03-05,600095,26.77,29.1,29.1,26.77,397186,331031936.0,8.86,10.65,2.8,10.99
2015-03-09,600095,30.53,30.42,31.96,26.95,675902,599254832.0,17.22,4.54,1.32,18.71
2015-03-10,600095,30.21,33.65,33.65,29.85,426148,404721792.0,12.49,10.62,3.23,11.8
2015-03-11,600095,35.55,37.19,37.19,35.08,327282,350406768.0,6.27,10.52,3.54,9.06
2015-03-16,600095,37.16,41.1,41.1,34.83,754038,874596480.0,16.86,10.51,3.91,20.87
2015-03-17,600095,42.71,45.4,45.4,42.53,397745,517319472.0,6.98,10.46,4.3,11.01
2015-03-18,600095,48.8,47.62,50.13,44.9,1026023,1406574720.0,11.52,4.89,2.22,28.4
2015-03-19,600095,45.76,45.93,46.58,44.29,609819,804251888.0,4.81,-3.55,-1.69,16.88
2015-03-20,600095,45.36,44.97,45.83,43.79,577671,750284768.0,4.44,-2.09,-0.96,15.99
2015-03-23,600095,46.08,45.33,47.3,45.18,536812,712639600.0,4.71,0.8,0.36,14.86
2015-03-24,600095,43.96,46.79,48.08,43.39,722421,957315456.0,10.35,3.22,1.46,20.0
2015-03-25,600095,46.08,46.15,47.01,44.86,466380,620081792.0,4.59,-1.37,-0.64,12.91
2015-03-26,600095,45.4,44.57,47.9,44.32,451375,601195344.0,7.76,-3.42,-1.58,12.49
2015-03-27,600095,43.61,43.03,44.29,42.46,361439,451382800.0,4.11,-3.46,-1.54,10.0
2015-03-30,600095,42.89,43.36,43.71,42.1,332492,413607456.0,3.74,0.77,0.33,9.2
2015-03-31,600095,43.5,44.14,45.65,42.82,586417,754781552.0,6.53,1.8,0.78,16.23
2015-04-01,600095,43.36,44.86,45.22,42.85,393761,500884784.0,5.37,1.63,0.72,10.9
2015-04-02,600095,45.4,44.61,45.93,43.71,330377,428525856.0,4.95,-0.56,-0.25,9.15
2015-04-03,600095,44.14,43.89,44.25,42.71,345231,435954064.0,3.45,-1.61,-0.72,9.56
2015-04-07,600095,44.5,45.36,46.72,44.25,585552,771994400.0,5.63,3.35,1.47,16.21
2015-04-08,600095,44.86,47.08,47.98,43.82,662835,884315376.0,9.17,3.79,1.72,18.35
2015-04-09,600095,47.26,43.39,47.3,42.21,466302,598021392.0,10.81,-7.84,-3.69,12.91
2015-04-10,600095,42.42,43.32,43.71,41.56,279960,348370512.0,4.96,-0.16,-0.07,7.75
2015-04-13,600095,43.32,43.71,44.57,43.07,273964,347162080.0,3.46,0.9,0.39,7.58
2015-04-14,600095,43.68,42.82,43.68,42.24,259523,322198720.0,3.29,-2.04,-0.89,7.18
2015-04-15,600095,42.64,39.92,43.28,39.84,286609,343245264.0,8.03,-6.77,-2.9,7.93
2015-04-16,600095,39.13,39.88,40.49,38.52,200645,230787816.0,4.93,-0.1,-0.04,5.55
2015-04-17,600095,39.99,39.88,40.74,39.74,198719,231754688.0,2.51,0.0,0.0,5.5
2015-04-20,600095,39.49,37.87,39.67,37.52,285856,322988928.0,5.39,-5.04,-2.01,7.91
2015-04-21,600095,38.3,40.2,40.35,37.91,266353,304766896.0,6.44,6.15,2.33,7.37
2015-04-22,600095,40.49,41.28,41.6,39.88,275055,327054976.0,4.28,2.69,1.08,7.61
2015-04-23,600095,41.53,43.21,45.04,40.56,470786,586759136.0,10.85,4.68,1.93,13.03
2015-04-24,600095,42.35,42.39,44.72,41.99,282419,353523888.0,6.32,-1.9,-0.82,7.82
2015-04-27,600095,41.92,41.31,42.57,41.06,269382,325305536.0,3.56,-2.55,-1.08,7.46
2015-04-28,600095,40.96,42.85,43.03,40.96,320356,391859792.0,5.01,3.73,1.54,8.87
2015-04-29,600095,42.53,42.6,43.36,41.28,230962,284505744.0,4.85,-0.58,-0.25,6.39
2015-04-30,600095,42.46,44.0,45.54,41.99,493746,630833664.0,8.33,3.29,1.4,13.67
2015-05-04,600095,43.43,42.75,44.18,42.57,248965,310968976.0,3.66,-2.84,-1.25,6.89
2015-05-05,600095,42.57,39.02,42.57,38.77,316512,369920880.0,8.89,-8.73,-3.73,8.76
2015-05-06,600095,39.24,38.38,40.2,37.7,156330,178545529.0,6.41,-1.64,-0.64,4.33
2015-05-07,600095,38.2,38.3,39.13,37.77,109226,122719586.0,3.54,-0.21,-0.08,3.02
2015-05-08,600095,38.41,40.35,40.45,38.41,153699,177314912.0,5.33,5.35,2.05,4.25
2015-05-11,600095,40.99,41.99,42.07,39.84,216559,259595906.0,5.53,4.06,1.64,5.99
2015-05-12,600095,41.85,44.18,46.29,41.39,520008,663482096.0,11.67,5.22,2.19,14.39
2015-05-13,600095,43.18,44.93,45.15,42.71,424727,543532416.0,5.52,1.7,0.75,11.76
2015-05-14,600095,45.68,44.04,46.51,43.64,328027,425997888.0,6.39,-1.98,-0.89,9.08
2015-05-15,600095,43.39,43.36,45.97,43.14,265332,341377040.0,6.43,-1.54,-0.68,7.34
2015-05-18,600095,42.67,45.97,47.33,41.56,467919,607023312.0,13.31,6.02,2.61,12.95
2015-05-19,600095,45.97,47.58,48.44,44.93,486756,657595568.0,7.64,3.5,1.61,13.47
2015-05-20,600095,47.22,45.04,49.52,44.65,821142,1114685616.0,10.24,-5.34,-2.54,22.73
2015-05-21,600095,44.54,45.54,45.68,43.79,449201,582829232.0,4.2,1.11,0.5,12.43
2015-05-22,600095,45.61,46.72,47.22,44.68,422414,560163424.0,5.58,2.59,1.18,11.69
2015-05-25,600095,46.26,51.56,51.56,45.83,401801,575789872.0,12.26,10.36,4.84,11.12
2015-05-26,600095,53.82,55.75,56.9,52.74,805991,1279743584.0,8.07,8.13,4.19,22.31
2015-05-27,600095,54.17,55.5,55.61,52.74,525656,822397904.0,5.15,-0.45,-0.25,14.55
2015-05-28,600095,55.61,49.8,59.15,49.77,467829,740564992.0,16.9,-10.27,-5.7,12.95
2015-05-29,600095,48.66,47.9,49.91,45.54,360682,496770992.0,8.78,-3.82,-1.9,9.98
2015-06-01,600095,47.76,52.85,52.85,47.62,334366,482617680.0,10.92,10.33,4.95,9.26
2015-06-02,600095,52.42,54.17,55.61,52.06,339451,525918512.0,6.72,2.5,1.32,9.4
2015-06-03,600095,54.21,52.06,55.11,50.63,289588,440853408.0,8.27,-3.9,-2.11,8.02
2015-06-04,600095,52.35,50.88,52.88,47.05,278386,401521424.0,11.2,-2.27,-1.18,7.71
2015-06-05,600095,53.28,56.14,56.14,51.52,499062,787831520.0,9.08,10.34,5.26,13.81
2015-06-08,600095,60.84,57.43,61.02,56.32,658808,1107008144.0,8.37,2.3,1.29,18.24
2015-06-09,600095,58.51,63.34,63.34,55.64,638606,1099373520.0,13.41,10.29,5.91,17.68
2015-06-10,600095,61.2,62.38,65.96,58.51,543541,973529104.0,11.76,-1.52,-0.96,15.05
2015-06-11,600095,60.84,65.57,67.75,60.73,460490,859783696.0,11.25,5.11,3.19,12.75
2015-06-12,600095,64.92,64.56,66.39,62.81,379277,701937808.0,5.46,-1.54,-1.01,10.5
2015-06-15,600095,64.56,60.44,64.56,57.94,347929,610828512.0,10.25,-6.38,-4.12,9.63
2015-06-16,600095,59.22,57.76,59.22,56.39,251819,418164400.0,4.68,-4.43,-2.68,6.97
2015-06-17,600095,57.76,63.24,63.7,55.28,398331,687600864.0,14.58,9.49,5.48,11.03
2015-06-18,600095,62.16,59.76,64.2,59.26,256009,457442224.0,7.81,-5.5,-3.48,7.09
2015-06-19,600095,58.37,56.97,62.52,55.5,254025,424965104.0,11.75,-4.67,-2.79,7.03
2015-06-23,600095,57.58,57.43,60.34,52.78,237845,390498512.0,13.27,0.81,0.46,6.58
2015-06-24,600095,58.51,58.83,59.15,55.86,248663,413612832.0,5.73,2.44,1.4,6.88
2015-06-25,600095,58.51,54.5,58.51,53.85,248715,404277120.0,7.92,-7.36,-4.33,6.88
2015-06-26,600095,51.56,48.87,53.1,48.87,179938,260539693.0,7.76,-10.33,-5.63,4.98
2015-06-29,600095,50.23,43.82,50.23,43.82,268996,357070512.0,13.12,-10.33,-5.05,7.45
2015-06-30,600095,43.64,45.83,46.19,39.27,280394,346815392.0,15.79,4.59,2.01,7.76
2015-07-01,600095,44.9,41.06,46.69,41.06,224619,285972352.0,12.28,-10.41,-4.77,6.22
2015-07-02,600095,39.52,36.8,40.38,36.8,175827,192794804.0,8.72,-10.38,-4.26,4.87
2015-07-03,600095,32.97,32.97,35.12,32.97,170166,166055955.0,5.84,-10.41,-3.83,4.71
2015-07-06,600095,35.47,29.49,35.47,29.49,234504,220146912.0,18.14,-10.56,-3.48,6.49
2015-07-07,600095,26.38,26.38,26.81,26.38,34046,26676876.0,1.46,-10.55,-3.11,0.94
2015-07-08,600095,23.58,23.58,23.58,23.58,6326,4459830.0,0.0,-10.61,-2.8,0.18
2015-07-09,600095,21.07,26.12,26.12,21.07,431360,305053872.0,21.42,10.77,2.54,11.94
2015-07-10,600095,26.63,28.92,28.92,26.09,374610,314381440.0,10.83,10.72,2.8,10.37
2015-07-13,600095,30.53,31.96,31.96,29.31,377512,343948368.0,9.16,10.51,3.04,10.45
2015-07-14,600095,32.0,31.64,34.79,30.21,517059,493344000.0,14.33,-1.0,-0.32,14.31
2015-07-15,600095,30.42,28.31,30.82,28.31,224260,193626820.0,7.93,-10.52,-3.33,6.21
2015-07-16,600095,25.48,27.49,29.56,25.3,264307,213563115.0,15.05,-2.9,-0.82,7.32
2015-07-17,600095,27.56,29.67,30.39,27.56,240712,206280438.0,10.29,7.93,2.18,6.66
2015-07-20,600095,30.14,30.75,31.64,28.81,279312,250666716.0,9.54,3.64,1.08,7.73
2015-07-21,600095,30.49,32.82,33.68,29.13,362743,340685344.0,14.8,6.73,2.07,10.04
2015-07-22,600095,32.36,32.21,33.07,30.6,273764,257743182.0,7.53,-1.86,-0.61,7.58
2015-07-23,600095,31.64,34.26,34.58,31.53,388599,381599968.0,9.47,6.36,2.05,10.76
2015-07-24,600095,34.44,33.36,35.37,33.0,393602,395170896.0,6.92,-2.63,-0.9,10.9
2015-07-27,600095,32.36,29.85,33.61,29.85,278896,260786260.0,11.27,-10.52,-3.51,7.72
2015-07-28,600095,27.13,27.16,29.46,26.7,291470,237792954.0,9.25,-9.01,-2.69,8.07
2015-07-29,600095,28.17,29.35,29.49,26.55,189238,155672235.0,10.82,8.06,2.19,5.24
2015-07-30,600095,29.1,28.09,30.17,27.81,185180,160095778.0,8.04,-4.29,-1.26,5.13
2015-07-31,600095,27.31,27.45,28.78,26.63,123368,100452435.0,7.65,-2.28,-0.64,3.41
2015-08-03,600095,27.52,25.16,27.81,24.55,144625,111481120.0,11.88,-8.34,-2.29,4.0
2015-08-04,600095,25.41,27.84,27.84,25.19,248970,198177207.0,10.53,10.65,2.68,6.89
2015-08-05,600095,27.99,27.49,28.67,26.81,205483,169586258.0,6.68,-1.26,-0.35,5.69
2015-08-06,600095,26.73,28.6,29.49,26.38,253858,213218865.0,11.31,4.04,1.11,7.03
2015-08-07,600095,28.42,30.1,30.21,28.42,266757,232604846.0,6.26,5.24,1.5,7.38
2015-08-10,600095,30.21,33.29,33.29,29.96,333002,311180512.0,11.06,10.6,3.19,9.22
2015-08-11,600095,33.25,33.0,33.97,32.29,335020,325912992.0,5.05,-0.87,-0.29,9.27
2015-08-12,600095,32.14,31.75,33.18,31.5,248806,235300887.0,5.09,-3.79,-1.25,6.89
2015-08-13,600095,31.43,33.07,33.15,30.28,266633,250654345.0,9.04,4.16,1.32,7.38
2015-08-14,600095,33.25,33.68,35.37,32.93,387758,386459376.0,7.38,1.84,0.61,10.73
2015-08-17,600095,33.65,35.58,36.12,33.15,407008,412039696.0,8.82,5.64,1.9,11.27
2015-08-18,600095,35.3,31.86,35.94,31.86,343223,338184688.0,11.47,-10.46,-3.72,9.5
2015-08-19,600095,30.49,32.25,32.72,28.6,275391,248513250.0,12.93,1.22,0.39,7.62
2015-08-20,600095,31.57,34.58,35.65,31.25,792099,806737056.0,13.64,7.22,2.33,21.93
2015-08-21,600095,33.07,31.53,33.29,30.96,623638,578580624.0,6.74,-8.82,-3.05,17.26
2015-08-24,600095,28.35,29.03,31.68,28.2,566218,491337712.0,11.04,-7.93,-2.5,15.67
2015-08-25,600095,27.02,25.95,28.78,25.95,312153,246207213.0,9.75,-10.61,-3.08,8.64
2015-08-26,600095,25.95,28.63,28.7,23.4,676326,544824928.0,20.42,10.33,2.68,18.72
2015-09-02,600095,25.59,26.27,28.24,25.59,545760,425067536.0,9.26,-8.24,-2.36,15.11
2015-09-07,600095,25.91,28.24,28.95,25.19,738924,594378128.0,14.31,7.5,1.97,20.45
2015-09-08,600095,28.06,31.25,31.25,27.09,783463,668993008.0,14.73,10.66,3.01,21.69
2015-09-09,600095,31.64,34.54,34.54,31.28,949046,922421328.0,10.43,10.53,3.29,26.27
2015-09-10,600095,33.43,32.14,34.15,31.57,677242,657745408.0,7.47,-6.95,-2.4,18.75
2015-09-11,600095,31.46,33.07,34.01,31.21,504422,486905568.0,8.71,2.89,0.93,13.96
2015-09-14,600095,33.18,29.6,33.5,29.6,386838,353628192.0,11.79,-10.49,-3.47,10.71
2015-09-15,600095,26.55,26.48,27.88,26.48,386782,306647392.0,4.73,-10.54,-3.12,10.71
2015-09-16,600095,26.63,29.21,29.31,25.73,396935,323627952.0,13.52,10.31,2.73,10.99
2015-09-17,600095,28.42,29.38,31.86,27.27,540283,473246784.0,15.71,0.58,0.17,14.96
2015-09-18,600095,29.38,32.5,32.5,28.85,620826,563466464.0,12.42,10.62,3.12,17.18
2015-09-21,600095,32.5,35.65,35.9,31.43,903207,894612480.0,13.75,9.69,3.15,25.0
2015-09-22,600095,34.15,34.44,35.44,33.72,696143,703210016.0,4.82,-3.39,-1.21,19.27
2015-09-23,600095,33.07,37.77,38.05,32.82,970576,1031143280.0,15.19,9.67,3.33,26.87
2015-09-24,600095,36.73,37.12,39.24,36.58,733910,804403040.0,7.04,-1.72,-0.65,20.32
2015-09-25,600095,36.66,34.15,37.66,33.25,553002,566063392.0,11.88,-8.0,-2.97,15.31
2015-09-28,600095,33.79,36.55,37.3,33.61,453283,475526240.0,10.81,7.03,2.4,12.55
2015-09-29,600095,35.62,34.51,36.23,33.83,336534,344475680.0,6.57,-5.58,-2.04,9.32
2015-09-30,600095,34.65,34.51,35.9,34.44,240297,246555355.0,4.23,0.0,0.0,6.65
2015-10-08,600095,35.87,36.87,37.66,35.44,394239,423845232.0,6.43,6.84,2.36,10.91
2015-10-09,600095,36.69,36.84,38.52,36.23,418527,455891456.0,6.21,-0.08,-0.03,11.59
2015-10-12,600095,37.37,40.35,40.7,36.69,650595,733964512.0,10.88,9.53,3.51,18.01
2015-10-13,600095,39.88,41.67,43.1,39.52,628661,761371856.0,8.87,3.27,1.32,17.4
2015-10-14,600095,41.31,40.02,41.49,39.52,427582,502892288.0,4.73,-3.96,-1.65,11.84
2015-10-15,600095,39.59,41.13,41.17,39.59,346631,408383328.0,3.95,2.77,1.11,9.59
2015-10-16,600095,41.64,40.88,41.89,39.34,438401,516432752.0,6.2,-0.61,-0.25,12.14
2015-10-19,600095,40.53,39.81,40.56,38.84,345606,400207824.0,4.21,-2.62,-1.07,9.57
2015-10-20,600095,39.49,42.89,43.07,39.24,539682,655027888.0,9.62,7.74,3.08,14.94
2015-10-21,600095,42.82,38.45,42.82,38.45,460017,541858480.0,10.19,-10.35,-4.44,12.73
2015-10-22,600095,37.34,39.2,39.52,35.98,376656,418650192.0,9.21,1.95,0.75,10.43
2015-10-23,600095,39.02,39.2,39.88,37.77,337533,380178736.0,5.38,0.0,0.0,9.34
2015-10-26,600095,40.13,39.7,41.6,39.13,344456,403375872.0,6.3,1.28,0.5,9.53
2015-10-27,600095,39.34,39.34,39.77,37.37,263022,294671008.0,6.05,-0.91,-0.36,7.28
2015-10-28,600095,38.91,38.34,40.6,38.09,246577,284285648.0,6.38,-2.54,-1.0,6.83
2015-10-29,600095,38.13,38.38,39.06,37.95,165250,185050670.0,2.9,0.1,0.04,4.57
2015-10-30,600095,38.13,39.09,40.06,38.02,245955,280409232.0,5.32,1.85,0.71,6.81
2015-11-02,600095,37.62,38.05,39.45,37.19,212759,237303521.0,5.78,-2.66,-1.04,5.89
2015-11-03,600095,38.05,38.45,39.16,38.05,141944,158829451.0,2.92,1.05,0.4,3.93
2015-11-04,600095,38.99,42.24,42.46,38.7,489562,584556736.0,9.78,9.86,3.79,13.55
2015-11-05,600095,41.42,40.67,42.21,40.27,427345,511021760.0,4.59,-3.72,-1.57,11.83
2015-11-06,600095,41.06,41.28,42.03,40.7,269602,323885760.0,3.27,1.5,0.61,7.46
2015-11-23,600095,45.58,45.58,45.58,45.58,49192,64884789.0,0.0,10.42,4.3,1.36
2015-11-24,600095,44.18,41.92,44.18,41.13,477262,587589488.0,6.69,-8.03,-3.66,13.21
2015-11-25,600095,42.39,41.99,42.67,40.67,352511,426153968.0,4.77,0.17,0.07,9.76
2015-11-26,600095,41.74,41.31,42.32,41.21,255327,307653968.0,2.64,-1.62,-0.68,7.07
2015-11-27,600095,40.6,37.01,41.74,37.01,277959,318314608.0,11.45,-10.41,-4.3,7.69
2015-11-30,600095,36.8,37.44,37.7,34.22,234461,251476859.0,9.4,1.16,0.43,6.49
2015-12-01,600095,37.27,38.41,38.63,36.37,194721,214724419.0,6.04,2.59,0.97,5.39
2015-12-02,600095,38.16,37.87,38.27,35.76,148580,162420527.0,6.53,-1.41,-0.54,4.11
2015-12-03,600095,37.91,38.66,39.38,37.7,154361,173632631.0,4.44,2.09,0.79,4.27
2015-12-04,600095,38.52,38.16,39.16,37.91,135681,151529598.0,3.23,-1.29,-0.5,3.76
2015-12-07,600095,38.16,38.34,38.81,37.77,114593,127921562.0,2.73,0.47,0.18,3.17
2015-12-08,600095,38.34,37.77,38.34,37.01,154174,169043102.0,3.47,-1.49,-0.57,4.27
2015-12-09,600095,37.19,36.98,37.73,36.62,80415,87218755.0,2.94,-2.09,-0.79,2.23
2015-12-10,600095,37.3,37.66,37.91,36.73,108947,118535297.0,3.19,1.84,0.68,3.02
2015-12-11,600095,38.16,37.27,38.52,36.84,94473,103545488.0,4.46,-1.04,-0.39,2.62
2015-12-14,600095,36.48,37.37,37.59,35.65,91947,98115181.0,5.21,0.27,0.1,2.55
2015-12-15,600095,37.37,37.48,37.84,36.87,112181,122141811.0,2.6,0.29,0.11,3.11
2015-12-16,600095,37.44,37.52,37.91,37.27,103040,112850099.0,1.71,0.11,0.04,2.85
2015-12-17,600095,37.73,38.99,39.34,37.37,189295,211933733.0,5.25,3.92,1.47,5.24
2015-12-18,600095,38.59,39.56,40.6,38.59,220585,254830453.0,5.16,1.46,0.57,6.11
2015-12-21,600095,39.2,39.49,40.38,38.99,207124,238404719.0,3.51,-0.18,-0.07,5.73
2015-12-22,600095,39.67,41.31,42.24,39.31,302887,361106080.0,7.42,4.61,1.82,8.38
2015-12-23,600095,41.24,39.7,41.24,39.52,203045,238065720.0,4.16,-3.9,-1.61,5.62
2015-12-24,600095,39.7,39.59,39.99,38.81,106060,121335530.0,2.97,-0.28,-0.11,2.94
2015-12-25,600095,39.52,39.77,40.42,39.45,88434,102673830.0,2.45,0.45,0.18,2.45
2015-12-28,600095,39.99,37.8,40.31,37.73,147030,167542724.0,6.49,-4.95,-1.97,4.07
2015-12-29,600095,37.84,39.24,39.45,36.84,113607,125111128.0,6.9,3.81,1.44,3.14
2015-12-30,600095,39.24,39.56,39.99,38.88,115948,133259682.0,2.83,0.82,0.32,3.21
2015-12-31,600095,39.88,38.2,40.06,38.09,82652,94483855.0,4.98,-3.44,-1.36,2.29
2016-01-04,600095,38.27,34.33,38.27,34.29,95768,102156437.0,10.42,-10.13,-3.87,2.65
2016-01-05,600095,32.54,33.58,34.4,31.82,122442,119391647.0,7.52,-2.18,-0.75,3.39
2016-01-06,600095,33.58,34.36,34.76,33.58,79385,79382325.0,3.51,2.32,0.78,2.2
2016-01-07,600095,33.65,30.78,34.04,30.75,20361,19118294.0,9.58,-10.42,-3.58,0.56
2016-01-08,600095,31.32,30.39,31.78,28.13,111483,100450927.0,11.86,-1.27,-0.39,3.09
2016-01-11,600095,29.56,27.2,29.85,27.2,109894,91810564.0,8.72,-10.5,-3.19,3.04
2016-01-12,600095,26.91,28.2,28.38,26.05,120472,97636749.0,8.57,3.68,1.0,3.33
2016-01-13,600095,28.31,26.55,28.52,26.45,82159,67522594.0,7.34,-5.85,-1.65,2.27
2016-01-14,600095,25.19,27.34,27.88,25.12,71399,56068290.0,10.4,2.98,0.79,1.98
2016-01-15,600095,27.24,25.95,27.84,25.91,60459,48267598.0,7.06,-5.08,-1.39,1.67
2016-01-18,600095,24.66,25.87,26.55,24.66,68544,52668084.0,7.28,-0.31,-0.08,1.9
2016-01-19,600095,25.98,27.2,27.27,25.8,69270,54751629.0,5.68,5.14,1.33,1.92
2016-01-20,600095,26.98,26.98,27.59,26.55,79758,63928400.0,3.82,-0.81,-0.22,2.21
2016-01-21,600095,26.12,28.45,29.78,25.91,192989,160291689.0,14.34,5.45,1.47,5.34
2016-01-22,600095,27.88,29.81,30.57,27.56,230516,198222921.0,10.58,4.78,1.36,6.38
2016-01-25,600095,29.49,29.06,29.85,28.42,134231,115538330.0,4.8,-2.52,-0.75,3.72
2016-01-26,600095,28.7,25.98,28.7,25.98,126611,101621374.0,9.36,-10.6,-3.08,3.5
2016-01-27,600095,25.98,24.8,26.16,23.22,109162,79938933.0,11.32,-4.54,-1.18,3.02
2016-01-28,600095,24.12,22.51,24.69,22.33,66608,47105457.0,9.52,-9.23,-2.29,1.84
2016-01-29,600095,22.51,23.62,24.15,22.43,65177,45546911.0,7.64,4.93,1.11,1.8
2016-02-01,600095,23.69,23.69,24.44,23.12,56428,40201980.0,5.59,0.3,0.07,1.56
2016-02-02,600095,23.65,24.55,24.94,23.58,59338,43340087.0,5.74,3.63,0.86,1.64
2016-02-03,600095,24.48,25.3,25.44,24.3,78153,58300019.0,4.64,3.05,0.75,2.16
2016-02-04,600095,25.09,26.34,26.66,24.98,100526,77055724.0,6.64,4.11,1.04,2.78
2016-02-05,600095,26.27,25.44,26.73,25.41,57954,44856949.0,5.01,-3.42,-0.9,1.6
2016-02-15,600095,24.48,25.01,25.34,23.87,46904,34551944.0,5.78,-1.69,-0.43,1.3
2016-02-16,600095,25.34,26.55,26.81,25.23,60108,46661452.0,6.32,6.16,1.54,1.66
2016-02-17,600095,26.55,27.13,27.27,25.98,89443,70973110.0,4.86,2.18,0.58,2.48
2016-02-18,600095,27.2,26.84,27.56,26.73,69163,55570945.0,3.06,-1.07,-0.29,1.91
2016-02-19,600095,26.77,27.06,27.56,26.66,58460,46943607.0,3.35,0.82,0.22,1.62
2016-02-22,600095,27.38,27.77,28.17,27.38,84333,69329948.0,2.92,2.62,0.71,2.33
2016-02-23,600095,27.56,27.27,27.84,26.73,70434,56843847.0,4.0,-1.8,-0.5,1.95
2016-02-24,600095,26.98,27.84,27.95,26.84,65146,52878620.0,4.07,2.09,0.57,1.8
2016-02-25,600095,27.66,26.55,28.67,25.95,205591,167789479.0,9.77,-4.63,-1.29,5.69
2016-02-26,600095,27.06,29.38,29.38,26.2,361726,306892880.0,11.98,10.66,2.83,10.01
2016-02-29,600095,28.74,28.6,29.67,26.27,304676,244517854.0,11.57,-2.65,-0.78,8.43
2016-03-01,600095,27.41,27.92,28.7,26.63,175452,144663334.0,7.24,-2.38,-0.68,4.86
2016-03-02,600095,27.66,29.71,30.03,27.13,228870,194289509.0,10.39,6.41,1.79,6.34
2016-03-03,600095,29.42,29.13,30.46,28.95,207362,181308007.0,5.08,-1.95,-0.58,5.74
2016-03-04,600095,28.7,27.09,29.06,26.81,137741,113603061.0,7.72,-7.0,-2.04,3.81
2016-03-07,600095,27.38,29.92,29.96,27.2,194988,166054659.0,10.19,10.45,2.83,5.4
2016-03-08,600095,29.74,28.92,29.74,27.63,162174,137164415.0,7.05,-3.34,-1.0,4.49
2016-03-09,600095,28.06,27.74,28.6,27.63,92643,76792057.0,3.35,-4.08,-1.18,2.56
2016-03-10,600095,27.92,26.59,28.35,26.52,87643,71031133.0,6.6,-4.15,-1.15,2.43
2016-03-11,600095,26.09,26.34,26.52,25.37,67673,52292623.0,4.32,-0.94,-0.25,1.87
2016-03-14,600095,26.59,27.49,27.84,26.59,78105,63188887.0,4.75,4.37,1.15,2.16
2016-03-15,600095,27.2,27.27,27.63,27.06,51590,41750790.0,2.07,-0.8,-0.22,1.43
2016-03-16,600095,27.88,27.41,28.7,27.2,79738,65684927.0,5.5,0.51,0.14,2.21
2016-03-17,600095,27.16,28.13,28.52,27.16,103209,85381295.0,4.96,2.63,0.72,2.86
2016-03-18,600095,27.99,28.81,29.38,27.81,158957,134710441.0,5.58,2.42,0.68,4.4
2016-03-21,600095,28.85,29.49,29.6,28.81,137235,118273818.0,2.74,2.36,0.68,3.8
2016-03-22,600095,29.28,30.75,30.89,28.85,197126,174308491.0,6.92,4.27,1.26,5.46
2016-03-23,600095,30.32,30.57,30.85,29.67,104752,93641160.0,3.84,-0.59,-0.18,2.9
2016-03-24,600095,30.46,30.53,32.32,30.1,174264,160743545.0,7.26,-0.13,-0.04,4.82
2016-03-25,600095,30.53,31.71,31.96,30.32,131211,120891837.0,5.37,3.87,1.18,3.63
2016-03-28,600095,31.68,32.72,33.75,31.35,220359,212379690.0,7.57,3.19,1.01,6.1
2016-03-29,600095,32.47,30.92,32.86,30.75,129982,120737468.0,6.45,-5.5,-1.8,3.6
2016-03-30,600095,31.32,32.18,32.36,31.32,117901,110837781.0,3.36,4.08,1.26,3.26
2016-03-31,600095,32.21,32.36,32.79,31.89,97901,93165012.0,2.8,0.56,0.18,2.71
2016-04-01,600095,32.0,32.64,32.72,31.03,106044,98921512.0,5.22,0.87,0.28,2.94
2016-04-05,600095,32.54,33.43,33.97,32.18,111806,109100425.0,5.48,2.42,0.79,3.09
2016-04-06,600095,33.15,33.83,34.26,33.0,96081,94661374.0,3.77,1.2,0.4,2.66
2016-04-07,600095,33.83,34.4,35.33,33.4,132755,133425184.0,5.7,1.68,0.57,3.67
2016-04-08,600095,34.15,32.11,34.4,30.92,297554,283016928.0,10.12,-6.66,-2.29,8.24
2016-04-11,600095,31.5,32.32,32.68,31.5,186989,176417440.0,3.67,0.65,0.21,5.18
2016-04-12,600095,32.11,31.64,32.54,30.78,165159,153334531.0,5.45,-2.1,-0.68,4.57
2016-04-13,600095,31.57,32.32,33.11,31.57,147617,140655830.0,4.87,2.15,0.68,4.09
2016-04-14,600095,32.5,34.51,35.37,32.5,203517,203552321.0,8.88,6.78,2.19,5.63
2016-04-15,600095,34.22,34.69,35.51,33.75,148697,150179383.0,5.1,0.52,0.18,4.12
2016-04-18,600095,34.33,34.79,35.4,33.93,137619,140187375.0,4.24,0.29,0.1,3.81
2016-04-19,600095,34.94,34.4,35.15,33.75,102955,103443343.0,4.02,-1.12,-0.39,2.85
2016-04-20,600095,34.26,33.11,34.76,31.21,182355,175251394.0,10.32,-3.75,-1.29,5.05
2016-04-21,600095,32.79,34.54,35.33,32.47,189910,189825836.0,8.64,4.32,1.43,5.26
2016-04-22,600095,34.08,33.86,34.11,33.07,124559,122653540.0,3.01,-1.97,-0.68,3.45
2016-04-25,600095,33.54,33.11,33.61,32.57,83877,81394058.0,3.07,-2.22,-0.75,2.32
2016-04-26,600095,33.11,35.08,35.22,33.0,145564,146334326.0,6.7,5.95,1.97,4.03
2016-04-27,600095,35.22,34.69,36.23,34.44,158220,163159587.0,5.1,-1.11,-0.39,4.38
2016-04-28,600095,34.69,35.12,35.37,33.43,124213,125326519.0,5.59,1.24,0.43,3.44
2016-04-29,600095,35.01,34.83,35.51,34.51,86913,89012791.0,2.85,-0.83,-0.29,2.41
2016-05-03,600095,34.65,35.83,36.08,34.08,145401,149827338.0,5.74,2.87,1.0,4.02
2016-05-04,600095,35.22,35.12,35.65,34.97,111799,115178657.0,1.9,-1.98,-0.71,3.09
2016-05-05,600095,34.94,34.87,35.26,34.26,92570,93927727.0,2.85,-0.71,-0.25,2.56
2016-05-06,600095,34.76,34.11,35.04,33.43,156586,156826795.0,4.62,-2.18,-0.76,4.33
2016-05-09,600095,33.15,31.07,33.25,30.89,142723,133896233.0,6.92,-8.91,-3.04,3.95
2016-05-10,600095,31.1,32.39,32.54,31.1,102448,96121633.0,4.63,4.25,1.32,2.84
2016-05-11,600095,32.72,32.9,33.61,32.57,111293,108281937.0,3.21,1.57,0.51,3.08
2016-05-12,600095,32.32,31.96,33.11,30.75,82003,77328220.0,7.17,-2.86,-0.94,2.27
2016-05-13,600095,32.21,32.0,32.75,31.46,44696,42181984.0,4.04,0.13,0.04,1.24
2016-05-16,600095,32.29,32.79,32.9,32.0,45827,43683941.0,2.81,2.47,0.79,1.27
2016-05-17,600095,32.61,33.07,33.43,32.47,50799,49079280.0,2.93,0.85,0.28,1.41
2016-05-18,600095,32.72,32.29,33.22,31.5,48218,45697230.0,5.2,-2.36,-0.78,1.33
2016-05-19,600095,32.29,32.21,32.9,32.0,36071,34339378.0,2.79,-0.25,-0.08,1.0
2016-05-20,600095,31.86,32.47,32.54,31.57,27846,26256866.0,3.01,0.81,0.26,0.77
2016-05-23,600095,32.36,32.93,32.97,32.14,42430,40711757.0,2.56,1.42,0.46,1.17
2016-05-24,600095,32.9,32.57,32.93,32.36,42985,41089607.0,1.73,-1.09,-0.36,1.19
2016-05-25,600095,32.61,32.97,33.11,32.61,56350,54323101.0,1.54,1.23,0.4,1.56
2016-05-26,600095,33.07,32.47,33.25,31.75,42019,39960688.0,4.55,-1.52,-0.5,1.16
2016-05-27,600095,32.18,32.29,32.86,32.11,35723,34078193.0,2.31,-0.55,-0.18,0.99
2016-05-30,600095,32.11,31.71,32.11,31.07,36327,33785873.0,3.22,-1.8,-0.58,1.01
2016-05-31,600095,31.43,32.75,32.82,31.43,42088,40143991.0,4.38,3.28,1.04,1.17
2016-06-01,600095,32.86,32.97,33.72,32.75,63113,61621251.0,2.96,0.67,0.22,1.75
2016-06-02,600095,32.79,34.18,34.33,32.75,78068,76711935.0,4.79,3.67,1.21,2.16
2016-06-03,600095,34.69,33.79,34.94,33.68,59853,59669164.0,3.69,-1.14,-0.39,1.66
2016-06-06,600095,33.4,33.93,34.29,33.4,47781,47247188.0,2.63,0.41,0.14,1.32
2016-06-07,600095,34.22,33.65,34.26,33.4,30216,29834681.0,2.53,-0.83,-0.28,0.84
2016-06-08,600095,33.5,33.07,33.65,32.36,48561,46897773.0,3.83,-1.72,-0.58,1.34
2016-06-13,600095,32.29,31.57,32.64,31.5,42476,40066198.0,3.45,-4.54,-1.5,1.18
2016-06-14,600095,31.28,31.32,31.57,30.96,35505,32646196.0,1.93,-0.79,-0.25,0.98
2016-06-15,600095,31.28,32.04,32.36,30.96,37048,34771976.0,4.47,2.3,0.72,1.03
2016-06-16,600095,32.04,31.39,32.36,31.25,40038,37141753.0,3.46,-2.03,-0.65,1.11
2016-06-17,600095,31.39,32.25,32.29,31.28,54681,51421695.0,3.22,2.74,0.86,1.51
2016-06-20,600095,31.68,32.75,33.4,29.13,157841,146010214.0,13.24,1.55,0.5,4.37
2016-06-21,600095,32.36,31.35,32.9,31.1,101865,95094489.0,5.5,-4.27,-1.4,2.82
2016-06-22,600095,31.28,31.39,31.46,30.57,55405,50509347.0,2.84,0.13,0.04,1.53
2016-06-23,600095,31.35,31.14,31.43,30.92,34847,31979600.0,1.62,-0.8,-0.25,0.96
2016-06-24,600095,31.14,31.78,32.29,30.92,91945,85095031.0,4.4,2.06,0.64,2.55
2016-06-27,600095,31.57,31.93,32.07,31.32,48258,44932092.0,2.36,0.47,0.15,1.34
2016-06-28,600095,31.93,31.96,32.18,31.46,47884,44863703.0,2.25,0.09,0.03,1.33
2016-06-29,600095,32.0,33.04,33.4,31.75,108005,103258732.0,5.16,3.38,1.08,2.99
2016-06-30,600095,32.9,33.9,34.69,32.32,147927,145508712.0,7.17,2.6,0.86,4.09
2016-07-01,600095,33.79,33.04,34.04,33.0,86491,84779852.0,3.07,-2.54,-0.86,2.39
2016-07-04,600095,32.69,32.83,32.91,31.76,93620,88852205.0,3.48,-0.64,-0.21,2.59
2016-07-05,600095,33.08,32.8,33.44,32.48,55964,53897737.0,2.92,-0.09,-0.03,1.55
2016-07-06,600095,32.76,32.8,33.08,32.48,50717,48765762.0,1.83,0.0,0.0,1.4
2016-07-07,600095,32.76,32.62,32.98,32.15,50066,47907185.0,2.53,-0.55,-0.18,1.39
2016-07-08,600095,32.58,32.69,32.94,32.4,29325,28105817.0,1.66,0.21,0.07,0.81
2016-07-11,600095,32.58,32.44,33.26,32.4,40720,39166887.0,2.63,-0.76,-0.25,1.13
2016-07-12,600095,32.58,32.48,32.58,31.8,41510,39244006.0,2.4,0.12,0.04,1.15
2016-07-13,600095,32.69,32.8,32.94,32.48,47280,45359454.0,1.42,0.99,0.32,1.31
2016-07-14,600095,32.98,33.3,33.77,32.69,71113,69396871.0,3.29,1.52,0.5,1.97
2016-07-15,600095,33.08,33.01,33.26,32.62,34635,33395190.0,1.92,-0.87,-0.29,0.96
2016-07-18,600095,32.94,32.66,33.08,32.4,27045,25927125.0,2.06,-1.06,-0.35,0.75
2016-07-19,600095,32.66,32.8,32.83,32.44,25608,24480686.0,1.19,0.43,0.14,0.71
2016-07-20,600095,32.87,33.48,33.91,32.66,77369,75515877.0,3.81,2.07,0.68,2.14
2016-07-21,600095,33.44,33.19,33.69,33.08,45711,44593840.0,1.82,-0.87,-0.29,1.27
2016-07-22,600095,33.3,33.62,33.73,33.12,59327,58069011.0,1.84,1.3,0.43,1.64
2016-07-25,600095,33.51,34.02,34.95,33.41,115658,115871950.0,4.58,1.19,0.4,3.2
2016-07-26,600095,33.87,34.02,34.27,33.66,56851,56364213.0,1.79,0.0,0.0,1.57
2016-07-27,600095,34.02,32.01,34.02,30.9,109560,104056200.0,9.17,-5.91,-2.01,3.03
2016-07-28,600095,31.83,31.72,32.15,31.33,38282,35603310.0,2.56,-0.91,-0.29,1.06
2016-07-29,600095,31.83,31.44,32.08,31.19,29696,27524216.0,2.81,-0.88,-0.28,0.82
2016-08-01,600095,31.26,31.47,31.65,30.83,29976,27416547.0,2.61,0.1,0.03,0.83
2016-08-02,600095,31.47,31.47,31.65,31.01,29879,27455068.0,2.03,0.0,0.0,0.83
2016-08-03,600095,31.47,31.76,31.8,31.04,50005,46349892.0,2.41,0.92,0.29,1.38
2016-08-04,600095,31.69,31.76,31.83,31.26,21216,19674428.0,1.79,0.0,0.0,0.59
2016-08-05,600095,31.76,31.19,31.83,31.19,21607,19951448.0,2.02,-1.79,-0.57,0.6
2016-08-08,600095,31.22,31.65,32.01,30.47,39878,36628689.0,4.94,1.47,0.46,1.1
2016-08-09,600095,31.54,31.87,31.97,31.54,39665,36996439.0,1.36,0.7,0.22,1.1
2016-08-10,600095,32.05,32.15,32.3,31.83,29517,27776503.0,1.47,0.88,0.28,0.82
2016-08-11,600095,32.12,31.19,32.12,31.19,26844,24885160.0,2.89,-2.99,-0.96,0.74
2016-08-12,600095,31.08,31.62,31.76,31.08,18538,17129265.0,2.18,1.38,0.43,0.51
2016-08-15,600095,31.69,32.08,32.19,31.62,36535,34319206.0,1.8,1.45,0.46,1.01
2016-08-16,600095,32.19,32.15,32.19,31.51,42618,39920542.0,2.12,0.22,0.07,1.18
2016-08-17,600095,32.08,32.01,32.26,31.87,26386,24765243.0,1.21,-0.44,-0.14,0.73
2016-08-18,600095,32.08,32.37,32.69,32.01,44107,41835406.0,2.12,1.12,0.36,1.22
2016-08-19,600095,32.23,32.19,32.33,31.76,30642,28778393.0,1.76,-0.56,-0.18,0.85
2016-08-22,600095,32.19,31.76,32.51,31.76,25430,23915597.0,2.33,-1.34,-0.43,0.7
2016-08-23,600095,31.76,32.01,32.12,31.62,23369,21851573.0,1.57,0.79,0.25,0.65
2016-08-24,600095,32.33,31.9,32.33,31.69,25908,24334489.0,2.0,-0.34,-0.11,0.72
2016-08-25,600095,31.76,31.62,31.83,31.08,26970,24887614.0,2.35,-0.88,-0.28,0.75
2016-08-26,600095,31.69,31.65,31.97,31.51,26166,24333908.0,1.45,0.09,0.03,0.72
2016-08-29,600095,31.83,31.97,31.97,31.44,24663,23030727.0,1.67,1.01,0.32,0.68
2016-08-30,600095,31.94,31.97,32.19,31.83,22434,21068277.0,1.13,0.0,0.0,0.62
2016-08-31,600095,31.97,32.15,32.23,31.62,26148,24561351.0,1.91,0.56,0.18,0.72
2016-09-01,600095,31.97,35.16,35.52,31.97,339572,344725440.0,11.04,9.36,3.01,9.4
2016-09-02,600095,34.55,34.02,34.66,33.59,196649,195579557.0,3.04,-3.24,-1.14,5.44
2016-09-05,600095,33.59,34.16,34.7,33.55,116316,116160926.0,3.38,0.41,0.14,3.22
2016-09-06,600095,33.34,34.02,34.8,33.34,117729,117467025.0,4.27,-0.41,-0.14,3.26
2016-09-07,600095,33.84,34.27,34.52,33.59,85765,85539095.0,2.73,0.73,0.25,2.37
2016-09-08,600095,34.05,34.27,34.55,34.05,53654,53780853.0,1.46,0.0,0.0,1.49
2016-09-09,600095,34.27,34.41,34.48,34.02,54524,54598656.0,1.34,0.41,0.14,1.51
2016-09-12,600095,33.98,34.05,35.88,33.3,95118,96306677.0,7.5,-1.05,-0.36,2.63
2016-09-13,600095,34.02,35.02,35.45,34.02,86168,87615200.0,4.2,2.85,0.97,2.39
2016-09-14,600095,34.77,38.28,38.67,34.66,205583,220447520.0,11.45,9.31,3.26,5.69
2016-09-19,600095,37.42,37.49,37.71,36.7,114970,124512472.0,2.64,-2.06,-0.79,3.18
2016-09-20,600095,37.17,36.88,37.24,36.27,87014,92935635.0,2.59,-1.63,-0.61,2.41
2016-09-21,600095,36.63,36.38,36.74,36.06,53935,57219624.0,1.84,-1.36,-0.5,1.49
2016-09-22,600095,36.45,36.42,37.35,36.24,65866,70624833.0,3.05,0.11,0.04,1.82
2016-09-23,600095,36.27,38.67,39.5,35.99,139630,153171903.0,9.64,6.18,2.25,3.87
2016-09-26,600095,38.14,37.56,38.78,37.42,109228,120516052.0,3.52,-2.87,-1.11,3.02
2016-09-27,600095,37.53,38.42,38.6,37.1,76153,83824270.0,3.99,2.29,0.86,2.11
2016-09-28,600095,38.14,38.53,39.57,37.81,73789,82904657.0,4.58,0.29,0.11,2.04
2016-09-29,600095,38.17,38.49,38.92,37.85,65167,72740345.0,2.78,-0.1,-0.04,1.8
2016-09-30,600095,38.21,38.49,39.03,38.06,59938,67016252.0,2.52,0.0,0.0,1.66
2016-10-10,600095,38.32,37.28,38.78,36.42,81692,88649405.0,6.13,-3.14,-1.21,2.26
2016-10-11,600095,37.28,37.31,37.78,37.03,63095,68654314.0,2.01,0.08,0.03,1.75
2016-10-12,600095,37.06,37.2,37.67,36.92,55757,60376271.0,2.01,-0.29,-0.11,1.54
2016-10-13,600095,37.42,37.2,37.46,36.99,36744,39851183.0,1.26,0.0,0.0,1.02
2016-10-14,600095,37.35,38.03,38.32,37.13,91617,100982764.0,3.2,2.23,0.83,2.54
2016-10-17,600095,38.03,38.1,38.64,36.45,102243,111637539.0,5.76,0.18,0.07,2.83
2016-10-18,600095,37.78,38.24,38.46,37.53,65410,72487584.0,2.44,0.37,0.14,1.81
2016-10-19,600095,38.49,37.74,38.57,37.56,46119,50865785.0,2.64,-1.31,-0.5,1.28
2016-10-20,600095,37.74,37.17,37.85,36.81,46984,50829243.0,2.76,-1.51,-0.57,1.3
2016-10-21,600095,37.1,38.24,38.32,36.85,54185,59085263.0,3.95,2.88,1.07,1.5
2016-10-24,600095,38.28,38.6,39.68,37.71,87549,98377647.0,5.15,0.94,0.36,2.42
2016-10-25,600095,38.46,39.71,40.64,38.1,162594,185482177.0,6.58,2.88,1.11,4.5
2016-10-26,600095,39.57,38.71,39.71,38.53,59246,66967687.0,2.97,-2.52,-1.0,1.64
2016-10-27,600095,38.53,39.0,39.07,38.14,37207,41739823.0,2.4,0.75,0.29,1.03
2016-10-28,600095,38.64,38.1,39.0,38.03,36251,40418241.0,2.49,-2.31,-0.9,1.0
2016-10-31,600095,37.92,38.42,38.57,37.85,37255,41477315.0,1.89,0.84,0.32,1.03
2016-11-01,600095,38.39,38.53,38.78,38.21,33906,37996253.0,1.48,0.29,0.11,0.94
2016-11-02,600095,38.35,37.63,38.49,37.53,43273,47916752.0,2.49,-2.34,-0.9,1.2
2016-11-03,600095,37.56,38.32,38.64,37.42,51511,56991983.0,3.24,1.83,0.69,1.43
2016-11-04,600095,38.32,38.21,38.6,38.17,35802,39940943.0,1.12,-0.29,-0.11,0.99
2016-11-07,600095,38.1,39.21,39.39,38.1,53861,60951875.0,3.38,2.62,1.0,1.49
2016-11-08,600095,39.21,39.21,39.82,38.71,51374,58555237.0,2.83,0.0,0.0,1.42
2016-11-09,600095,39.28,38.74,39.86,38.46,58745,66928274.0,3.57,-1.2,-0.47,1.63
2016-11-10,600095,39.0,39.21,39.78,38.82,47303,54100341.0,2.48,1.21,0.47,1.31
2016-11-11,600095,39.32,39.78,40.93,39.21,87320,101871646.0,4.39,1.45,0.57,2.42
2016-11-14,600095,39.6,40.43,40.61,38.85,81222,93030501.0,4.42,1.63,0.65,2.25
2016-11-15,600095,40.18,39.75,40.25,39.53,44045,51054075.0,1.78,-1.68,-0.68,1.22
2016-11-16,600095,39.68,39.32,40.36,39.17,48468,55795861.0,2.99,-1.08,-0.43,1.34
2016-11-17,600095,39.39,39.39,39.86,39.1,34444,39536664.0,1.93,0.18,0.07,0.95
2016-11-18,600095,39.43,39.96,40.11,39.25,50466,58309642.0,2.18,1.45,0.57,1.4
2016-11-21,600095,40.0,40.82,41.93,39.96,113424,134745592.0,4.93,2.15,0.86,3.14
2016-11-22,600095,40.54,41.86,42.26,40.54,136016,164291844.0,4.21,2.55,1.04,3.77
2016-11-23,600095,41.86,43.15,44.48,41.57,223796,278109344.0,6.95,3.08,1.29,6.19
2016-11-24,600095,43.15,42.69,43.69,42.29,100041,124131333.0,3.24,-1.07,-0.46,2.77
2016-11-25,600095,42.9,43.15,43.58,41.0,93168,114964292.0,6.04,1.08,0.46,2.58
2016-11-28,600095,42.94,44.91,45.52,42.94,114107,146942306.0,5.98,4.08,1.76,3.16
2016-11-29,600095,44.76,44.33,45.48,44.12,73089,94156386.0,3.03,-1.29,-0.58,2.02
2016-11-30,600095,43.72,43.65,44.94,43.44,95780,121694065.0,3.38,-1.53,-0.68,2.65
2016-12-01,600095,43.9,44.91,45.23,43.9,138178,178942932.0,3.05,2.89,1.26,3.82
2016-12-02,600095,44.94,44.98,45.3,44.55,90063,116824180.0,1.67,0.16,0.07,2.49
2016-12-05,600095,44.66,44.98,45.98,44.66,85587,111894976.0,2.93,0.0,0.0,2.37
2016-12-06,600095,44.98,45.12,45.66,44.44,86958,113463256.0,2.71,0.31,0.14,2.41
2016-12-07,600095,45.26,46.91,48.7,45.01,210404,285044288.0,8.18,3.97,1.79,5.82
2016-12-08,600095,46.38,43.33,46.45,42.79,355446,459142544.0,7.8,-7.63,-3.58,9.84
2016-12-09,600095,42.79,44.44,44.87,42.15,123240,156780990.0,6.28,2.56,1.11,3.41
2016-12-12,600095,44.48,45.34,46.02,44.48,242549,317815328.0,3.47,2.03,0.9,6.71
2016-12-13,600095,45.19,44.58,45.19,42.0,108926,137882455.0,7.04,-1.68,-0.76,3.02
2016-12-14,600095,44.12,44.98,45.66,43.9,121339,157530645.0,3.95,0.9,0.4,3.36
2016-12-15,600095,45.23,46.45,46.81,44.73,123255,163097565.0,4.62,3.27,1.47,3.41
2016-12-16,600095,46.2,46.12,47.38,45.52,130675,175233486.0,4.0,-0.71,-0.33,3.62
2016-12-19,600095,45.91,45.87,46.77,44.8,61439,81086809.0,4.27,-0.54,-0.25,1.7
2016-12-20,600095,46.27,45.66,46.27,45.3,37050,48845595.0,2.11,-0.46,-0.21,1.03
2016-12-21,600095,45.66,45.23,46.34,44.51,60347,79351052.0,4.01,-0.94,-0.43,1.67
2016-12-22,600095,45.09,44.98,45.48,43.87,81974,105594269.0,3.56,-0.55,-0.25,2.27
2016-12-23,600095,44.94,45.55,45.66,44.05,66727,86657539.0,3.58,1.27,0.57,1.85
2016-12-26,600095,45.66,45.19,45.69,44.76,39673,51644258.0,2.04,-0.79,-0.36,1.1
2016-12-27,600095,45.23,44.76,45.8,44.51,31009,40219333.0,2.85,-0.95,-0.43,0.86
2016-12-28,600095,44.44,44.87,45.52,44.4,21334,27710234.0,2.5,0.25,0.11,0.59
2016-12-29,600095,44.98,44.55,45.12,44.23,36475,47208838.0,1.98,-0.71,-0.32,1.01
2016-12-30,600095,44.4,44.66,44.76,44.3,20883,26915074.0,1.03,0.25,0.11,0.58
2017-01-03,600095,44.69,44.8,44.94,44.55,24596,31843452.0,0.87,0.31,0.14,0.68
2017-01-04,600095,44.83,45.3,45.44,44.8,54086,70516159.0,1.43,1.12,0.5,1.5
2017-01-05,600095,44.94,45.52,46.63,44.94,65953,87406099.0,3.73,0.49,0.22,1.83
2017-01-06,600095,45.52,44.66,45.59,43.33,80598,103213551.0,4.96,-1.89,-0.86,2.23
2017-01-09,600095,44.66,44.62,44.69,41.36,41736,53258966.0,7.46,-0.09,-0.04,1.16
2017-01-10,600095,44.44,44.94,45.95,44.05,43588,56352789.0,4.26,0.72,0.32,1.21
2017-01-11,600095,44.69,44.55,45.41,44.3,20832,26901790.0,2.47,-0.87,-0.39,0.58
2017-01-12,600095,44.73,44.51,44.8,44.37,22897,29526176.0,0.97,-0.09,-0.04,0.63
2017-01-13,600095,44.44,44.58,45.05,44.4,32444,41939714.0,1.46,0.16,0.07,0.9
2017-01-16,600095,44.62,43.83,44.83,41.36,49457,62050806.0,7.78,-1.68,-0.75,1.37
2017-01-17,600095,43.37,43.22,43.87,42.43,36796,45999045.0,3.29,-1.39,-0.61,1.02
2017-01-18,600095,43.08,43.29,44.37,42.83,34849,43990105.0,3.56,0.16,0.07,0.96
2017-01-19,600095,43.08,42.61,43.33,42.26,29110,35995426.0,2.47,-1.57,-0.68,0.81
2017-01-20,600095,42.9,43.15,43.29,42.15,33273,41441482.0,2.68,1.27,0.54,0.92
2017-01-23,600095,43.19,43.69,44.55,42.94,31848,40206165.0,3.73,1.25,0.54,0.88
2017-01-24,600095,43.69,43.69,44.58,43.29,32487,41237599.0,2.95,0.0,0.0,0.9
2017-01-25,600095,43.69,44.12,44.26,43.19,27256,34631520.0,2.45,0.98,0.43,0.75
2017-01-26,600095,43.8,44.62,44.8,43.8,28909,37183906.0,2.27,1.13,0.5,0.8
2017-02-03,600095,45.55,45.55,49.24,44.33,70501,92578383.0,11.0,2.08,0.93,1.95
2017-02-06,600095,45.55,44.4,45.62,43.87,67108,86114893.0,3.84,-2.52,-1.15,1.86
2017-02-07,600095,44.4,42.26,44.4,42.04,132799,166171237.0,5.32,-4.82,-2.14,3.68
2017-02-08,600095,42.15,42.04,42.33,41.11,96050,115985067.0,2.89,-0.52,-0.22,2.66
2017-02-09,600095,41.9,42.11,42.58,41.79,69409,85073665.0,1.88,0.17,0.07,1.92
2017-02-10,600095,41.97,42.11,42.69,41.97,39496,48342615.0,1.71,0.0,0.0,1.09
2017-02-13,600095,42.0,43.4,43.87,41.93,89225,111106752.0,4.61,3.06,1.29,2.47
2017-02-14,600095,43.37,42.9,43.9,42.61,53689,67021218.0,2.97,-1.15,-0.5,1.49
2017-02-15,600095,43.08,42.83,43.4,42.61,40319,50244125.0,1.84,-0.16,-0.07,1.12
2017-02-16,600095,42.69,42.97,43.51,42.69,60498,75523030.0,1.91,0.33,0.14,1.67
2017-02-17,600095,43.19,43.29,44.08,43.12,76735,96612738.0,2.23,0.74,0.32,2.12
2017-02-20,600095,43.44,46.77,47.63,43.44,197920,262679063.0,9.68,8.04,3.48,5.48
2017-02-21,600095,47.2,46.3,49.13,45.66,236832,322186704.0,7.42,-1.0,-0.47,6.56
2017-02-22,600095,46.48,46.66,47.74,45.87,152852,205524568.0,4.04,0.78,0.36,4.23
2017-02-23,600095,46.38,44.3,46.84,44.23,162864,212738146.0,5.59,-5.06,-2.36,4.51
2017-02-24,600095,44.33,45.23,45.3,43.98,96513,124711791.0,2.98,2.1,0.93,2.67
2017-02-27,600095,45.12,45.16,45.8,45.01,77535,101609887.0,1.75,-0.15,-0.07,2.15
2017-02-28,600095,44.87,44.94,45.44,44.51,39690,51515901.0,2.06,-0.49,-0.22,1.1
2017-03-01,600095,44.98,45.26,45.8,44.66,62933,82216385.0,2.54,0.71,0.32,1.74
2017-03-02,600095,45.48,44.91,46.12,44.58,82841,108494655.0,3.4,-0.77,-0.35,2.29
2017-03-03,600095,44.62,44.98,45.37,44.33,44096,57333113.0,2.32,0.16,0.07,1.22
2017-03-06,600095,44.91,45.52,45.62,44.76,51266,67129977.0,1.91,1.2,0.54,1.42
2017-03-07,600095,45.55,45.95,46.02,45.55,79238,104809981.0,1.03,0.94,0.43,2.19
2017-03-08,600095,46.05,48.13,48.81,45.95,159374,218874463.0,6.22,4.74,2.18,4.41
2017-03-09,600095,47.84,49.49,49.71,47.77,198008,279138416.0,4.03,2.83,1.36,5.48
2017-03-10,600095,49.46,49.1,49.78,48.2,342136,483875952.0,3.19,-0.79,-0.39,9.47
2017-03-13,600095,48.78,50.28,50.6,48.35,327971,466679168.0,4.58,2.4,1.18,9.08
2017-03-14,600095,49.78,48.02,49.78,47.56,174358,244181823.0,4.42,-4.49,-2.26,4.83
2017-03-15,600095,48.02,48.17,48.88,47.49,97451,135822281.0,2.89,0.31,0.15,2.7
2017-03-16,600095,48.13,47.74,48.31,47.27,125341,172752248.0,2.16,-0.89,-0.43,3.47
2017-03-17,600095,47.49,47.84,48.09,47.31,110124,151673744.0,1.63,0.21,0.1,3.05
2017-03-20,600095,47.77,47.66,48.27,47.34,123124,169604975.0,1.94,-0.38,-0.18,3.41
2017-03-21,600095,47.7,47.27,47.81,46.84,98074,133644312.0,2.04,-0.82,-0.39,2.71
2017-03-22,600095,47.23,46.59,47.52,45.48,169494,227515145.0,4.32,-1.44,-0.68,4.69
2017-03-23,600095,46.7,45.84,46.95,45.23,121554,160510900.0,3.69,-1.61,-0.75,3.36
2017-03-24,600095,46.05,43.26,46.2,43.04,167545,214273968.0,6.89,-5.63,-2.58,4.64
2017-03-27,600095,43.26,40.25,43.47,39.71,258797,310520736.0,8.69,-6.96,-3.01,7.16
2017-03-28,600095,39.6,41.04,41.5,38.96,212810,246954960.0,6.31,1.96,0.79,5.89
2017-03-29,600095,40.64,40.0,40.89,39.86,102718,120155684.0,2.51,-2.53,-1.04,2.84
2017-03-30,600095,39.57,38.21,40.14,37.78,118748,133430702.0,5.9,-4.48,-1.79,3.29
2017-03-31,600095,38.42,39.1,39.25,37.85,95192,106664071.0,3.66,2.33,0.89,2.63
2017-04-05,600095,39.39,39.68,40.11,38.71,78262,89434666.0,3.58,1.48,0.58,2.17
2017-04-06,600095,39.75,38.82,40.14,38.67,94253,107776682.0,3.7,-2.17,-0.86,2.61
2017-04-07,600095,38.85,38.35,39.21,37.71,102290,113697077.0,3.86,-1.21,-0.47,2.83
2017-04-10,600095,38.39,37.42,38.39,37.17,80065,87514031.0,3.18,-2.43,-0.93,2.22
2017-04-11,600095,37.42,35.59,37.46,34.23,206731,212795051.0,8.63,-4.89,-1.83,5.72
2017-04-12,600095,35.27,35.56,36.38,35.02,120540,126226752.0,3.82,-0.08,-0.03,3.34
2017-04-13,600095,35.27,35.52,35.91,35.27,50310,52241949.0,1.8,-0.11,-0.04,1.39
2017-04-14,600095,33.84,34.77,35.27,33.84,58179,59126962.0,4.03,-2.11,-0.75,1.61
2017-04-17,600095,34.88,31.11,35.02,31.11,249213,232947540.0,11.25,-10.53,-3.66,6.9
2017-04-18,600095,31.15,31.4,32.4,31.15,104904,97587390.0,4.02,0.93,0.29,2.9
2017-04-19,600095,30.94,31.9,32.19,30.79,80000,74135866.0,4.46,1.59,0.5,2.21
2017-04-20,600095,32.3,31.4,32.3,31.04,63277,58382292.0,3.95,-1.57,-0.5,1.75
2017-04-21,600095,31.62,31.19,31.62,30.94,55691,50966938.0,2.17,-0.67,-0.21,1.54
2017-04-24,600095,31.19,28.79,31.26,28.36,97098,83553054.0,9.3,-7.69,-2.4,2.69
2017-04-25,600095,28.82,28.71,29.32,28.61,55200,47073899.0,2.47,-0.28,-0.08,1.53
2017-04-26,600095,28.93,29.43,29.72,28.36,77759,66078306.0,4.74,2.51,0.72,2.15
2017-04-27,600095,29.18,30.65,31.37,28.86,165033,147494218.0,8.53,4.15,1.22,4.57
2017-04-28,600095,32.26,33.87,33.87,31.58,324170,315555104.0,7.47,10.51,3.22,8.97
2017-05-02,600095,34.2,37.42,37.42,33.91,531133,568644592.0,10.36,10.48,3.55,14.7
2017-05-03,600095,34.05,36.09,39.43,33.91,605890,628392144.0,14.75,-3.55,-1.33,16.77
2017-05-04,600095,34.91,33.69,35.95,33.48,411023,414885360.0,6.84,-6.65,-2.4,11.38
2017-05-05,600095,33.08,31.51,33.26,31.33,290089,274939712.0,5.73,-6.47,-2.18,8.03
2017-05-08,600095,31.15,29.68,31.72,29.32,196371,176178003.0,7.62,-5.81,-1.83,5.44
2017-05-09,600095,29.66,29.81,29.95,28.7,163242,141109543.0,4.21,0.44,0.13,4.52
2017-05-10,600095,29.7,28.48,30.06,28.45,157040,135443962.0,5.4,-4.46,-1.33,4.35
2017-05-11,600095,27.26,27.12,27.69,25.76,196573,154707280.0,6.78,-4.78,-1.36,5.44
2017-05-12,600095,27.05,27.16,27.77,26.87,123946,100017819.0,3.32,0.15,0.04,3.43
2017-05-15,600095,27.77,26.4,27.8,26.19,111057,88748433.0,5.93,-2.8,-0.76,3.07
2017-05-16,600095,26.91,28.05,28.23,26.37,176624,142021266.0,7.05,6.25,1.65,4.89
2017-05-17,600095,27.84,27.87,28.41,27.62,148061,122345962.0,2.82,-0.64,-0.18,4.1
2017-05-18,600095,27.44,28.55,29.23,27.3,197865,165994019.0,6.93,2.44,0.68,5.48
2017-05-19,600095,28.88,28.09,29.09,27.73,145141,120825168.0,4.76,-1.61,-0.46,4.02
2017-05-22,600095,27.91,26.37,28.48,26.01,139617,111698423.0,8.79,-6.12,-1.72,3.86
2017-05-23,600095,26.19,24.47,26.37,24.25,123613,93360789.0,8.04,-7.21,-1.9,3.42
2017-05-24,600095,24.33,24.65,24.76,22.93,99844,71333908.0,7.48,0.74,0.18,2.76
2017-05-25,600095,24.54,25.19,25.47,23.65,148844,108662920.0,7.38,2.19,0.54,4.12
2017-05-26,600095,25.01,25.72,25.87,24.94,116756,87914879.0,3.69,2.1,0.53,3.23
2017-05-31,600095,25.94,25.26,26.4,24.4,136012,103397908.0,7.78,-1.79,-0.46,3.76
2017-06-01,600095,25.15,23.61,25.26,23.5,131108,95062833.0,6.97,-6.53,-1.65,3.63
2017-06-02,600095,23.5,24.43,24.58,23.22,83106,59455160.0,5.76,3.47,0.82,2.3
2017-06-05,600095,24.61,24.76,25.22,24.54,78320,57803380.0,2.78,1.35,0.33,2.17
2017-06-06,600095,24.83,25.11,25.4,24.76,94622,70359356.0,2.58,1.41,0.35,2.62
2017-06-07,600095,25.08,25.83,25.9,25.04,114630,86842599.0,3.42,2.87,0.72,3.17
2017-06-08,600095,25.97,25.94,26.22,25.47,144879,111062253.0,2.9,0.43,0.11,4.01
2017-06-09,600095,25.83,28.7,28.7,25.69,343911,280397136.0,11.6,10.64,2.76,9.52
2017-06-12,600095,29.05,28.91,30.49,28.55,454860,394774048.0,6.76,0.73,0.21,12.59
2017-06-13,600095,28.45,29.31,31.13,27.84,287669,248015969.0,11.38,1.38,0.4,7.96
2017-06-14,600095,28.91,28.34,29.23,28.23,189656,159084885.0,3.41,-3.31,-0.97,5.25
2017-06-15,600095,28.2,28.37,28.59,27.94,122512,102132383.0,2.29,0.11,0.03,3.39
2017-06-16,600095,28.27,28.48,28.98,28.16,103927,87192480.0,2.89,0.39,0.11,2.88
2017-06-19,600095,28.48,28.63,29.13,28.34,76015,64289668.0,2.77,0.53,0.15,2.1
2017-06-20,600095,28.7,30.31,30.99,28.45,241596,211535929.0,8.87,5.87,1.68,6.69
2017-06-21,600095,30.2,29.77,30.74,29.34,109586,96078895.0,4.62,-1.78,-0.54,3.03
2017-06-22,600095,29.59,28.52,29.88,28.16,103343,88059392.0,5.78,-4.2,-1.25,2.86
2017-06-23,600095,28.66,29.23,29.48,28.16,90444,76575599.0,4.63,2.49,0.71,2.5
2017-06-26,600095,29.05,29.63,29.66,28.8,69298,59741295.0,2.94,1.37,0.4,1.92
2017-06-27,600095,29.63,29.2,30.02,29.09,49803,43029695.0,3.14,-1.45,-0.43,1.38
2017-06-28,600095,29.41,28.8,29.41,28.59,41063,35018613.0,2.81,-1.37,-0.4,1.14
2017-06-29,600095,28.8,28.95,29.31,28.73,41780,35630473.0,2.01,0.52,0.15,1.16
2017-06-30,600095,28.91,29.2,29.41,28.73,53073,45509428.0,2.35,0.86,0.25,1.47
2017-07-03,600095,29.45,29.59,29.59,29.05,47835,41259873.0,1.85,1.34,0.39,1.32
2017-07-04,600095,29.63,29.91,30.95,29.63,118236,105010461.0,4.46,1.08,0.32,3.27
2017-07-05,600095,29.63,30.13,30.24,29.63,73239,64521258.0,2.04,0.74,0.22,2.03
2017-07-06,600095,29.95,30.27,30.42,29.74,82144,72646855.0,2.26,0.46,0.14,2.27
2017-07-07,600095,30.24,30.06,30.38,29.88,59634,52731693.0,1.65,-0.69,-0.21,1.65
2017-07-10,600095,29.95,33.21,33.21,29.95,388366,368067616.0,10.84,10.48,3.15,10.75
2017-07-11,600095,33.0,32.03,33.07,31.38,251088,236194384.0,5.09,-3.55,-1.18,6.95
2017-07-12,600095,32.03,34.11,34.68,31.78,343072,332388512.0,9.05,6.49,2.08,9.5
2017-07-13,600095,33.53,33.71,34.11,32.96,176685,173249479.0,3.37,-1.17,-0.4,4.89
2017-07-14,600095,33.35,32.39,33.86,32.35,149739,143496706.0,4.48,-3.92,-1.32,4.14
2017-07-17,600095,32.35,30.17,32.6,28.98,151903,137865873.0,11.18,-6.85,-2.22,4.2
2017-07-18,600095,29.95,31.06,31.74,29.38,98446,87937876.0,7.82,2.95,0.89,2.73
2017-07-19,600095,31.03,31.35,31.78,30.67,105448,96540731.0,3.57,0.93,0.29,2.92
2017-07-20,600095,31.56,31.06,32.39,31.03,102565,94732931.0,4.34,-0.93,-0.29,2.84
2017-07-21,600095,31.06,30.2,31.28,30.02,87504,78163446.0,4.06,-2.77,-0.86,2.42
2017-07-24,600095,30.38,29.31,30.38,28.8,133609,115201499.0,5.23,-2.95,-0.89,3.7
2017-07-25,600095,29.34,30.09,30.17,29.02,84383,73487428.0,3.92,2.66,0.78,2.34
2017-07-26,600095,29.84,29.63,30.09,29.31,47938,41823394.0,2.59,-1.53,-0.46,1.33
2017-07-27,600095,29.84,29.66,29.88,29.16,47833,41585401.0,2.43,0.1,0.03,1.32
2017-07-28,600095,29.84,30.31,30.85,29.45,97259,86463232.0,4.72,2.19,0.65,2.69
2017-07-31,600095,30.31,30.63,30.99,30.02,75362,67763088.0,3.2,1.06,0.32,2.09
2017-08-01,600095,30.63,30.31,30.63,29.74,50134,44366903.0,2.91,-1.04,-0.32,1.39
2017-08-02,600095,29.77,29.48,30.34,29.34,62453,54327440.0,3.3,-2.74,-0.83,1.73
2017-08-03,600095,29.23,29.52,29.84,29.13,47461,41134696.0,2.41,0.14,0.04,1.31
2017-08-04,600095,29.52,28.3,29.52,28.27,111621,94275379.0,4.23,-4.13,-1.22,3.09
2017-08-07,600095,28.34,28.09,28.55,27.8,47151,38962429.0,2.65,-0.74,-0.21,1.31
2017-08-08,600095,28.16,27.87,28.3,27.77,45059,37148679.0,1.89,-0.78,-0.22,1.25
2017-08-09,600095,27.87,28.12,28.63,27.69,50699,42134537.0,3.37,0.9,0.25,1.4
2017-08-10,600095,27.94,27.77,28.3,27.73,45711,37654436.0,2.03,-1.24,-0.35,1.27
2017-08-11,600095,27.59,27.3,27.8,27.19,50240,40653853.0,2.2,-1.69,-0.47,1.39
2017-08-14,600095,27.26,27.77,27.77,27.26,44176,35897649.0,1.87,1.72,0.47,1.22
2017-08-15,600095,27.77,27.73,27.77,27.48,28511,23244626.0,1.04,-0.14,-0.04,0.79
2017-08-16,600095,27.77,27.98,28.27,27.44,41377,33970928.0,2.99,0.9,0.25,1.15
2017-08-17,600095,27.98,28.27,28.59,27.73,57277,47603083.0,3.07,1.04,0.29,1.59
2017-08-18,600095,28.02,28.23,28.48,27.91,36393,30330663.0,2.02,-0.14,-0.04,1.01
2017-08-21,600095,28.34,28.55,28.7,28.09,39600,33128674.0,2.16,1.13,0.32,1.1
2017-08-22,600095,28.66,28.27,28.66,28.12,29592,24637007.0,1.89,-0.98,-0.28,0.82
2017-08-23,600095,28.16,27.69,28.27,27.55,37724,30894497.0,2.55,-2.05,-0.58,1.04
2017-08-24,600095,27.66,27.55,27.77,27.41,22043,17924689.0,1.3,-0.51,-0.14,0.61
2017-08-25,600095,27.55,28.48,28.55,27.44,54266,44796392.0,4.03,3.38,0.93,1.5
2017-08-28,600095,28.48,28.73,29.95,28.37,106344,90777627.0,5.55,0.88,0.25,2.94
2017-08-29,600095,28.48,28.41,28.73,27.98,63030,52566529.0,2.61,-1.11,-0.32,1.74
2017-08-30,600095,28.27,28.12,28.3,27.94,45302,37495369.0,1.27,-1.02,-0.29,1.25
2017-08-31,600095,28.12,27.87,28.12,27.44,54840,44925818.0,2.42,-0.89,-0.25,1.52
2017-09-01,600095,27.84,27.98,28.05,27.69,41165,33802269.0,1.29,0.39,0.11,1.14
2017-09-04,600095,27.84,27.84,27.98,27.69,41593,34089654.0,1.04,-0.5,-0.14,1.15
2017-09-05,600095,27.91,27.77,27.98,27.66,42614,34961175.0,1.15,-0.25,-0.07,1.18
2017-09-06,600095,27.66,27.91,27.98,27.3,50515,41081362.0,2.45,0.5,0.14,1.4
2017-09-07,600095,27.94,27.59,27.94,27.51,38749,31720025.0,1.54,-1.15,-0.32,1.07
2017-09-08,600095,27.59,27.55,27.66,27.37,36651,29743327.0,1.05,-0.14,-0.04,1.01
2017-09-11,600095,27.55,27.73,27.77,27.37,30446,24780511.0,1.45,0.65,0.18,0.84
2017-09-12,600095,27.77,27.23,27.8,27.19,63135,51115047.0,2.2,-1.8,-0.5,1.75
2017-09-13,600095,27.23,27.3,27.41,27.01,43473,34897895.0,1.47,0.26,0.07,1.2
2017-09-14,600095,27.48,29.91,30.2,27.44,444774,383708848.0,10.11,9.56,2.61,12.31
2017-09-15,600095,29.52,28.98,29.59,28.95,156254,134347423.0,2.14,-3.11,-0.93,4.33
2017-09-18,600095,28.98,29.56,30.13,28.12,192717,164669747.0,6.94,2.0,0.58,5.33
2017-09-19,600095,29.56,29.13,30.09,29.02,110626,95874006.0,3.62,-1.45,-0.43,3.06
2017-09-20,600095,28.73,28.95,29.09,28.59,71156,60266524.0,1.72,-0.62,-0.18,1.97
2017-09-21,600095,28.95,28.09,29.05,28.02,98924,82705275.0,3.56,-2.97,-0.86,2.74
2017-09-22,600095,27.87,28.12,28.34,27.84,42110,34919767.0,1.78,0.11,0.03,1.17
2017-09-25,600095,28.34,27.73,28.41,27.69,45262,37340738.0,2.56,-1.39,-0.39,1.25
2017-09-26,600095,27.77,28.48,29.02,27.62,124142,103884418.0,5.05,2.7,0.75,3.44
2017-09-27,600095,28.34,28.16,28.45,27.91,48558,40261722.0,1.9,-1.12,-0.32,1.34
2017-09-28,600095,28.09,27.94,28.7,27.91,45727,38123300.0,2.81,-0.78,-0.22,1.27
2017-09-29,600095,27.98,27.94,28.12,27.66,45029,37037697.0,1.65,0.0,0.0,1.25
2017-10-09,600095,28.41,28.16,28.48,27.98,40579,33598684.0,1.79,0.79,0.22,1.12
2017-10-10,600095,28.09,28.34,28.37,28.02,33459,27821446.0,1.24,0.64,0.18,0.93
2017-10-11,600095,28.37,27.8,28.37,27.73,66727,55100042.0,2.26,-1.91,-0.54,1.85
2017-10-12,600095,27.73,27.62,27.91,27.37,62608,50924638.0,1.94,-0.65,-0.18,1.73
2017-10-13,600095,27.55,27.66,27.69,27.44,29096,23696163.0,0.91,0.14,0.04,0.81
2017-10-16,600095,27.69,27.12,27.73,27.08,50793,40962154.0,2.35,-1.95,-0.54,1.41
2017-10-17,600095,27.16,26.69,27.16,26.37,46493,36695968.0,2.91,-1.59,-0.43,1.29
2017-10-18,600095,26.51,26.55,26.8,26.51,24924,19642428.0,1.09,-0.52,-0.14,0.69
2017-10-19,600095,26.51,25.72,26.51,25.65,41857,32112546.0,3.24,-3.13,-0.83,1.16
2017-10-20,600095,25.37,26.01,26.08,25.33,19692,15065400.0,2.92,1.13,0.29,0.55
2017-10-23,600095,26.01,26.15,26.3,25.97,16043,12417769.0,1.27,0.54,0.14,0.44
2017-10-24,600095,26.19,25.94,26.19,25.72,19550,15031612.0,1.8,-0.8,-0.21,0.54
2017-10-25,600095,25.76,26.01,26.08,25.76,19118,14713370.0,1.23,0.27,0.07,0.53
2017-10-26,600095,26.01,26.08,27.37,25.69,335487,259807815.0,6.46,0.27,0.07,9.29
2017-10-27,600095,25.47,24.51,25.65,24.43,226564,167234406.0,4.68,-6.02,-1.57,6.27
2017-10-30,600095,24.65,23.32,24.65,23.11,110727,77739860.0,6.28,-4.86,-1.19,3.06
2017-10-31,600095,23.54,23.79,23.82,23.18,70265,49324886.0,2.74,2.02,0.47,1.94
2017-11-01,600095,23.79,23.75,23.9,23.54,42777,30246450.0,1.51,-0.17,-0.04,1.18
2017-11-02,600095,23.72,23.29,23.72,23.22,38098,26539630.0,2.11,-1.94,-0.46,1.05
2017-11-03,600095,23.39,23.39,23.61,23.14,38564,26841076.0,2.02,0.43,0.1,1.07
2017-11-06,600095,23.18,24.0,24.61,23.14,73971,52633597.0,6.28,2.61,0.61,2.05
2017-11-07,600095,23.93,23.72,24.22,23.47,77249,54571774.0,3.13,-1.17,-0.28,2.14
2017-11-08,600095,23.72,23.86,24.0,23.61,48093,34089680.0,1.64,0.59,0.14,1.33
2017-11-09,600095,23.82,24.08,24.11,23.61,50049,35670264.0,2.1,0.92,0.22,1.39
2017-11-10,600095,24.0,23.97,24.04,23.79,42264,30035900.0,1.04,-0.46,-0.11,1.17
2017-11-13,600095,23.86,23.61,24.0,23.54,47590,33614627.0,1.92,-1.5,-0.36,1.32
2017-11-14,600095,23.61,23.32,23.61,23.22,42663,29715929.0,1.65,-1.23,-0.29,1.18
2017-11-15,600095,23.36,23.25,23.36,23.07,35122,24274029.0,1.24,-0.3,-0.07,0.97
2017-11-16,600095,23.14,23.07,23.29,23.0,37534,25882643.0,1.25,-0.77,-0.18,1.04
2017-11-17,600095,23.14,21.82,23.39,21.64,65065,43751400.0,7.59,-5.42,-1.25,1.8
2017-11-20,600095,21.68,21.71,21.89,20.6,52547,33270588.0,5.91,-0.5,-0.11,1.45
2017-11-21,600095,21.64,21.5,21.82,21.32,32714,21123653.0,2.3,-0.97,-0.21,0.91
2017-11-22,600095,21.42,21.03,21.57,20.56,71171,44699235.0,4.7,-2.19,-0.47,1.97
2017-11-23,600095,20.92,20.67,21.32,20.64,48306,30418491.0,3.23,-1.71,-0.36,1.34
2017-11-24,600095,20.56,20.71,20.99,20.46,30966,19311018.0,2.56,0.19,0.04,0.86
2017-11-27,600095,20.71,20.6,20.85,20.46,27060,16796495.0,1.88,-0.53,-0.11,0.75
2017-11-28,600095,20.74,20.99,21.03,20.56,26917,16844554.0,2.28,1.89,0.39,0.75
2017-11-29,600095,20.82,21.28,21.28,20.82,40899,25868539.0,2.19,1.38,0.29,1.13
2017-11-30,600095,21.1,20.96,21.25,20.92,33695,21292231.0,1.55,-1.5,-0.32,0.93
2017-12-01,600095,20.96,21.28,21.35,20.85,39853,25241244.0,2.39,1.53,0.32,1.1
2017-12-04,600095,21.25,20.49,21.32,20.39,43442,27174572.0,4.37,-3.71,-0.79,1.2
2017-12-05,600095,20.39,19.35,20.46,19.02,70828,42118559.0,7.03,-5.56,-1.14,1.96
2017-12-06,600095,19.49,19.56,19.6,19.13,36790,21473947.0,2.43,1.09,0.21,1.02
2017-12-07,600095,19.49,19.63,19.85,19.31,33381,19744884.0,2.76,0.36,0.07,0.92
2017-12-08,600095,19.63,20.03,20.28,19.49,38311,22902067.0,4.02,2.04,0.4,1.06
2017-12-11,600095,19.92,20.14,20.17,19.81,25393,15329300.0,1.8,0.55,0.11,0.7
2017-12-12,600095,20.06,20.1,20.31,19.99,38568,23377122.0,1.59,-0.2,-0.04,1.07
2017-12-13,600095,19.92,20.17,20.17,19.85,24547,14816537.0,1.59,0.35,0.07,0.68
2017-12-14,600095,20.06,20.14,20.21,19.88,33846,20415710.0,1.64,-0.15,-0.03,0.94
2017-12-15,600095,20.1,20.74,20.85,19.99,62886,38847825.0,4.27,2.98,0.6,1.74
2017-12-18,600095,20.6,20.39,20.92,20.17,36259,22333410.0,3.62,-1.69,-0.35,1.0
2017-12-19,600095,20.31,20.64,20.78,20.31,30089,18645267.0,2.31,1.23,0.25,0.83
2017-12-20,600095,20.67,20.35,20.82,20.28,26155,16058819.0,2.62,-1.41,-0.29,0.72
2017-12-21,600095,20.31,20.06,20.46,19.67,31481,18942035.0,3.88,-1.43,-0.29,0.87
2017-12-22,600095,20.06,20.67,20.74,19.96,34949,21397609.0,3.89,3.04,0.61,0.97
2017-12-25,600095,20.74,21.1,21.53,20.46,124829,78282423.0,5.18,2.08,0.43,3.46
2017-12-26,600095,20.89,20.92,21.07,20.46,51160,31858205.0,2.89,-0.85,-0.18,1.42
2017-12-27,600095,20.78,20.53,20.92,20.49,44556,27599177.0,2.06,-1.86,-0.39,1.23
2017-12-28,600095,20.39,20.42,20.71,20.24,28261,17424553.0,2.29,-0.54,-0.11,0.78
2017-12-29,600095,20.35,20.64,20.78,20.31,25172,15560397.0,2.3,1.08,0.22,0.7
2018-01-02,600095,20.67,20.85,20.89,20.53,33644,20951990.0,1.74,1.02,0.21,0.93
2018-01-03,600095,20.85,21.17,21.46,20.82,55363,35191156.0,3.07,1.53,0.32,1.53
2018-01-04,600095,21.17,21.1,21.5,20.99,44137,28070928.0,2.41,-0.33,-0.07,1.22
2018-01-05,600095,21.1,21.68,21.89,20.99,86989,56078448.0,4.27,2.75,0.58,2.41
2018-01-08,600095,21.64,21.46,21.85,21.28,58601,37772230.0,2.63,-1.01,-0.22,1.62
2018-01-09,600095,21.39,21.17,21.46,21.1,34163,21794661.0,1.68,-1.35,-0.29,0.95
2018-01-10,600095,21.07,20.64,21.28,20.42,50581,31605536.0,4.06,-2.5,-0.53,1.4
2018-01-11,600095,20.64,20.82,20.85,20.21,37613,23207945.0,3.1,0.87,0.18,1.04
2018-01-12,600095,20.67,21.5,22.86,20.64,136942,89535936.0,10.66,3.27,0.68,3.79
2018-01-15,600095,21.14,20.71,21.32,20.6,71203,44831277.0,3.35,-3.67,-0.79,1.97
2018-01-16,600095,20.71,21.35,21.6,20.49,71041,44664771.0,5.36,3.09,0.64,1.97
2018-01-17,600095,21.71,21.17,21.93,21.07,80525,51831635.0,4.03,-0.84,-0.18,2.23
2018-01-18,600095,21.03,21.1,21.46,20.92,34027,21538396.0,2.55,-0.33,-0.07,0.94
2018-01-19,600095,20.99,20.85,21.25,20.82,45371,28578072.0,2.04,-1.18,-0.25,1.26
2018-01-22,600095,20.74,20.78,20.96,20.46,56553,35174232.0,2.4,-0.34,-0.07,1.57
2018-01-23,600095,20.85,20.71,20.89,20.53,44900,27901628.0,1.73,-0.34,-0.07,1.24
2018-01-24,600095,20.71,20.64,20.74,20.53,31708,19660611.0,1.01,-0.34,-0.07,0.88
2018-01-25,600095,20.64,20.6,20.89,20.53,44137,27452973.0,1.74,-0.19,-0.04,1.22
2018-01-26,600095,20.64,20.74,20.82,20.56,32935,20479943.0,1.26,0.68,0.14,0.91
2018-01-29,600095,20.74,20.31,20.82,20.17,51404,31541364.0,3.13,-2.07,-0.43,1.42
2018-01-30,600095,20.35,20.42,20.56,20.14,33086,20240034.0,2.07,0.54,0.11,0.92
2018-01-31,600095,20.46,19.45,20.46,19.38,46837,28086725.0,5.29,-4.75,-0.97,1.3
2018-02-01,600095,19.28,17.81,19.6,17.34,67279,38034754.0,11.62,-8.43,-1.64,1.86
2018-02-02,600095,17.81,17.84,17.91,17.09,35809,19156956.0,4.6,0.17,0.03,0.99
2018-02-05,600095,17.77,17.95,17.99,17.41,24645,13343667.0,3.25,0.62,0.11,0.68
2018-02-06,600095,17.56,16.88,17.77,16.52,40285,21150907.0,6.96,-5.96,-1.07,1.12
2018-02-07,600095,17.05,16.91,17.23,15.98,42301,21599247.0,7.41,0.18,0.03,1.17
2018-02-08,600095,16.91,16.91,17.13,16.62,42452,21866436.0,3.02,0.0,0.0,1.18
2018-02-09,600095,16.55,16.37,16.7,16.02,64286,32039431.0,4.02,-3.19,-0.54,1.78
2018-02-12,600095,16.52,16.66,16.7,16.23,49716,25123267.0,2.87,1.77,0.29,1.38
2018-02-13,600095,16.95,16.7,16.95,16.59,36647,18730320.0,2.16,0.24,0.04,1.01
2018-02-14,600095,16.73,16.77,16.77,16.52,21093,10733064.0,1.5,0.42,0.07,0.58
2018-02-22,600095,16.91,17.02,17.16,16.8,27573,14279468.0,2.15,1.49,0.25,0.76
2018-02-23,600095,17.13,17.27,17.77,17.05,47527,25113937.0,4.23,1.47,0.25,1.32
2018-02-26,600095,17.31,17.52,17.56,17.09,41037,21668222.0,2.72,1.45,0.25,1.14
2018-02-27,600095,17.45,17.41,17.52,17.34,28988,15367769.0,1.03,-0.63,-0.11,0.8
2018-02-28,600095,17.45,17.52,17.56,17.2,31108,16504866.0,2.07,0.63,0.11,0.86
2018-03-01,600095,17.52,18.52,19.2,17.38,128135,71409912.0,10.39,5.71,1.0,3.55
2018-03-02,600095,18.52,18.34,19.24,18.27,73588,41364258.0,5.24,-0.97,-0.18,2.04
2018-03-05,600095,18.16,18.02,18.31,17.91,50190,27469242.0,2.18,-1.74,-0.32,1.39
2018-03-06,600095,17.99,18.16,18.31,17.91,47722,26209974.0,2.22,0.78,0.14,1.32
2018-03-07,600095,18.2,17.88,18.2,17.84,31304,17072303.0,1.98,-1.54,-0.28,0.87
2018-03-08,600095,17.84,17.99,18.02,17.77,41621,22626635.0,1.4,0.62,0.11,1.15
2018-03-09,600095,17.95,18.56,18.7,17.88,94531,52544802.0,4.56,3.17,0.57,2.62
2018-03-12,600095,18.52,18.95,19.17,18.38,100417,57121685.0,4.26,2.1,0.39,2.78
2018-03-13,600095,18.88,18.85,18.92,18.59,58345,33069790.0,1.74,-0.53,-0.1,1.62
2018-03-14,600095,18.81,19.31,19.56,18.56,127168,73467848.0,5.31,2.44,0.46,3.52
2018-03-15,600095,19.1,19.06,19.24,18.52,73938,42262583.0,3.73,-1.29,-0.25,2.05
2018-03-16,600095,18.99,18.67,19.49,18.67,64264,36686494.0,4.3,-2.05,-0.39,1.78
2018-03-19,600095,18.63,18.59,18.85,18.49,34872,19701233.0,1.93,-0.43,-0.08,0.97
2018-03-20,600095,18.49,19.02,19.1,18.42,65589,37371282.0,3.66,2.31,0.43,1.82
2018-03-21,600095,18.99,18.92,19.28,18.77,64113,36849948.0,2.68,-0.53,-0.1,1.77
2018-03-22,600095,18.88,20.96,20.96,18.88,322999,198176643.0,10.99,10.78,2.04,8.94
2018-03-23,600095,23.22,23.22,23.22,23.22,121327,83958153.0,0.0,10.78,2.26,3.36
2018-03-26,600095,25.69,24.04,25.69,23.72,1074867,802662960.0,8.48,3.53,0.82,29.75
2018-03-27,600095,22.07,23.47,24.76,22.0,824762,559683392.0,11.48,-2.37,-0.57,22.83
2018-03-28,600095,22.46,21.21,22.71,20.99,573219,374087536.0,7.33,-9.63,-2.26,15.87
2018-03-29,600095,20.78,21.1,21.46,20.67,321571,203061945.0,3.72,-0.52,-0.11,8.9
2018-03-30,600095,20.99,21.42,22.0,20.49,368991,234229999.0,7.16,1.52,0.32,10.21
2018-04-02,600095,21.53,22.57,23.18,20.78,522912,341421200.0,11.2,5.37,1.15,14.47
2018-04-03,600095,21.89,21.6,22.36,21.35,358689,234342003.0,4.47,-4.3,-0.97,9.93
2018-04-04,600095,22.11,22.57,23.07,21.71,543615,364896896.0,6.3,4.49,0.97,15.05
2018-04-09,600095,22.18,21.64,22.36,21.35,357942,233362135.0,4.47,-4.12,-0.93,9.91
2018-04-10,600095,21.17,20.42,21.46,19.96,314037,193527406.0,6.93,-5.64,-1.22,8.69
2018-04-11,600095,20.42,20.53,20.64,20.1,185707,113667110.0,2.64,0.54,0.11,5.14
2018-04-12,600095,20.35,19.63,20.35,19.56,196735,118408088.0,3.85,-4.38,-0.9,5.45
2018-04-13,600095,19.81,19.49,19.88,19.42,120056,71071801.0,2.34,-0.71,-0.14,3.32
2018-04-16,600095,19.53,18.95,19.53,18.7,137991,79291631.0,4.26,-2.77,-0.54,3.82
2018-04-17,600095,18.95,19.49,19.67,18.74,180336,104624957.0,4.91,2.85,0.54,4.99
2018-04-18,600095,19.02,18.85,19.24,18.13,143828,81484172.0,5.7,-3.28,-0.64,3.98
2018-04-19,600095,18.52,18.7,18.85,18.49,106572,60203727.0,1.91,-0.8,-0.15,2.95
2018-04-20,600095,18.56,17.66,18.81,17.59,124428,68725695.0,6.52,-5.56,-1.04,3.44
2018-04-23,600095,17.63,17.27,17.73,16.98,87777,46250834.0,4.25,-2.21,-0.39,2.43
2018-04-24,600095,17.34,17.66,17.73,17.27,88101,47131151.0,2.66,2.26,0.39,2.44
2018-04-25,600095,17.52,18.16,19.06,17.34,136393,74918294.0,9.74,2.83,0.5,3.78
2018-04-26,600095,17.99,17.41,18.09,17.38,85554,46213136.0,3.91,-4.13,-0.75,2.37
2018-04-27,600095,17.41,17.56,17.91,17.38,52509,28070379.0,3.04,0.86,0.15,1.45
2018-05-02,600095,17.52,17.34,17.66,17.02,62478,32875276.0,3.64,-1.25,-0.22,1.73
2018-05-03,600095,17.33,17.48,17.51,17.01,52416,27489416.0,2.88,0.81,0.14,1.45
2018-05-04,600095,17.41,17.98,18.12,17.37,99157,53369384.0,4.29,2.86,0.5,2.74
2018-05-07,600095,17.76,18.01,18.09,17.66,75329,40878241.0,2.39,0.17,0.03,2.09
2018-05-08,600095,18.01,18.09,18.34,17.87,63100,34511692.0,2.61,0.44,0.08,1.75
2018-05-09,600095,18.09,17.91,18.3,17.69,60847,33159282.0,3.37,-1.0,-0.18,1.68
2018-05-10,600095,17.91,18.19,18.23,17.84,73203,39945560.0,2.18,1.56,0.28,2.03
2018-05-11,600095,18.19,17.91,18.37,17.84,52513,28516503.0,2.91,-1.54,-0.28,1.45
2018-05-14,600095,17.87,17.41,17.91,17.23,70321,37323596.0,3.8,-2.79,-0.5,1.95
2018-05-15,600095,17.3,17.62,17.62,17.23,49806,26291436.0,2.24,1.21,0.21,1.38
2018-05-16,600095,17.51,17.41,17.73,17.37,50745,27037450.0,2.04,-1.19,-0.21,1.4
2018-05-17,600095,17.48,17.48,17.62,17.37,39943,21153163.0,1.44,0.4,0.07,1.11
2018-05-18,600095,17.48,17.58,17.62,17.3,56452,29888521.0,1.83,0.57,0.1,1.56
2018-05-21,600095,17.66,17.84,17.91,17.44,70070,37569821.0,2.67,1.48,0.26,1.94
2018-05-22,600095,17.87,17.84,17.94,17.66,44132,23775211.0,1.57,0.0,0.0,1.22
2018-05-23,600095,17.87,17.48,17.87,17.41,45248,24143621.0,2.58,-2.02,-0.36,1.25
2018-05-24,600095,17.44,17.55,17.62,17.37,41836,22190406.0,1.43,0.4,0.07,1.16
2018-05-25,600095,17.48,17.76,18.01,17.41,104870,56395208.0,3.42,1.2,0.21,2.9
2018-05-28,600095,17.73,17.51,17.87,17.48,60584,32409791.0,2.2,-1.41,-0.25,1.68
2018-05-29,600095,17.41,17.51,18.48,17.37,157736,85317414.0,6.34,0.0,0.0,4.37
2018-05-30,600095,16.37,16.01,16.8,15.79,158393,78915253.0,5.77,-8.57,-1.5,4.38
2018-05-31,600095,16.01,16.08,16.33,15.86,59643,29308358.0,2.94,0.44,0.07,1.65
2018-06-01,600095,16.04,16.04,16.29,15.9,41999,20585870.0,2.43,-0.25,-0.04,1.16
2018-06-04,600095,16.04,15.83,16.19,15.79,33155,16132565.0,2.49,-1.31,-0.21,0.92
2018-06-05,600095,15.83,16.08,16.12,15.83,22967,11205918.0,1.83,1.58,0.25,0.64
2018-06-06,600095,16.08,16.12,16.19,15.9,29371,14398953.0,1.8,0.25,0.04,0.81
2018-06-07,600095,16.15,15.86,16.15,15.86,32176,15710086.0,1.8,-1.61,-0.26,0.89
2018-06-08,600095,15.9,15.29,15.94,15.01,56379,26571150.0,5.86,-3.59,-0.57,1.56
2018-06-11,600095,14.93,15.33,15.44,14.93,28330,13305163.0,3.34,0.26,0.04,0.78
2018-06-12,600095,15.36,15.44,15.51,15.15,29912,14079344.0,2.35,0.72,0.11,0.83
2018-06-13,600095,15.44,15.47,16.33,15.18,60376,28820276.0,7.45,0.19,0.03,1.67
2018-06-14,600095,15.33,15.08,15.54,15.08,52133,24406849.0,2.97,-2.52,-0.39,1.44
2018-06-15,600095,15.22,14.4,15.4,14.25,69691,31877479.0,7.63,-4.51,-0.68,1.93
2018-06-19,600095,14.5,13.21,15.15,12.89,121267,52952873.0,15.69,-8.26,-1.19,3.36
2018-06-20,600095,12.57,13.14,13.36,12.57,72636,29374182.0,5.98,-0.53,-0.07,2.01
2018-06-21,600095,12.96,12.71,13.29,12.71,51262,20722230.0,4.41,-3.27,-0.43,1.42
2018-06-22,600095,12.61,12.93,13.0,12.32,44646,17836962.0,5.35,1.73,0.22,1.24
2018-06-25,600095,13.11,12.89,13.14,12.82,30415,12340078.0,2.47,-0.31,-0.04,0.84
2018-06-26,600095,12.82,13.07,13.11,12.64,46978,18885861.0,3.65,1.4,0.18,1.3
2018-06-27,600095,13.21,13.29,13.5,13.0,47819,19627318.0,3.83,1.68,0.22,1.32
2018-06-28,600095,13.25,13.21,13.54,13.11,37383,15462786.0,3.24,-0.6,-0.08,1.03
2018-06-29,600095,13.21,13.5,13.61,13.14,47906,19983128.0,3.56,2.2,0.29,1.33
2018-07-02,600095,13.46,13.43,13.72,13.11,46815,19586774.0,4.52,-0.52,-0.07,1.3
2018-07-03,600095,13.32,13.72,13.82,13.25,46634,19596831.0,4.24,2.16,0.29,1.29
2018-07-04,600095,13.61,13.54,13.75,13.43,40515,17064243.0,2.33,-1.31,-0.18,1.12
2018-07-05,600095,13.46,13.68,14.58,13.36,129907,55613454.0,9.01,1.03,0.14,3.6
2018-07-06,600095,13.57,13.46,13.79,12.32,114299,46662594.0,10.75,-1.61,-0.22,3.16
2018-07-09,600095,13.0,13.21,13.32,12.93,58273,23895131.0,2.9,-1.86,-0.25,1.61
2018-07-10,600095,13.18,13.21,13.32,13.07,36715,15040260.0,1.89,0.0,0.0,1.02
2018-07-11,600095,13.11,12.68,13.14,12.53,44251,17672973.0,4.62,-4.01,-0.53,1.22
2018-07-12,600095,12.71,13.07,13.14,12.71,40427,16410660.0,3.39,3.08,0.39,1.12
2018-07-13,600095,13.11,13.18,13.29,13.03,26642,10933581.0,1.99,0.84,0.11,0.74
2018-07-16,600095,13.21,13.36,13.39,13.11,34415,14190410.0,2.12,1.37,0.18,0.95
2018-07-17,600095,13.25,13.5,13.54,13.21,36563,15230996.0,2.47,1.05,0.14,1.01
2018-07-18,600095,13.54,13.39,13.75,13.36,32083,13527710.0,2.89,-0.81,-0.11,0.89
2018-07-19,600095,13.36,13.11,13.57,13.11,26209,10836595.0,3.44,-2.09,-0.28,0.73
2018-07-20,600095,13.21,13.39,13.46,12.96,29341,12122628.0,3.81,2.14,0.28,0.81
2018-07-23,600095,13.25,13.64,13.72,13.25,44789,18776751.0,3.51,1.87,0.25,1.24
2018-07-24,600095,13.64,13.97,14.04,13.54,44762,19244136.0,3.67,2.42,0.33,1.24
2018-07-25,600095,13.97,14.15,14.18,13.89,40836,17710185.0,2.08,1.29,0.18,1.13
2018-07-26,600095,14.07,14.18,14.75,14.04,68863,30510604.0,5.02,0.21,0.03,1.91
2018-07-27,600095,14.11,14.47,14.68,14.07,74082,33045001.0,4.3,2.05,0.29,2.05
2018-07-30,600095,14.36,14.0,14.68,13.89,59111,26023594.0,5.46,-3.25,-0.47,1.64
2018-07-31,600095,14.11,14.5,14.58,14.0,64663,28746438.0,4.14,3.57,0.5,1.79
2018-08-01,600095,14.36,14.25,14.65,14.25,73802,32927370.0,2.76,-1.72,-0.25,2.04
2018-08-02,600095,14.25,13.64,14.54,12.68,79536,33740175.0,13.05,-4.28,-0.61,2.2
2018-08-03,600095,13.5,13.86,14.11,13.36,45407,19465800.0,5.5,1.61,0.22,1.26
2018-08-06,600095,14.22,13.18,14.22,12.96,79053,33086239.0,9.09,-4.91,-0.68,2.19
2018-08-07,600095,12.96,13.54,13.64,12.96,45141,18727631.0,5.16,2.73,0.36,1.25
2018-08-08,600095,13.57,14.04,14.54,13.36,74189,31782090.0,8.71,3.69,0.5,2.05
2018-08-09,600095,13.89,14.07,14.18,13.39,72702,31210934.0,5.63,0.21,0.03,2.01
2018-08-10,600095,13.93,14.22,14.72,13.79,93912,41324403.0,6.61,1.07,0.15,2.6
2018-08-13,600095,13.89,13.82,13.89,13.43,71540,30350714.0,3.23,-2.81,-0.4,1.98
2018-08-14,600095,13.86,13.68,13.93,13.64,42513,18104663.0,2.1,-1.01,-0.14,1.18
2018-08-15,600095,13.75,13.36,13.75,13.25,41469,17330054.0,3.65,-2.34,-0.32,1.15
2018-08-16,600095,13.29,13.25,13.5,13.07,32384,13402422.0,3.22,-0.82,-0.11,0.9
2018-08-17,600095,13.39,13.43,13.54,13.25,51705,21497034.0,2.19,1.36,0.18,1.43
2018-08-20,600095,13.46,13.39,13.46,13.14,20511,8479500.0,2.38,-0.3,-0.04,0.57
2018-08-21,600095,13.39,13.61,13.64,13.32,17484,7355558.0,2.39,1.64,0.22,0.48
2018-08-22,600095,13.64,13.29,13.64,13.25,18955,7881338.0,2.87,-2.35,-0.32,0.52
2018-08-23,600095,13.25,13.32,13.46,13.21,21240,8815234.0,1.88,0.23,0.03,0.59
2018-08-24,600095,13.36,13.14,13.39,13.11,20679,8534212.0,2.1,-1.35,-0.18,0.57
2018-08-27,600095,13.11,13.39,13.43,13.11,19322,7988970.0,2.44,1.9,0.25,0.53
2018-08-28,600095,13.39,13.46,13.46,13.25,17565,7297191.0,1.57,0.52,0.07,0.49
2018-08-29,600095,13.46,13.29,13.46,13.25,22078,9140011.0,1.56,-1.26,-0.17,0.61
2018-08-30,600095,13.29,13.11,13.36,13.07,17132,7017644.0,2.18,-1.35,-0.18,0.47
2018-08-31,600095,13.07,12.93,13.14,12.93,14586,5916592.0,1.6,-1.37,-0.18,0.4
2018-09-03,600095,12.89,12.89,12.96,12.68,16988,6807198.0,2.17,-0.31,-0.04,0.47
2018-09-04,600095,12.93,13.11,13.14,12.86,19999,8115114.0,2.17,1.71,0.22,0.55
2018-09-05,600095,13.0,12.89,13.14,12.86,19759,8004067.0,2.14,-1.68,-0.22,0.55
2018-09-06,600095,12.89,12.78,13.0,12.71,25616,10250893.0,2.25,-0.85,-0.11,0.71
2018-09-07,600095,12.89,12.89,12.96,12.75,20371,8174853.0,1.64,0.86,0.11,0.56
2018-09-10,600095,12.93,12.57,12.93,12.57,19239,7661133.0,2.79,-2.48,-0.32,0.53
2018-09-11,600095,12.64,12.64,12.75,12.53,13404,5285910.0,1.75,0.56,0.07,0.37
2018-09-12,600095,12.68,12.75,12.89,12.64,16924,6760313.0,1.98,0.87,0.11,0.47
2018-09-13,600095,12.75,12.89,12.96,12.64,17492,6991602.0,2.51,1.1,0.14,0.48
2018-09-14,600095,12.93,12.89,13.0,12.75,26232,10546615.0,1.94,0.0,0.0,0.73
2018-09-17,600095,12.93,12.68,12.93,12.57,14101,5570994.0,2.79,-1.63,-0.21,0.39
2018-09-18,600095,12.64,13.07,13.18,12.64,27735,11175317.0,4.26,3.08,0.39,0.77
2018-09-19,600095,13.03,13.14,13.18,12.96,20215,8240710.0,1.68,0.54,0.07,0.56
2018-09-20,600095,13.11,13.03,13.43,13.03,16258,6639647.0,3.04,-0.84,-0.11,0.45
2018-09-21,600095,13.11,13.18,13.21,13.0,20611,8422988.0,1.61,1.15,0.15,0.57
2018-09-25,600095,13.11,13.11,13.18,13.0,12623,5148058.0,1.37,-0.53,-0.07,0.35
2018-09-26,600095,13.18,13.07,13.25,12.93,23904,9786733.0,2.44,-0.31,-0.04,0.66
2018-09-27,600095,13.07,12.86,13.21,12.86,18563,7522206.0,2.68,-1.61,-0.21,0.51
2018-09-28,600095,12.89,13.11,13.29,12.82,29679,12114087.0,3.65,1.94,0.25,0.82
2018-10-08,600095,12.86,12.5,13.0,12.39,33081,13101372.0,4.65,-4.65,-0.61,0.92
2018-10-09,600095,12.43,12.43,12.64,12.35,15060,5874825.0,2.32,-0.56,-0.07,0.42
2018-10-10,600095,12.46,12.64,12.68,12.39,19915,7845121.0,2.33,1.69,0.21,0.55
2018-10-11,600095,12.39,11.32,12.46,11.24,38103,14051589.0,9.65,-10.44,-1.32,1.05
2018-10-12,600095,11.03,11.32,11.6,10.74,25270,8930995.0,7.6,0.0,0.0,0.7
2018-10-15,600095,11.35,10.99,11.46,10.96,10487,3733302.0,4.42,-2.92,-0.33,0.29
2018-10-16,600095,10.96,10.67,11.14,10.56,17282,5988376.0,5.28,-2.91,-0.32,0.48
2018-10-17,600095,10.85,10.78,11.03,10.49,14750,5029362.0,5.06,1.03,0.11,0.41
2018-10-18,600095,10.63,10.24,10.67,10.13,19927,6588663.0,5.01,-5.01,-0.54,0.55
2018-10-19,600095,10.2,10.49,10.96,10.03,23121,7753279.0,9.08,2.44,0.25,0.64
2018-10-22,600095,11.1,11.17,11.35,10.85,42025,14783600.0,4.77,6.48,0.68,1.16
2018-10-23,600095,11.14,11.46,11.75,11.03,63084,22894402.0,6.45,2.6,0.29,1.75
2018-10-24,600095,11.35,11.53,11.78,11.32,47163,17186561.0,4.01,0.61,0.07,1.31
2018-10-25,600095,11.14,11.57,11.71,10.99,29411,10533791.0,6.24,0.35,0.04,0.81
2018-10-26,600095,11.6,11.89,12.32,11.35,49288,18507439.0,8.38,2.77,0.32,1.36
2018-10-29,600095,11.64,11.82,12.1,11.64,35974,13454561.0,3.87,-0.59,-0.07,1.0
2018-10-30,600095,11.75,11.78,12.03,11.32,40156,14796252.0,6.01,-0.34,-0.04,1.11
2018-10-31,600095,11.89,12.43,12.61,11.78,85329,32945234.0,7.05,5.52,0.65,2.36
2018-11-01,600095,12.25,12.18,12.43,12.07,52731,20268678.0,2.9,-2.01,-0.25,1.46
2018-11-02,600095,12.21,12.32,12.39,12.14,39035,15023853.0,2.05,1.15,0.14,1.08
2018-11-05,600095,12.28,12.93,13.72,12.14,144445,59005972.0,12.82,4.95,0.61,4.0
2018-11-06,600095,13.61,13.03,14.25,12.93,136694,56250414.0,10.21,0.77,0.1,3.78
2018-11-07,600095,12.96,12.64,12.96,12.61,90902,36262730.0,2.69,-2.99,-0.39,2.52
2018-11-08,600095,12.78,13.11,13.68,12.78,137097,56291459.0,7.12,3.72,0.47,3.79
2018-11-09,600095,13.07,13.29,13.68,12.82,126796,52266256.0,6.56,1.37,0.18,3.51
2018-11-12,600095,13.36,14.04,14.47,13.14,129629,55469285.0,10.01,5.64,0.75,3.59
2018-11-13,600095,13.82,14.97,15.11,13.72,206567,93138121.0,9.9,6.62,0.93,5.72
2018-11-14,600095,14.79,14.43,15.11,14.07,172980,77323596.0,6.95,-3.61,-0.54,4.79
2018-11-15,600095,14.29,14.61,15.11,14.04,165484,74479260.0,7.42,1.25,0.18,4.58
2018-11-16,600095,15.01,14.54,15.01,14.18,139412,62536300.0,5.68,-0.48,-0.07,3.86
2018-11-19,600095,14.25,15.11,15.65,14.25,169134,78066498.0,9.63,3.92,0.57,4.68
2018-11-20,600095,14.86,14.43,15.11,14.22,118721,53121701.0,5.89,-4.5,-0.68,3.29
2018-11-21,600095,14.4,14.5,14.68,14.11,59144,26267182.0,3.95,0.49,0.07,1.64
2018-11-22,600095,14.54,14.86,15.11,14.4,105534,48111203.0,4.9,2.48,0.36,2.92
2018-11-23,600095,14.86,13.86,14.97,13.64,110439,48434669.0,8.95,-6.73,-1.0,3.06
2018-11-26,600095,14.25,14.0,14.61,13.72,74239,32409531.0,6.42,1.01,0.14,2.05
2018-11-27,600095,13.97,13.75,14.25,13.68,76844,33151089.0,4.07,-1.79,-0.25,2.13
2018-11-28,600095,13.93,13.75,13.97,13.11,81807,34520977.0,6.25,0.0,0.0,2.26
2018-11-29,600095,14.0,13.64,14.58,13.5,146879,63922765.0,7.85,-0.8,-0.11,4.07
2018-11-30,600095,13.72,13.54,13.72,13.0,84886,35084477.0,5.28,-0.73,-0.1,2.35
2018-12-03,600095,13.75,13.72,14.07,13.64,80325,34491063.0,3.18,1.33,0.18,2.22
2018-12-04,600095,13.72,13.89,14.0,13.64,74244,31764879.0,2.62,1.24,0.17,2.06
2018-12-05,600095,13.57,13.68,13.93,13.39,82433,35072132.0,3.89,-1.51,-0.21,2.28
2018-12-06,600095,13.61,13.39,13.79,13.39,51471,21679017.0,2.92,-2.12,-0.29,1.42
2018-12-07,600095,13.54,13.39,13.61,13.25,45205,18888889.0,2.69,0.0,0.0,1.25
2018-12-10,600095,13.36,13.07,13.39,13.0,38260,15625102.0,2.91,-2.39,-0.32,1.06
2018-12-11,600095,13.11,13.29,13.29,13.03,30735,12575088.0,1.99,1.68,0.22,0.85
2018-12-12,600095,13.21,13.36,13.43,13.21,21920,9091737.0,1.66,0.53,0.07,0.61
2018-12-13,600095,13.39,13.43,13.57,13.21,30010,12496376.0,2.69,0.52,0.07,0.83
2018-12-14,600095,13.54,12.71,13.54,12.68,42960,17453429.0,6.4,-5.36,-0.72,1.19
2018-12-17,600095,12.68,12.71,12.78,12.39,29700,11709982.0,3.07,0.0,0.0,0.82
2018-12-18,600095,12.57,12.57,12.82,12.35,24207,9519364.0,3.7,-1.1,-0.14,0.67
2018-12-19,600095,12.57,12.57,12.78,12.46,27682,10954517.0,2.55,0.0,0.0,0.77
2018-12-20,600095,12.5,12.71,12.75,12.43,32965,12989891.0,2.55,1.11,0.14,0.91
2018-12-21,600095,12.71,12.5,12.75,12.32,26250,10282869.0,3.38,-1.65,-0.21,0.73
2018-12-24,600095,12.46,12.53,12.61,12.28,18996,7443207.0,2.64,0.24,0.03,0.53
2018-12-25,600095,12.39,12.0,12.46,11.57,44100,16483885.0,7.1,-4.23,-0.53,1.22
2018-12-26,600095,11.96,12.0,12.14,11.96,34622,13112210.0,1.5,0.0,0.0,0.96
2018-12-27,600095,12.18,11.67,12.25,11.64,32782,12406660.0,5.08,-2.75,-0.33,0.91
2018-12-28,600095,11.78,11.85,12.18,11.67,33261,12454360.0,4.37,1.54,0.18,0.92
2019-01-02,600095,12.07,12.03,12.18,11.96,29309,11117040.0,1.86,1.52,0.18,0.81
2019-01-03,600095,12.21,11.85,12.25,11.85,23993,9082332.0,3.33,-1.5,-0.18,0.66
2019-01-04,600095,11.85,12.35,12.39,11.46,39683,15147282.0,7.85,4.22,0.5,1.1
2019-01-07,600095,12.43,12.68,12.75,12.35,32452,12774258.0,3.24,2.67,0.33,0.9
2019-01-08,600095,12.61,12.75,12.86,12.53,36019,14335381.0,2.6,0.55,0.07,1.0
2019-01-09,600095,12.75,12.71,13.03,12.68,36615,14713983.0,2.75,-0.31,-0.04,1.01
2019-01-10,600095,12.86,12.82,13.14,12.75,38227,15437533.0,3.07,0.87,0.11,1.06
2019-01-11,600095,12.89,13.0,13.11,12.71,34637,13941128.0,3.12,1.4,0.18,0.96
2019-01-14,600095,12.96,12.89,13.07,12.82,16949,6830062.0,1.92,-0.85,-0.11,0.47
2019-01-15,600095,12.89,13.03,13.07,12.86,25336,10257212.0,1.63,1.09,0.14,0.7
2019-01-16,600095,13.0,12.96,13.11,12.93,18156,7356236.0,1.38,-0.54,-0.07,0.5
2019-01-17,600095,13.03,12.82,13.03,12.75,32728,13132067.0,2.16,-1.08,-0.14,0.91
2019-01-18,600095,12.93,12.93,13.03,12.82,32735,13199420.0,1.64,0.86,0.11,0.91
2019-01-21,600095,12.93,12.96,13.11,12.93,24125,9774873.0,1.39,0.23,0.03,0.67
2019-01-22,600095,13.0,12.82,13.03,12.64,24485,9820253.0,3.01,-1.08,-0.14,0.68
2019-01-23,600095,12.71,12.93,12.93,12.71,21060,8433759.0,1.72,0.86,0.11,0.58
2019-01-24,600095,13.0,13.03,13.11,12.82,38359,15513731.0,2.24,0.77,0.1,1.06
2019-01-25,600095,13.03,12.89,13.18,12.82,39096,15867165.0,2.76,-1.07,-0.14,1.08
2019-01-28,600095,13.07,12.75,13.97,12.68,100063,41372400.0,10.01,-1.09,-0.14,2.77
2019-01-29,600095,12.53,12.14,12.75,11.85,69532,26545459.0,7.06,-4.78,-0.61,1.92
2019-01-30,600095,12.07,11.78,12.68,11.78,30251,11443203.0,7.41,-2.97,-0.36,0.84
2019-01-31,600095,11.89,11.49,12.1,11.35,31742,11690909.0,6.37,-2.46,-0.29,0.88
2019-02-01,600095,11.39,11.78,11.82,11.39,31359,11582086.0,3.74,2.52,0.29,0.87
2019-02-11,600095,11.82,12.21,12.25,11.75,48469,18321319.0,4.24,3.65,0.43,1.34
2019-02-12,600095,12.32,13.57,13.57,12.32,78525,32652890.0,10.24,11.14,1.36,2.17
2019-02-13,600095,13.86,13.5,14.15,13.18,235460,99470103.0,7.15,-0.52,-0.07,6.52
2019-02-14,600095,13.32,13.39,13.68,13.18,127224,52864949.0,3.7,-0.81,-0.11,3.52
2019-02-15,600095,13.32,13.21,13.5,13.21,87120,36100892.0,2.17,-1.34,-0.18,2.41
2019-02-18,600095,13.25,13.54,13.54,13.03,124374,51699157.0,3.86,2.5,0.33,3.44
2019-02-19,600095,13.46,13.54,13.64,13.25,97196,40610923.0,2.88,0.0,0.0,2.69
2019-02-20,600095,15.04,14.04,15.04,13.93,342315,153869304.0,8.2,3.69,0.5,9.48
2019-02-21,600095,13.75,13.57,13.93,13.29,204537,86560883.0,4.56,-3.35,-0.47,5.66
2019-02-22,600095,13.5,13.79,13.89,13.43,122780,52232579.0,3.39,1.62,0.22,3.4
2019-02-25,600095,13.82,14.72,14.86,13.79,199659,87674336.0,7.76,6.74,0.93,5.53
2019-02-26,600095,15.01,14.61,15.4,14.4,226993,103333966.0,6.79,-0.75,-0.11,6.28
2019-02-27,600095,14.36,14.54,15.04,14.32,141774,63935560.0,4.93,-0.48,-0.07,3.92
2019-02-28,600095,14.43,14.58,14.79,14.43,73036,32877162.0,2.48,0.28,0.04,2.02
2019-03-01,600095,14.54,14.61,14.79,14.18,97574,43465094.0,4.18,0.21,0.03,2.7
2019-03-04,600095,14.68,14.86,15.04,14.58,135316,61852318.0,3.15,1.71,0.25,3.75
2019-03-05,600095,14.83,15.36,15.47,14.75,149214,69773753.0,4.85,3.36,0.5,4.13
2019-03-06,600095,15.4,15.69,15.69,15.01,167477,79242246.0,4.43,2.15,0.33,4.64
2019-03-07,600095,15.61,15.9,16.08,15.51,153347,74185443.0,3.63,1.34,0.21,4.24
2019-03-08,600095,15.69,14.72,15.76,14.68,137779,64501582.0,6.79,-7.42,-1.18,3.81
2019-03-11,600095,14.83,15.33,15.4,14.75,112966,52567433.0,4.42,4.14,0.61,3.13
2019-03-12,600095,15.54,15.86,16.26,15.47,164830,80131128.0,5.15,3.46,0.53,4.56
2019-03-13,600095,15.86,16.19,16.9,15.65,232808,116038251.0,7.88,2.08,0.33,6.44
2019-03-14,600095,16.37,17.66,17.94,16.37,529676,281867776.0,9.7,9.08,1.47,14.66
2019-03-15,600095,16.58,16.9,17.3,16.19,416287,212227520.0,6.29,-4.3,-0.76,11.52
2019-03-18,600095,17.3,16.8,17.3,16.47,213778,108861050.0,4.91,-0.59,-0.1,5.92
2019-03-19,600095,16.76,16.62,16.76,16.4,134199,67764587.0,2.14,-1.07,-0.18,3.71
2019-03-20,600095,16.55,16.83,16.94,16.44,128740,65368243.0,3.01,1.26,0.21,3.56
2019-03-21,600095,16.83,17.15,18.27,16.62,220528,116693513.0,9.8,1.9,0.32,6.1
2019-03-22,600095,17.05,16.94,17.23,16.47,141430,72568481.0,4.43,-1.22,-0.21,3.91
2019-03-25,600095,16.9,17.33,17.73,16.55,208576,110026924.0,6.97,2.3,0.39,5.77
2019-03-26,600095,17.41,16.26,17.58,16.15,154646,78657313.0,8.25,-6.17,-1.07,4.28
2019-03-27,600095,16.29,16.47,16.47,15.97,86438,42922987.0,3.08,1.29,0.21,2.39
2019-03-28,600095,16.4,15.83,16.58,15.83,78161,38660905.0,4.55,-3.89,-0.64,2.16
2019-03-29,600095,15.9,16.58,16.65,15.44,97101,47611434.0,7.64,4.74,0.75,2.69
2019-04-01,600095,16.58,17.08,17.26,16.55,115701,59661026.0,4.28,3.02,0.5,3.2
2019-04-02,600095,17.12,17.05,17.37,16.94,111133,57812864.0,2.52,-0.18,-0.03,3.08
2019-04-03,600095,17.08,17.41,17.44,16.98,123678,64953255.0,2.7,2.11,0.36,3.42
2019-04-04,600095,17.55,17.62,17.76,17.23,121585,64626416.0,3.04,1.21,0.21,3.37
2019-04-08,600095,17.62,17.3,17.91,16.9,134623,71078228.0,5.73,-1.82,-0.32,3.73
2019-04-09,600095,17.3,17.26,17.41,16.98,84274,44102350.0,2.49,-0.23,-0.04,2.33
2019-04-10,600095,17.19,17.69,17.87,16.9,120502,63819810.0,5.62,2.49,0.43,3.34
2019-04-11,600095,17.62,17.05,17.69,16.98,82070,42991219.0,4.01,-3.62,-0.64,2.27
2019-04-12,600095,17.15,16.98,17.19,16.72,74690,38463259.0,2.76,-0.41,-0.07,2.07
2019-04-15,600095,17.08,16.98,17.58,16.98,86582,45534931.0,3.53,0.0,0.0,2.4
2019-04-16,600095,16.83,17.37,17.48,16.47,99625,51655590.0,5.95,2.3,0.39,2.76
2019-04-17,600095,17.26,17.58,18.16,17.23,194870,104153536.0,5.35,1.21,0.21,5.39
2019-04-18,600095,17.69,18.05,18.77,17.51,269371,147677900.0,7.17,2.67,0.47,7.46
2019-04-19,600095,18.09,18.05,18.19,17.44,140083,75559958.0,4.16,0.0,0.0,3.88
2019-04-22,600095,17.87,18.41,18.66,17.69,197487,109457954.0,5.37,1.99,0.36,5.47
2019-04-23,600095,18.48,17.37,18.48,16.9,158469,85108849.0,8.58,-5.65,-1.04,4.39
2019-04-24,600095,17.37,17.87,17.94,17.3,105509,56407890.0,3.68,2.88,0.5,2.92
2019-04-25,600095,17.94,16.65,18.19,16.4,127098,67142201.0,10.02,-6.83,-1.22,3.52
2019-04-26,600095,16.65,16.08,16.94,15.9,88488,44196761.0,6.25,-3.42,-0.57,2.45
2019-04-29,600095,16.26,14.61,16.26,14.61,126916,59407205.0,10.26,-9.14,-1.47,3.51
2019-04-30,600095,14.59,14.66,15.02,14.34,106657,48099458.0,4.65,0.34,0.05,2.95
2019-05-06,600095,16.27,16.27,16.27,16.27,141347,69966879.0,0.0,10.98,1.61,3.91
2019-05-07,600095,18.06,18.06,18.06,18.06,54534,29721101.0,0.0,11.0,1.79,1.51
2019-05-08,600095,20.03,20.03,20.03,20.03,63865,38318964.0,0.0,10.91,1.97,1.77
2019-05-09,600095,20.03,22.18,22.18,18.88,1366438,831944800.0,16.48,10.73,2.15,37.82
2019-05-10,600095,19.82,20.96,22.9,19.82,1209206,759143744.0,13.89,-5.5,-1.22,33.47
2019-05-13,600095,19.31,19.42,20.75,19.1,773654,459379616.0,7.87,-7.35,-1.54,21.42
2019-05-14,600095,20.03,19.6,20.75,19.42,753596,453019184.0,6.85,0.93,0.18,20.86
2019-05-15,600095,20.53,20.71,21.39,20.1,878858,542894352.0,6.58,5.66,1.11,24.33
2019-05-16,600095,20.5,20.0,21.21,19.67,725301,440427552.0,7.44,-3.43,-0.71,20.08
2019-05-17,600095,20.28,22.14,22.14,19.85,1132859,728991280.0,11.45,10.7,2.14,31.36
2019-05-20,600095,21.07,19.78,21.28,19.78,211907,128891400.0,6.78,-10.66,-2.36,5.87
2019-05-21,600095,17.67,18.38,18.99,17.67,965847,525354368.0,6.67,-7.08,-1.4,26.74
2019-05-22,600095,17.49,17.74,18.42,17.2,590244,317525728.0,6.64,-3.48,-0.64,16.34
2019-05-23,600095,17.38,16.31,17.67,16.09,480102,244395989.0,8.91,-8.06,-1.43,13.29
2019-05-24,600095,16.13,15.98,16.99,15.91,317576,158475159.0,6.62,-2.02,-0.33,8.79
2019-05-27,600095,16.13,16.34,16.41,15.62,271794,133289931.0,4.94,2.25,0.36,7.52
2019-05-28,600095,16.23,16.59,17.09,16.13,366167,185050220.0,5.88,1.53,0.25,10.14
2019-05-29,600095,16.59,17.06,17.45,16.45,387987,198959091.0,6.03,2.83,0.47,10.74
2019-05-30,600095,17.49,17.31,18.06,16.84,538818,285461472.0,7.15,1.47,0.25,14.91
2019-05-31,600095,17.02,16.91,17.17,15.45,431168,215538093.0,9.94,-2.31,-0.4,11.93
2019-06-03,600095,16.59,16.13,17.31,15.95,316996,159448250.0,8.04,-4.61,-0.78,8.77
2019-06-04,600095,16.84,16.38,16.99,16.2,299061,150683202.0,4.9,1.55,0.25,8.28
2019-06-05,600095,16.16,17.27,17.6,16.09,459984,236803288.0,9.22,5.43,0.89,12.73
2019-06-06,600095,16.91,16.56,17.2,16.31,258150,131059585.0,5.15,-4.11,-0.71,7.15
2019-06-10,600095,17.92,17.67,18.17,17.06,423218,225267687.0,6.7,6.7,1.11,11.71
2019-06-11,600095,18.74,19.57,19.57,18.38,349849,202743145.0,6.73,10.75,1.9,9.68
2019-06-12,600095,17.88,19.28,20.14,17.88,753085,432335152.0,11.55,-1.48,-0.29,20.85
2019-06-13,600095,19.14,18.63,19.21,18.35,395748,223065471.0,4.46,-3.37,-0.65,10.95
2019-06-14,600095,18.28,17.85,18.71,17.6,277317,151495377.0,5.96,-4.19,-0.78,7.68
2019-06-17,600095,17.85,18.67,18.88,17.74,253242,139589107.0,6.39,4.59,0.82,7.01
2019-07-02,600095,20.68,20.68,20.68,20.68,16982,10494882.0,0.0,10.77,2.01,0.47
2019-07-03,600095,22.9,22.9,22.9,22.9,6069,4126723.0,0.0,10.74,2.22,0.17
2019-07-04,600095,25.33,25.33,25.33,25.33,16452,12306335.0,0.0,10.61,2.43,0.46
2019-07-05,600095,28.02,28.02,28.02,28.02,27540,22665585.0,0.0,10.62,2.69,0.76
2019-07-08,600095,30.96,29.81,30.96,29.49,1328507,1192644320.0,5.25,6.39,1.79,36.77
2019-07-09,600095,29.81,32.93,32.93,29.81,1421737,1325534368.0,10.47,10.47,3.12,39.35
2019-07-10,600095,30.78,29.49,30.96,29.49,1128652,988210544.0,4.46,-10.45,-3.44,31.24
2019-07-11,600095,29.02,30.46,30.6,27.77,989776,854682032.0,9.6,3.29,0.97,27.4
2019-07-12,600095,29.81,28.74,31.06,28.31,771979,671327824.0,9.03,-5.65,-1.72,21.37
2019-07-15,600095,28.99,31.75,31.75,28.99,780743,696612112.0,9.6,10.47,3.01,21.61
2019-07-16,600095,31.03,32.39,34.07,30.49,1181353,1115219680.0,11.28,2.02,0.64,32.7
2019-07-17,600095,32.21,32.21,33.11,31.24,764769,715486592.0,5.77,-0.56,-0.18,21.17
2019-07-18,600095,31.35,30.63,32.03,30.56,580914,530202816.0,4.56,-4.91,-1.58,16.08
2019-07-19,600095,31.06,33.14,33.86,31.03,1237297,1200232128.0,9.24,8.19,2.51,34.25
2019-07-22,600095,33.36,29.67,33.61,29.67,915620,807360608.0,11.89,-10.47,-3.47,25.34
2019-07-23,600095,28.31,27.98,28.81,27.45,631756,521106704.0,4.58,-5.7,-1.69,17.49
2019-07-24,600095,28.23,28.23,28.92,27.98,505554,421410144.0,3.36,0.89,0.25,13.99
2019-07-25,600095,27.91,28.88,29.27,27.59,554706,463278672.0,5.95,2.3,0.65,15.35
2019-07-26,600095,28.27,27.84,28.7,27.73,358184,295960832.0,3.36,-3.6,-1.04,9.91
2019-07-29,600095,27.77,27.52,28.16,26.84,318491,257485075.0,4.74,-1.15,-0.32,8.82
2019-07-30,600095,27.2,27.3,28.2,26.94,356425,288666496.0,4.58,-0.8,-0.22,9.87
2019-07-31,600095,26.84,25.55,26.98,25.55,425791,328025696.0,5.24,-6.41,-1.75,11.79
2019-08-01,600095,25.37,26.69,27.55,25.26,512452,404201184.0,8.96,4.46,1.14,14.18
2019-08-02,600095,26.05,27.2,28.06,25.87,472875,378591760.0,8.21,1.91,0.51,13.09
2019-08-05,600095,26.77,26.94,27.84,26.12,313773,249052956.0,6.32,-0.96,-0.26,8.69
2019-08-06,600095,26.12,25.76,26.69,24.22,462778,351322912.0,9.17,-4.38,-1.18,12.81
2019-08-07,600095,25.76,25.05,26.48,24.87,354409,268442752.0,6.25,-2.76,-0.71,9.81
2019-08-08,600095,25.73,24.83,25.76,24.65,282659,210047161.0,4.43,-0.88,-0.22,7.82
2019-08-09,600095,24.97,25.55,25.66,23.97,362595,267307087.0,6.81,2.9,0.72,10.04
2019-08-12,600095,25.62,26.59,27.2,25.3,451244,350383968.0,7.44,4.07,1.04,12.49
2019-08-13,600095,27.37,27.41,29.2,26.84,639324,523252992.0,8.88,3.08,0.82,17.7
2019-08-14,600095,27.77,26.62,27.88,26.48,422813,338215120.0,5.11,-2.88,-0.79,11.7
2019-08-15,600095,25.33,26.98,27.52,25.23,432261,333681856.0,8.6,1.35,0.36,11.97
2019-08-16,600095,26.69,26.59,27.8,26.41,371311,295097936.0,5.15,-1.45,-0.39,10.28
2019-08-19,600095,26.8,27.88,28.23,26.34,511154,411157536.0,7.11,4.85,1.29,14.15
2019-08-20,600095,27.59,27.41,27.98,27.12,400015,323324064.0,3.08,-1.69,-0.47,11.07
2019-08-21,600095,27.55,27.09,27.7,26.98,295949,237599383.0,2.63,-1.17,-0.32,8.19
2019-08-22,600095,27.02,26.16,27.12,25.69,321791,250022319.0,5.28,-3.43,-0.93,8.91
2019-08-23,600095,26.16,25.8,26.59,25.8,215794,166198595.0,3.02,-1.38,-0.36,5.97
2019-08-26,600095,25.05,25.33,25.73,24.8,224883,167277904.0,3.6,-1.82,-0.47,6.22
2019-08-27,600095,25.51,27.55,27.55,25.4,470100,367142560.0,8.49,8.76,2.22,13.01
2019-08-28,600095,26.98,26.55,27.27,26.44,318565,251242850.0,3.01,-3.63,-1.0,8.82
2019-08-29,600095,26.55,26.69,27.48,26.37,264526,209630186.0,4.18,0.53,0.14,7.32
2019-08-30,600095,26.77,26.48,27.55,26.19,277494,219896109.0,5.1,-0.79,-0.21,7.68
2019-09-02,600095,26.01,27.02,27.37,25.87,301103,238606134.0,5.66,2.04,0.54,8.33
2019-09-03,600095,27.2,27.27,27.55,26.55,322302,256681485.0,3.7,0.93,0.25,8.92
2019-09-04,600095,27.23,27.91,28.38,26.84,459745,373250912.0,5.65,2.35,0.64,12.73
2019-09-05,600095,28.31,30.85,30.85,27.98,504316,437572480.0,10.28,10.53,2.94,13.96
2019-09-06,600095,31.78,30.56,32.14,29.6,675747,606180400.0,8.23,-0.94,-0.29,18.71
2019-09-09,600095,30.85,32.86,33.75,30.1,733753,680579232.0,11.94,7.53,2.3,20.31
2019-09-10,600095,32.21,36.29,36.29,32.03,585220,598286800.0,12.96,10.44,3.43,16.2
2019-09-11,600095,39.7,40.06,40.06,36.9,1100935,1256778128.0,8.71,10.39,3.77,30.47
2019-09-12,600095,39.38,38.59,41.92,36.15,1044908,1181067760.0,14.4,-3.67,-1.47,28.92
2019-09-16,600095,37.87,38.41,40.45,37.3,722600,811373424.0,8.16,-0.47,-0.18,20.0
2019-09-17,600095,37.23,35.36,37.48,34.43,682429,712796064.0,7.94,-7.94,-3.05,18.89
2019-09-18,600095,35.65,35.08,36.9,34.93,526048,545531408.0,5.57,-0.79,-0.28,14.56
2019-09-19,600095,35.72,35.61,35.97,33.64,410105,416362928.0,6.64,1.51,0.53,11.35
2019-09-20,600095,35.36,34.25,35.9,34.11,378488,383120368.0,5.03,-3.82,-1.36,10.48
2019-09-23,600095,34.4,34.72,34.75,33.0,360719,356240624.0,5.11,1.37,0.47,9.98
2019-09-24,600095,35.15,34.36,35.79,33.82,477120,481742800.0,5.67,-1.04,-0.36,13.21
2019-09-25,600095,33.29,32.96,34.22,32.71,320112,311624800.0,4.39,-4.07,-1.4,8.86
2019-09-26,600095,33.0,30.49,33.43,30.06,419786,384994752.0,10.22,-7.49,-2.47,11.62
2019-09-27,600095,30.78,31.1,31.35,30.46,237104,215179381.0,2.92,2.0,0.61,6.56
2019-09-30,600095,31.28,30.24,31.53,30.24,166412,150379848.0,4.15,-2.77,-0.86,4.61
2019-10-08,600095,30.71,30.28,31.28,30.24,203479,182911695.0,3.44,0.13,0.04,5.63
2019-10-09,600095,30.24,31.35,31.67,29.49,265577,239221004.0,7.2,3.53,1.07,7.35
2019-10-10,600095,31.32,30.99,31.35,30.63,212496,192389466.0,2.3,-1.15,-0.36,5.88
2019-10-11,600095,31.03,32.25,32.64,30.1,429607,396837504.0,8.2,4.07,1.26,11.89
2019-10-14,600095,32.6,32.28,33.82,31.92,419914,400903248.0,5.89,0.09,0.03,11.62
2019-10-15,600095,31.46,30.63,32.07,30.56,244691,222222317.0,4.68,-5.11,-1.65,6.77
2019-10-16,600095,30.78,29.95,30.99,29.81,189752,168309908.0,3.85,-2.22,-0.68,5.25
2019-10-17,600095,29.88,30.24,30.53,29.63,145716,128753564.0,3.01,0.97,0.29,4.03
2019-10-18,600095,29.99,28.74,30.42,28.66,205147,176654327.0,5.82,-4.96,-1.5,5.68
2019-10-21,600095,29.02,28.81,29.17,28.02,130171,109428393.0,4.0,0.24,0.07,3.6
2019-10-22,600095,28.74,28.99,29.27,28.49,130054,110009738.0,2.71,0.62,0.18,3.6
2019-10-23,600095,28.95,28.31,29.13,28.09,137414,115449646.0,3.59,-2.35,-0.68,3.8
2019-10-24,600095,28.16,28.52,29.02,27.95,160558,134487649.0,3.78,0.74,0.21,4.44
2019-10-25,600095,28.59,29.02,29.27,28.06,192962,162971151.0,4.24,1.75,0.5,5.34
2019-10-28,600095,28.77,30.06,30.24,28.31,276085,238616018.0,6.65,3.58,1.04,7.64
2019-10-29,600095,29.99,28.66,30.17,28.63,226961,194517416.0,5.12,-4.66,-1.4,6.28
2019-10-30,600095,28.27,27.59,28.52,27.27,183988,150763655.0,4.36,-3.73,-1.07,5.09
2019-10-31,600095,27.88,27.77,28.23,27.45,134216,109912886.0,2.83,0.65,0.18,3.72
2019-11-01,600095,27.98,28.92,29.24,27.63,184136,153831415.0,5.8,4.14,1.15,5.1
2019-11-04,600095,28.81,28.38,29.09,28.2,142169,119222517.0,3.08,-1.87,-0.54,3.94
2019-11-05,600095,28.41,28.59,29.2,28.23,184249,155856637.0,3.42,0.74,0.21,5.1
2019-11-06,600095,28.56,27.95,28.92,27.77,142257,118333992.0,4.02,-2.24,-0.64,3.94
2019-11-07,600095,27.95,27.98,28.38,27.8,106871,88146153.0,2.08,0.11,0.03,2.96
2019-11-08,600095,28.49,28.13,28.84,27.98,127812,106455997.0,3.07,0.54,0.15,3.54
2019-11-11,600095,27.77,27.12,28.09,26.84,124610,100348290.0,4.44,-3.59,-1.01,3.45
2019-11-12,600095,27.41,26.91,27.48,26.52,88249,69751622.0,3.54,-0.77,-0.21,2.44
2019-11-13,600095,26.91,25.83,26.91,25.62,140229,107754959.0,4.79,-4.01,-1.08,3.88
2019-11-14,600095,25.98,26.23,26.48,25.83,106635,82163494.0,2.52,1.55,0.4,2.95
2019-11-15,600095,26.09,25.66,26.26,25.4,105953,80890573.0,3.28,-2.17,-0.57,2.93
2019-11-18,600095,25.83,26.34,26.66,25.62,133133,103025407.0,4.05,2.65,0.68,3.69
2019-11-19,600095,26.23,27.05,27.48,26.12,182169,144192458.0,5.16,2.7,0.71,5.04
2019-11-20,600095,26.84,27.77,28.27,26.52,227504,182818134.0,6.47,2.66,0.72,6.3
2019-11-21,600095,27.3,26.84,27.41,26.66,164570,130904845.0,2.7,-3.35,-0.93,4.56
2019-11-22,600095,26.77,26.26,27.05,25.83,134287,104466867.0,4.55,-2.16,-0.58,3.72
2019-11-25,600095,26.26,26.01,26.44,25.62,82126,62672305.0,3.12,-0.95,-0.25,2.27
2019-11-26,600095,26.01,25.83,26.26,25.73,65836,50435016.0,2.04,-0.69,-0.18,1.82
2019-11-27,600095,25.94,25.15,25.94,25.08,125242,93709868.0,3.33,-2.63,-0.68,3.47
2019-11-28,600095,25.05,25.4,25.76,24.97,101966,76447395.0,3.14,0.99,0.25,2.82
2019-11-29,600095,25.48,25.58,25.69,25.12,92043,69045091.0,2.24,0.71,0.18,2.55
2019-12-02,600095,26.26,25.58,26.26,25.51,99440,75885609.0,2.93,0.0,0.0,2.75
2019-12-03,600095,25.19,25.44,25.58,24.69,98954,73427202.0,3.48,-0.55,-0.14,2.74
2019-12-04,600095,25.15,25.19,25.4,24.94,72244,53701878.0,1.81,-0.98,-0.25,2.0
2019-12-05,600095,25.23,25.66,26.01,25.23,114127,86240123.0,3.1,1.87,0.47,3.16
2019-12-06,600095,25.69,28.38,28.38,25.44,379826,304105008.0,11.46,10.6,2.72,10.51
2019-12-09,600095,27.88,28.49,29.09,27.8,370698,309421120.0,4.55,0.39,0.11,10.26
2019-12-10,600095,28.34,29.52,30.63,27.52,372635,318135152.0,10.92,3.62,1.03,10.31
2019-12-11,600095,29.45,29.52,30.71,29.2,306403,269158944.0,5.12,0.0,0.0,8.48
2019-12-12,600095,29.52,28.88,29.95,28.74,205116,174866640.0,4.1,-2.17,-0.64,5.68
2019-12-13,600095,29.88,29.67,30.56,29.2,353002,308346512.0,4.71,2.74,0.79,9.77
2019-12-16,600095,29.88,30.13,30.89,29.17,317414,278110880.0,5.8,1.55,0.46,8.79
2019-12-17,600095,30.06,30.78,32.57,29.6,518385,468413232.0,9.86,2.16,0.65,14.35
2019-12-18,600095,30.6,30.63,31.42,30.06,365613,328144272.0,4.42,-0.49,-0.15,10.12
2019-12-19,600095,30.24,30.38,31.24,30.13,228757,204530717.0,3.62,-0.82,-0.25,6.33
2019-12-20,600095,30.35,30.85,31.78,30.35,346005,313718048.0,4.71,1.55,0.47,9.58
2019-12-23,600095,30.42,28.77,30.42,27.95,308109,263662722.0,8.01,-6.74,-2.08,8.53
2019-12-24,600095,29.17,29.09,29.2,28.45,137749,116719148.0,2.61,1.11,0.32,3.81
2019-12-25,600095,29.13,28.95,29.7,28.63,189401,161283157.0,3.68,-0.48,-0.14,5.24
2019-12-26,600095,28.99,29.24,29.42,28.41,227580,192392011.0,3.49,1.0,0.29,6.3
2019-12-27,600095,29.31,29.95,31.1,28.99,408694,361368576.0,7.22,2.43,0.71,11.31
2019-12-30,600095,29.17,30.53,31.32,28.49,374497,330928928.0,9.45,1.94,0.58,10.37
2019-12-31,600095,33.72,33.72,33.72,33.36,193480,189984763.0,1.18,10.45,3.19,5.36
2020-01-02,600095,37.23,37.23,37.23,37.23,20751,22411609.0,0.0,10.41,3.51,0.57
2020-01-03,600095,41.09,37.76,41.09,37.73,1238945,1419836320.0,9.02,1.42,0.53,34.29
2020-01-06,600095,35.97,36.19,38.05,35.08,767277,810459360.0,7.87,-4.16,-1.57,21.24
2020-01-07,600095,35.58,37.05,37.8,35.43,626457,669784592.0,6.55,2.38,0.86,17.34
2020-01-08,600095,35.83,34.25,36.47,34.07,600605,614500608.0,6.48,-7.56,-2.8,16.63
2020-01-09,600095,34.83,33.79,35.08,33.25,445615,441977888.0,5.34,-1.34,-0.46,12.33
2020-01-10,600095,34.0,33.18,34.0,32.89,298047,290084224.0,3.28,-1.81,-0.61,8.25
2020-01-13,600095,33.03,33.64,33.64,32.32,275176,265313870.0,3.98,1.39,0.46,7.62
2020-01-14,600095,34.18,33.03,34.18,32.96,289176,282398528.0,3.63,-1.81,-0.61,8.0
2020-01-15,600095,32.86,33.57,34.04,32.86,261815,256474427.0,3.57,1.63,0.54,7.25
2020-01-16,600095,33.57,33.21,33.79,33.11,158190,153579659.0,2.03,-1.07,-0.36,4.38
2020-01-17,600095,33.29,33.39,33.89,33.21,173440,169526841.0,2.05,0.54,0.18,4.8
2020-01-20,600095,33.32,32.78,33.36,32.14,182492,173891542.0,3.65,-1.83,-0.61,5.05
2020-01-21,600095,32.86,33.39,34.18,32.21,244635,237181881.0,6.01,1.86,0.61,6.77
2020-01-22,600095,33.14,34.79,34.9,32.96,315555,314525664.0,5.81,4.19,1.4,8.73
2020-01-23,600095,34.0,32.75,34.61,31.82,254087,247795995.0,8.02,-5.86,-2.04,7.03
2020-02-03,600095,29.35,29.35,29.35,29.35,15084,12972240.0,0.0,-10.38,-3.4,0.42
2020-02-04,600095,26.26,27.37,28.09,26.26,355278,283707328.0,6.24,-6.75,-1.98,9.83
2020-02-05,600095,27.41,27.95,29.27,26.98,289652,239772125.0,8.37,2.12,0.58,8.02
2020-02-06,600095,27.88,29.35,29.63,27.41,344861,291186704.0,7.94,5.01,1.4,9.55
2020-02-07,600095,29.2,29.67,30.56,28.92,266300,231415057.0,5.59,1.09,0.32,7.37
2020-02-10,600095,29.06,30.38,30.6,29.02,251914,221989596.0,5.33,2.39,0.71,6.97
2020-02-11,600095,30.71,29.77,31.1,29.7,223375,197792011.0,4.61,-2.01,-0.61,6.18
2020-02-12,600095,29.67,30.42,30.53,29.27,223242,196171711.0,4.23,2.18,0.65,6.18
2020-02-13,600095,30.1,29.56,30.56,29.49,197261,172760964.0,3.52,-2.83,-0.86,5.46
2020-02-14,600095,29.49,30.17,30.63,29.24,259997,228819759.0,4.7,2.06,0.61,7.2
2020-02-17,600095,30.74,32.39,33.18,30.24,415529,383154384.0,9.74,7.36,2.22,11.5
2020-02-18,600095,32.1,32.25,32.82,31.49,322617,302127680.0,4.11,-0.43,-0.14,8.93
2020-02-19,600095,31.96,32.43,33.46,31.71,352408,336632944.0,5.43,0.56,0.18,9.75
2020-02-20,600095,33.07,34.9,35.65,32.68,546272,543006464.0,9.16,7.62,2.47,15.12
2020-02-21,600095,34.36,34.22,35.94,33.64,503544,505073232.0,6.59,-1.95,-0.68,13.94
2020-02-24,600095,33.54,33.54,34.0,32.82,330267,322033952.0,3.45,-1.99,-0.68,9.14
2020-02-25,600095,32.21,33.0,33.25,31.42,329889,312556752.0,5.46,-1.61,-0.54,9.13
2020-02-26,600095,32.28,32.18,33.64,31.71,271471,260095675.0,5.85,-2.48,-0.82,7.51
2020-02-27,600095,32.35,32.21,33.0,32.1,198784,188711579.0,2.8,0.09,0.03,5.5
2020-02-28,600095,30.78,29.2,31.49,28.99,271264,239804572.0,7.76,-9.34,-3.01,7.51
2020-03-02,600095,29.74,32.07,32.28,29.74,331259,303917408.0,8.7,9.83,2.87,9.17
2020-03-03,600095,32.53,32.68,33.82,32.03,326622,313823696.0,5.58,1.9,0.61,9.04
2020-03-04,600095,32.78,34.58,34.75,32.71,385452,379792480.0,6.24,5.81,1.9,10.67
2020-03-05,600095,34.58,36.94,38.19,34.04,772247,820934304.0,12.0,6.82,2.36,21.38
2020-03-06,600095,35.26,34.0,35.97,34.0,576658,584164928.0,5.33,-7.96,-2.94,15.96
2020-03-09,600095,33.11,32.14,33.82,31.78,350423,334431264.0,6.0,-5.47,-1.86,9.7
2020-03-10,600095,31.64,33.43,33.64,31.6,337397,322273024.0,6.35,4.01,1.29,9.34
2020-03-11,600095,33.21,32.07,33.57,32.07,239081,228905947.0,4.49,-4.07,-1.36,6.62
2020-03-12,600095,31.85,32.1,32.53,31.49,186527,174526540.0,3.24,0.09,0.03,5.16
2020-03-13,600095,30.56,31.75,32.32,29.92,244716,221910719.0,7.48,-1.09,-0.35,6.77
2020-03-16,600095,31.96,30.03,32.93,29.77,243194,224071893.0,9.95,-5.42,-1.72,6.73
2020-03-17,600095,30.63,31.82,31.85,29.17,212086,189080279.0,8.92,5.96,1.79,5.87
2020-03-18,600095,31.64,31.85,32.68,31.21,257329,240515643.0,4.62,0.09,0.03,7.12
2020-03-19,600095,31.75,33.03,33.07,31.28,236865,221937819.0,5.62,3.7,1.18,6.56
2020-03-20,600095,33.29,33.93,34.29,32.03,292081,283643040.0,6.84,2.72,0.9,8.08
2020-03-23,600095,32.93,31.82,33.57,31.75,215403,206154393.0,5.36,-6.22,-2.11,5.96
2020-03-24,600095,32.57,32.07,32.89,30.46,193200,179150359.0,7.64,0.79,0.25,5.35
2020-03-25,600095,32.89,32.82,33.14,32.14,168713,160700561.0,3.12,2.34,0.75,4.67
2020-03-26,600095,32.35,32.93,33.57,31.82,206440,197517171.0,5.33,0.34,0.11,5.71
2020-03-27,600095,33.18,33.07,34.07,32.93,247389,241094086.0,3.46,0.43,0.14,6.85
2020-03-30,600095,33.18,35.04,35.72,33.18,399570,398187056.0,7.68,5.96,1.97,11.06
2020-03-31,600095,34.75,35.36,36.29,34.15,392636,404262816.0,6.11,0.91,0.32,10.87
2020-04-01,600095,34.83,31.67,35.61,31.67,413946,404985888.0,11.14,-10.44,-3.69,11.46
2020-04-02,600095,30.13,31.21,31.32,29.77,257709,230955225.0,4.89,-1.45,-0.46,7.13
2020-04-03,600095,31.21,34.47,34.47,30.99,449148,437776608.0,11.15,10.45,3.26,12.43
2020-04-07,600095,35.22,36.47,37.51,34.61,680394,717365328.0,8.41,5.8,2.0,18.83
2020-04-08,600095,36.37,35.61,37.8,35.51,510158,542201392.0,6.28,-2.36,-0.86,14.12
2020-04-09,600095,36.44,36.15,37.76,35.83,439163,467750816.0,5.42,1.52,0.54,12.16
2020-04-10,600095,36.47,34.04,36.8,33.64,385304,392030864.0,8.74,-5.84,-2.11,10.67
2020-04-13,600095,34.36,32.43,34.65,32.25,245283,235656581.0,7.05,-4.73,-1.61,6.79
2020-04-14,600095,32.6,33.29,33.32,32.0,272125,260005748.0,4.07,2.65,0.86,7.53
2020-04-15,600095,33.07,32.21,33.11,32.1,229411,217502288.0,3.03,-3.24,-1.08,6.35
2020-04-16,600095,32.03,32.6,33.0,31.53,197716,187628878.0,4.56,1.21,0.39,5.47
2020-04-17,600095,32.39,32.07,32.75,32.07,193570,182517861.0,2.09,-1.63,-0.53,5.36
2020-04-20,600095,32.03,32.68,32.86,31.64,163799,154930927.0,3.8,1.9,0.61,4.53
2020-04-21,600095,32.39,33.75,34.11,32.25,278847,270749360.0,5.69,3.27,1.07,7.72
2020-04-22,600095,33.21,34.75,34.9,32.64,369800,367044176.0,6.7,2.96,1.0,10.24
2020-04-23,600095,34.36,33.86,35.18,33.64,324289,324188640.0,4.43,-2.56,-0.89,8.98
2020-04-24,600095,33.29,32.25,33.61,31.85,245972,233848711.0,5.2,-4.75,-1.61,6.81
2020-04-27,600095,32.25,31.96,32.71,31.92,115869,108998877.0,2.45,-0.9,-0.29,3.21
2020-04-28,600095,32.35,32.1,32.43,28.99,184340,168726576.0,10.76,0.44,0.14,5.1
2020-04-29,600095,31.49,31.03,32.03,30.99,123861,113648424.0,3.24,-3.33,-1.07,3.43
2020-04-30,600095,31.03,31.85,32.0,31.03,121773,112631566.0,3.13,2.64,0.82,3.37
2020-05-06,600095,31.49,32.25,32.39,31.21,109817,102505625.0,3.7,1.26,0.4,3.04
2020-05-07,600095,32.18,31.67,32.53,31.57,123741,115819536.0,2.98,-1.8,-0.58,3.43
2020-05-08,600095,31.78,32.03,32.5,31.46,146281,136629814.0,3.28,1.14,0.36,4.05
2020-05-11,600095,32.1,32.35,32.82,32.07,136827,129306492.0,2.34,1.0,0.32,3.79
2020-05-12,600095,32.53,31.92,32.53,31.53,106201,98981522.0,3.09,-1.33,-0.43,2.94
2020-05-13,600095,31.75,32.46,32.5,31.53,120056,112463481.0,3.04,1.69,0.54,3.32
2020-05-14,600095,32.14,31.57,32.18,31.57,99511,92585314.0,1.88,-2.74,-0.89,2.75
2020-05-15,600095,33.64,34.86,34.86,33.0,246475,244487022.0,5.89,10.42,3.29,6.82
2020-05-18,600095,36.08,35.08,36.15,34.0,423355,433426928.0,6.17,0.63,0.22,11.72
2020-05-19,600095,35.36,36.47,37.51,34.72,339824,355388256.0,7.95,3.96,1.39,9.41
2020-05-20,600095,36.44,38.98,40.09,36.08,456376,509653792.0,11.0,6.88,2.51,12.63
2020-05-22,600095,40.02,35.86,42.74,35.61,789585,900316224.0,18.29,-8.0,-3.12,21.86
2020-05-25,600095,35.08,34.29,37.19,34.11,451875,463971968.0,8.59,-4.38,-1.57,12.51
2020-05-26,600095,34.25,34.83,35.58,33.75,325412,328784656.0,5.34,1.57,0.54,9.01
2020-05-27,600095,34.36,33.43,34.9,33.32,308820,304904240.0,4.54,-4.02,-1.4,8.55
2020-05-28,600095,33.46,33.46,34.61,32.64,321359,314841440.0,5.89,0.09,0.03,8.9
2020-05-29,600095,32.64,32.64,33.29,32.43,223013,213069373.0,2.57,-2.45,-0.82,6.17
2020-06-01,600095,33.68,35.61,36.04,33.03,497410,505012320.0,9.22,9.1,2.97,13.77
2020-06-02,600095,35.47,35.36,36.37,35.11,361946,374139872.0,3.54,-0.7,-0.25,10.02
2020-06-03,600095,35.79,35.51,36.98,35.4,346775,362281280.0,4.47,0.42,0.15,9.6
2020-06-04,600095,35.51,34.86,36.01,34.86,229347,236042536.0,3.24,-1.83,-0.65,6.35
2020-06-05,600095,34.86,34.68,35.25,33.89,240310,241141771.0,3.9,-0.52,-0.18,6.65
2020-06-08,600095,35.11,34.5,35.68,34.29,184316,186974994.0,4.01,-0.52,-0.18,5.1
2020-06-09,600095,34.64,35.11,35.65,34.14,217793,221301320.0,4.38,1.77,0.61,7.18
2020-06-10,600095,34.71,34.61,35.22,34.5,150074,151607761.0,2.05,-1.42,-0.5,4.95
2020-06-11,600095,34.68,34.03,35.29,34.03,189324,189654637.0,3.64,-1.68,-0.58,6.24
2020-06-12,600095,33.86,37.58,37.58,33.5,794383,852767808.0,11.99,10.43,3.55,26.2
2020-06-15,600095,37.58,37.22,38.62,36.58,690380,754423824.0,5.43,-0.96,-0.36,22.77
2020-06-16,600095,38.01,37.12,38.23,36.47,398987,429523408.0,4.73,-0.27,-0.1,13.16
2020-06-17,600095,36.97,36.0,37.26,35.43,317699,333726960.0,4.93,-3.02,-1.12,10.48
2020-06-18,600095,36.11,36.08,36.9,35.47,288803,302794400.0,3.97,0.22,0.08,9.53
2020-06-19,600095,35.93,36.72,37.4,35.72,361530,383971008.0,4.66,1.77,0.64,11.93
2020-06-22,600095,36.51,37.94,39.77,36.22,562319,620093296.0,9.67,3.32,1.22,18.55
2020-06-23,600095,37.58,38.15,39.16,37.58,415422,460577072.0,4.16,0.55,0.21,13.7
2020-06-24,600095,38.51,36.83,38.58,36.18,352811,382310608.0,6.29,-3.46,-1.32,11.64
2020-06-29,600095,36.11,34.54,36.26,34.46,331447,337894032.0,4.89,-6.22,-2.29,10.93
2020-06-30,600095,34.79,34.97,35.68,34.39,253445,257437031.0,3.73,1.24,0.43,8.36
2020-07-01,600095,34.86,35.25,35.36,34.68,217441,221025182.0,1.94,0.8,0.28,7.17
2020-07-02,600095,35.0,37.69,38.23,34.82,558480,595044928.0,9.67,6.92,2.44,18.42
2020-07-03,600095,37.83,40.55,41.41,37.62,909259,1040299568.0,10.06,7.59,2.86,29.99
2020-07-06,600095,42.27,44.17,44.75,41.49,909911,1128936656.0,8.04,8.93,3.62,30.01
2020-07-07,600095,43.35,42.09,43.35,41.16,772272,944832656.0,4.96,-4.71,-2.08,25.47
2020-07-08,600095,41.52,44.78,46.21,41.38,782245,999867632.0,11.48,6.39,2.69,25.8
2020-07-09,600095,43.35,46.39,48.15,43.17,805114,1052244464.0,11.12,3.6,1.61,26.56
2020-07-10,600095,45.64,51.19,51.19,45.39,207652,293029824.0,12.5,10.35,4.8,6.85
2020-07-13,600095,56.46,56.46,56.46,51.98,644879,1013071520.0,8.75,10.29,5.27,21.27
2020-07-14,600095,56.96,53.77,60.54,53.7,1089796,1775024656.0,12.11,-4.76,-2.69,35.95
2020-07-15,600095,52.98,49.65,54.74,48.83,711460,1048066528.0,10.99,-7.66,-4.12,23.47
2020-07-16,600095,49.9,45.82,50.8,45.1,525726,729102336.0,11.48,-7.71,-3.83,17.34
2020-07-17,600095,46.61,45.21,47.15,43.99,371284,487287232.0,6.9,-1.33,-0.61,12.25
2020-07-20,600095,46.21,47.22,47.97,45.39,376067,504710208.0,5.71,4.45,2.01,12.4
2020-07-21,600095,47.22,45.93,47.75,45.5,292943,391853264.0,4.76,-2.73,-1.29,9.66
2020-07-22,600095,45.89,46.46,48.01,45.46,362424,489230048.0,5.55,1.15,0.53,11.95
2020-07-23,600095,45.35,47.22,47.5,44.42,356905,474105984.0,6.63,1.64,0.76,11.77
2020-07-24,600095,46.57,43.35,46.64,42.74,372969,480837616.0,8.26,-8.2,-3.87,12.3
2020-07-27,600095,43.46,43.78,44.46,42.78,196658,247944109.0,3.88,0.99,0.43,6.49
2020-07-28,600095,46.93,48.29,48.29,46.14,838590,1154827168.0,4.91,10.3,4.51,27.66
2020-07-29,600095,46.93,53.27,53.27,46.57,978583,1441150720.0,13.87,10.31,4.98,32.28
2020-07-30,600095,53.24,52.98,58.04,52.27,1230412,1933839552.0,10.83,-0.54,-0.29,40.59
2020-07-31,600095,52.27,58.43,58.43,52.27,1175028,1889755584.0,11.63,10.29,5.45,38.76
2020-08-03,600095,60.54,56.35,61.04,55.21,1106102,1793969520.0,9.98,-3.56,-2.08,36.48
2020-08-04,600095,55.56,52.77,55.89,52.3,750729,1156012592.0,6.37,-6.35,-3.58,24.76
2020-08-05,600095,51.8,53.7,54.63,51.34,521968,801826560.0,6.23,1.76,0.93,17.22
2020-08-06,600095,53.2,54.49,55.13,51.59,517812,786935904.0,6.59,1.47,0.79,17.08
2020-08-07,600095,52.3,51.59,53.02,50.41,429400,637796816.0,4.79,-5.32,-2.9,14.16
2020-08-10,600095,51.77,52.73,53.74,50.8,355045,535633664.0,5.7,2.21,1.14,11.71
2020-08-11,600095,52.02,50.26,52.81,50.08,297891,440492480.0,5.18,-4.68,-2.47,9.83
2020-08-12,600095,50.51,51.95,52.09,50.33,276422,406936160.0,3.5,3.36,1.69,9.12
2020-08-13,600095,52.3,52.48,53.13,50.98,303403,454006320.0,4.14,1.02,0.53,10.01
2020-08-14,600095,51.87,52.34,52.55,51.44,221548,330586688.0,2.12,-0.27,-0.14,7.31
2020-08-17,600095,57.71,57.71,57.71,56.6,389702,642435328.0,2.12,10.26,5.37,12.85
2020-08-18,600095,62.51,63.62,63.62,60.47,725872,1300127072.0,5.46,10.24,5.91,23.94
2020-08-19,600095,62.48,64.13,69.75,60.26,1263677,2349521648.0,14.92,0.8,0.51,41.68
2020-08-20,600095,65.56,66.6,70.68,64.27,1248732,2411251904.0,10.0,3.85,2.47,41.19
2020-08-21,600095,66.02,59.83,68.1,59.79,1111946,1977186848.0,12.48,-10.17,-6.77,36.68
2020-08-24,600095,58.57,58.5,60.87,58.0,561985,947693552.0,4.8,-2.22,-1.33,18.54
2020-08-25,600095,58.0,57.07,60.65,56.42,539439,900233152.0,7.23,-2.44,-1.43,17.79
2020-08-26,600095,56.03,54.2,56.85,53.95,450003,712067616.0,5.08,-5.03,-2.87,14.84
2020-08-27,600095,54.63,55.28,56.14,53.67,377420,595509040.0,4.56,1.99,1.08,12.45
2020-08-28,600095,54.78,58.9,59.47,54.17,522993,854492256.0,9.59,6.55,3.62,17.25
2020-08-31,600095,58.32,57.35,60.11,57.18,499851,838572432.0,4.97,-2.63,-1.55,16.49
2020-09-01,600095,56.46,59.43,59.83,55.96,409535,678543920.0,6.75,3.63,2.08,13.51
2020-09-02,600095,59.11,59.79,60.15,57.71,435570,734794848.0,4.11,0.61,0.36,14.37
2020-09-03,600095,59.25,58.61,60.9,58.32,364559,621659392.0,4.32,-1.97,-1.18,12.02
2020-09-04,600095,56.96,57.25,57.61,56.32,256488,418240672.0,2.2,-2.32,-1.36,8.46
2020-09-07,600095,56.96,53.27,57.46,52.95,347152,549499296.0,7.88,-6.95,-3.98,11.45
2020-09-08,600095,53.16,53.95,54.81,50.94,324802,491277072.0,7.26,1.28,0.68,10.71
2020-09-09,600095,52.41,51.69,53.27,51.41,238893,357828192.0,3.45,-4.19,-2.26,7.88
2020-09-10,600095,52.16,50.05,52.66,49.8,213750,314906736.0,5.53,-3.17,-1.64,7.05
2020-09-11,600095,49.98,50.48,50.58,49.08,158411,227674788.0,3.0,0.86,0.43,5.23
2020-09-14,600095,50.58,52.7,52.84,49.87,211737,310329472.0,5.88,4.4,2.22,6.98
2020-09-15,600095,52.52,53.59,54.74,51.98,298146,459364320.0,5.24,1.69,0.89,9.83
2020-09-16,600095,52.7,51.87,53.52,51.69,190903,287225552.0,3.41,-3.21,-1.72,6.3
2020-09-17,600095,50.98,51.23,52.3,49.98,187021,272509968.0,4.47,-1.23,-0.64,6.17
2020-09-18,600095,50.87,56.5,56.5,50.8,446856,693156912.0,11.13,10.29,5.27,14.74
2020-09-21,600095,62.16,57.39,62.26,57.03,741508,1267727968.0,9.26,1.58,0.89,24.46
2020-09-22,600095,56.24,58.64,61.26,55.99,589860,988233184.0,9.18,2.18,1.25,19.46
2020-09-23,600095,57.43,56.85,58.39,55.99,368910,603935488.0,4.09,-3.05,-1.79,12.17
2020-09-24,600095,56.46,57.96,60.36,56.17,445073,744807808.0,7.37,1.95,1.11,14.68
2020-09-25,600095,58.07,59.79,60.72,57.0,529505,898762784.0,6.42,3.16,1.83,17.47
2020-09-28,600095,59.29,58.43,59.76,57.32,292192,490174160.0,4.08,-2.27,-1.36,9.64
2020-09-29,600095,59.47,60.9,61.12,59.11,429389,740659232.0,3.44,4.23,2.47,14.16
2020-09-30,600095,60.9,56.1,60.9,54.95,477656,788909408.0,9.77,-7.88,-4.8,15.76
2020-10-09,600095,56.82,55.46,56.82,53.7,405599,635159024.0,5.56,-1.14,-0.64,13.38
2020-10-12,600095,55.03,57.32,57.89,54.88,383382,622933808.0,5.43,3.35,1.86,12.65
2020-10-13,600095,55.92,54.81,56.5,54.45,359563,565875872.0,3.58,-4.38,-2.51,11.86
2020-10-14,600095,54.52,52.41,54.52,52.41,276799,420758400.0,3.85,-4.38,-2.4,9.13
2020-10-15,600095,52.59,53.02,53.84,52.38,175514,266756445.0,2.79,1.16,0.61,5.79
2020-10-16,600095,53.02,52.34,53.34,51.66,164326,247415559.0,3.17,-1.28,-0.68,5.42
2020-10-19,600095,52.59,52.3,53.63,52.3,161418,244831842.0,2.54,-0.08,-0.04,5.32
2020-10-20,600095,51.69,52.34,52.41,50.73,154923,229170044.0,3.21,0.08,0.04,5.11
2020-10-21,600095,52.05,51.12,52.3,51.09,116272,171666183.0,2.31,-2.33,-1.22,3.84
2020-10-22,600095,51.23,51.27,52.23,50.41,156266,229290346.0,3.56,0.29,0.15,5.15
2020-10-23,600095,50.87,49.29,51.27,49.12,153304,221613356.0,4.19,-3.86,-1.98,5.06
2020-10-26,600095,49.01,46.57,49.08,46.36,187835,253768110.0,5.52,-5.52,-2.72,6.2
2020-10-27,600095,46.43,46.61,46.93,46.03,103391,138519430.0,1.93,0.09,0.04,3.41
2020-10-28,600095,46.68,46.43,46.86,45.32,124536,165508132.0,3.3,-0.39,-0.18,4.11
2020-10-29,600095,45.46,45.57,46.39,45.21,154100,203141004.0,2.54,-1.85,-0.86,5.08
2020-10-30,600095,45.53,42.63,45.96,42.52,232729,296154352.0,7.55,-6.45,-2.94,7.68
2020-11-02,600095,43.28,43.17,44.75,42.49,210886,265376164.0,5.3,1.27,0.54,6.96
2020-11-03,600095,43.71,44.42,44.85,43.03,182181,231527039.0,4.22,2.9,1.25,6.01
2020-11-04,600095,44.06,43.78,44.35,43.35,133885,169351595.0,2.25,-1.44,-0.64,4.42
2020-11-05,600095,44.64,43.92,44.85,43.67,163712,208265440.0,2.7,0.32,0.14,5.4
2020-11-06,600095,44.03,45.61,46.07,43.35,315751,411131040.0,6.19,3.85,1.69,10.42
2020-11-09,600095,45.86,46.79,48.18,44.28,364950,486155328.0,8.55,2.59,1.18,12.04
2020-11-10,600095,46.57,45.18,46.82,44.85,207799,274004608.0,4.21,-3.44,-1.61,6.85
2020-11-11,600095,44.85,43.99,45.35,43.85,141038,180811593.0,3.32,-2.63,-1.19,4.65
2020-11-12,600095,44.21,44.21,44.35,43.13,104434,132134852.0,2.77,0.5,0.22,3.44
2020-11-13,600095,43.89,43.46,44.06,43.17,92739,116602619.0,2.01,-1.7,-0.75,3.06
2020-11-16,600095,43.78,43.63,44.21,43.46,98826,124840184.0,1.73,0.39,0.17,3.26
2020-11-17,600095,43.71,42.81,43.89,42.24,120668,148971592.0,3.78,-1.88,-0.82,3.98
2020-11-18,600095,42.6,42.81,43.89,42.38,123634,153863769.0,3.53,0.0,0.0,4.08
2020-11-19,600095,42.31,42.85,43.24,41.63,146084,178279099.0,3.76,0.09,0.04,4.82
2020-11-20,600095,42.63,43.06,43.13,42.38,101841,125816446.0,1.75,0.49,0.21,3.36
2020-11-23,600095,42.81,47.5,47.5,42.56,511384,677760560.0,11.47,10.31,4.44,16.87
2020-11-24,600095,47.11,46.0,47.25,45.86,382068,510482336.0,2.93,-3.16,-1.5,12.6
2020-11-25,600095,46.86,46.93,50.51,46.75,486386,672627424.0,8.17,2.02,0.93,16.04
2020-11-26,600095,46.57,48.26,48.36,45.61,392794,531772128.0,5.86,2.83,1.33,12.96
2020-11-27,600095,47.68,50.84,51.59,47.18,372500,518869936.0,9.14,5.35,2.58,12.29
2020-11-30,600095,49.58,51.19,54.81,49.29,676726,1024203648.0,10.86,0.69,0.35,22.32
2020-12-01,600095,50.05,53.13,54.78,49.44,583977,870043696.0,10.43,3.79,1.94,19.26
2020-12-02,600095,52.41,53.06,55.06,51.8,558691,852641936.0,6.14,-0.13,-0.07,18.43
2020-12-03,600095,51.95,51.84,53.88,51.59,368273,553649088.0,4.32,-2.3,-1.22,12.15
2020-12-04,600095,50.66,49.98,50.84,49.22,321837,461921760.0,3.13,-3.59,-1.86,10.62
2020-12-07,600095,49.9,48.72,50.44,48.36,216442,306122560.0,4.16,-2.52,-1.26,7.14
2020-12-08,600095,48.65,48.44,49.72,48.18,206311,289419888.0,3.16,-0.57,-0.28,6.81
2020-12-09,600095,48.72,49.47,52.95,48.72,451496,655948960.0,8.73,2.13,1.03,14.89
2020-12-10,600095,47.83,50.12,50.44,47.83,321292,452790752.0,5.28,1.31,0.65,10.6
2020-12-11,600095,49.62,51.52,52.2,49.26,486813,714660192.0,5.87,2.79,1.4,16.06
2020-12-14,600095,51.01,51.23,51.59,49.94,243912,355716848.0,3.2,-0.56,-0.29,8.05
2020-12-15,600095,51.05,51.95,52.3,50.01,246470,363169088.0,4.47,1.41,0.72,8.13
2020-12-16,600095,52.09,49.72,52.3,49.44,225513,328663536.0,5.51,-4.29,-2.23,7.44
2020-12-17,600095,49.26,52.88,53.41,48.79,436786,647046848.0,9.29,6.36,3.16,14.41
2020-12-18,600095,51.95,51.41,52.52,51.34,255260,379509264.0,2.23,-2.78,-1.47,8.42
2020-12-21,600095,50.23,52.23,52.84,50.23,275888,409342496.0,5.08,1.6,0.82,9.1
2020-12-22,600095,51.37,48.65,51.77,48.22,267838,387568128.0,6.8,-6.85,-3.58,8.83
2020-12-23,600095,48.94,48.97,50.37,48.79,184401,261391718.0,3.25,0.66,0.32,6.08
2020-12-24,600095,48.65,46.18,49.65,45.86,247199,337450176.0,7.74,-5.7,-2.79,8.15
2020-12-25,600095,45.86,46.14,47.11,45.0,171845,228246102.0,4.57,-0.09,-0.04,5.67
2020-12-28,600095,45.57,45.82,46.93,45.21,133985,177732500.0,3.73,-0.69,-0.32,4.42
2020-12-29,600095,46.11,44.82,47.58,44.78,225903,300061328.0,6.11,-2.18,-1.0,7.45
2020-12-30,600095,44.46,46.11,46.43,43.6,229690,300064096.0,6.31,2.88,1.29,7.58
2020-12-31,600095,46.18,50.87,50.87,46.18,594823,858778512.0,10.17,10.32,4.76,16.47
2021-01-04,600095,52.95,51.52,52.98,48.94,672292,989261680.0,7.94,1.28,0.65,18.61
2021-01-05,600095,51.48,51.8,54.02,50.51,546828,815256512.0,6.81,0.54,0.28,15.14
2021-01-06,600095,50.76,50.84,52.66,49.69,370440,540008720.0,5.73,-1.85,-0.96,10.25
2021-01-07,600095,50.37,50.94,51.23,48.83,306670,441955536.0,4.72,0.2,0.1,8.49
2021-01-08,600095,50.62,48.51,50.62,48.01,285348,402920656.0,5.12,-4.77,-2.43,7.9
2021-01-11,600095,48.47,46.64,49.51,46.39,197661,271792560.0,6.43,-3.85,-1.87,5.47
2021-01-12,600095,46.07,49.37,50.37,45.86,323212,446838432.0,9.67,5.85,2.73,8.95
2021-01-13,600095,48.83,46.61,49.15,46.57,233171,319025728.0,5.23,-5.59,-2.76,6.45
2021-01-14,600095,46.21,45.89,47.11,45.75,150674,200858747.0,2.92,-1.54,-0.72,4.17
2021-01-15,600095,46.03,46.54,47.25,45.89,136895,182962575.0,2.96,1.42,0.65,3.79
2021-01-18,600095,46.68,51.34,51.34,46.61,549643,797445184.0,10.16,10.31,4.8,15.21
2021-01-19,600095,50.3,49.98,51.84,49.55,528687,766342352.0,4.46,-2.65,-1.36,14.63
2021-01-20,600095,49.9,49.26,50.48,48.9,269818,383215520.0,3.16,-1.44,-0.72,7.47
2021-01-21,600095,49.29,49.19,51.05,48.76,364519,520573056.0,4.65,-0.14,-0.07,10.09
2021-01-22,600095,48.72,47.54,49.69,47.11,258450,358831920.0,5.24,-3.35,-1.65,7.15
2021-01-25,600095,47.65,46.18,47.93,46.07,217704,293939888.0,3.91,-2.86,-1.36,6.03
2021-01-26,600095,46.14,46.93,47.72,45.64,197548,265011154.0,4.5,1.62,0.75,5.47
2021-01-27,600095,46.39,46.97,47.22,45.82,130354,174618827.0,2.98,0.09,0.04,3.61
2021-01-28,600095,46.21,47.58,49.37,45.89,287327,395965456.0,7.41,1.3,0.61,7.95
2021-01-29,600095,47.25,49.29,49.4,47.18,358642,500105424.0,4.67,3.59,1.71,9.93
2021-02-01,600095,48.58,44.21,49.19,44.21,376290,491789136.0,10.1,-10.31,-5.08,10.42
2021-02-02,600095,41.56,39.66,42.45,39.66,403496,467567440.0,6.31,-10.29,-4.55,11.17
2021-02-03,600095,38.58,37.51,39.05,37.04,239498,264530725.0,5.07,-5.42,-2.15,6.63
2021-02-04,600095,37.08,35.22,37.51,35.18,219310,228910728.0,6.21,-6.11,-2.29,6.07
2021-02-05,600095,35.47,34.18,36.08,34.11,182649,186550048.0,5.59,-2.95,-1.04,5.06
2021-02-08,600095,34.03,30.63,34.03,30.63,543596,500972720.0,9.95,-10.39,-3.55,11.62
2021-02-09,600095,30.74,32.24,32.67,30.34,406125,375715488.0,7.61,5.26,1.61,8.68
2021-02-10,600095,32.24,31.28,32.39,31.1,321960,296453520.0,4.0,-2.98,-0.96,6.88
2021-02-18,600095,31.88,31.88,32.6,31.56,318362,296767488.0,3.32,1.92,0.6,6.81
2021-02-19,600095,31.67,33.57,33.68,31.49,388950,369407920.0,6.87,5.3,1.69,8.32
2021-02-22,600095,33.32,33.82,35.22,33.07,534004,531376704.0,6.4,0.74,0.25,11.42
2021-02-23,600095,33.5,32.74,34.11,32.49,366992,354571824.0,4.79,-3.19,-1.08,7.85
2021-02-24,600095,32.67,33.03,33.75,32.46,293558,282807120.0,3.94,0.89,0.29,6.28
2021-02-25,600095,33.14,32.92,33.6,32.64,235387,226778220.0,2.91,-0.33,-0.11,5.03
2021-02-26,600095,32.21,32.1,32.96,31.99,253757,239264303.0,2.95,-2.49,-0.82,5.42
2021-03-01,600095,32.24,32.89,33.07,31.74,259228,244981658.0,4.14,2.46,0.79,5.54
2021-03-02,600095,32.89,32.39,33.64,32.06,269849,258139479.0,4.8,-1.52,-0.5,5.77
2021-03-03,600095,32.14,32.96,33.1,32.06,247853,236561843.0,3.21,1.76,0.57,5.3
2021-03-04,600095,32.74,31.88,32.82,31.71,245729,230824766.0,3.37,-3.28,-1.08,5.25
2021-03-05,600095,31.71,32.89,33.78,31.63,390985,374490416.0,6.74,3.17,1.01,8.36
2021-03-08,600095,33.25,32.82,34.14,32.57,357472,346489200.0,4.77,-0.21,-0.07,7.64
2021-03-09,600095,32.53,31.1,32.6,30.34,347922,317952640.0,6.89,-5.24,-1.72,7.44
2021-03-10,600095,31.35,29.91,31.42,29.74,281287,249065353.0,5.4,-3.83,-1.19,6.01
2021-03-11,600095,29.88,30.56,30.77,29.52,224820,198366120.0,4.18,2.17,0.65,4.81
2021-03-12,600095,30.34,30.17,30.81,29.45,276842,243609796.0,4.45,-1.28,-0.39,5.92
2021-03-15,600095,29.66,29.13,29.84,29.05,185778,159084598.0,2.62,-3.45,-1.04,3.97
2021-03-16,600095,29.2,29.31,29.34,28.73,150689,128622562.0,2.09,0.62,0.18,3.22
2021-03-17,600095,29.23,29.56,29.84,29.02,169177,145575972.0,2.8,0.85,0.25,3.62
2021-03-18,600095,29.66,29.23,29.77,29.2,154517,133208768.0,1.93,-1.12,-0.33,3.3
2021-03-19,600095,28.95,28.66,29.05,28.63,170757,144062663.0,1.44,-1.95,-0.57,3.65
2021-03-22,600095,28.7,29.41,29.52,28.66,198760,169708205.0,3.0,2.62,0.75,4.25
2021-03-23,600095,29.38,30.2,30.27,28.95,326972,284272960.0,4.49,2.69,0.79,6.99
2021-03-24,600095,29.74,30.63,32.21,29.7,476269,430683760.0,8.31,1.42,0.43,10.18
2021-03-25,600095,30.17,30.77,31.67,29.95,261338,235386611.0,5.62,0.46,0.14,5.59
2021-03-26,600095,30.77,30.42,30.95,29.99,223188,197882488.0,3.12,-1.14,-0.35,4.77
2021-03-29,600095,30.27,29.88,30.56,29.84,157784,139245421.0,2.37,-1.78,-0.54,3.37
2021-03-30,600095,29.91,29.95,30.31,29.77,116760,102379432.0,1.81,0.23,0.07,2.5
2021-03-31,600095,29.81,29.02,29.88,28.91,160384,137299845.0,3.24,-3.11,-0.93,3.43
2021-04-01,600095,28.95,29.09,29.34,28.95,101321,86427653.0,1.34,0.24,0.07,2.17
2021-04-02,600095,29.31,29.16,29.56,29.02,111659,95605593.0,1.86,0.24,0.07,2.39
2021-04-06,600095,29.27,29.45,29.7,29.2,106355,91736093.0,1.71,0.99,0.29,2.27
2021-04-07,600095,29.48,29.81,29.95,29.2,138081,119606255.0,2.55,1.22,0.36,2.95
2021-04-08,600095,29.7,30.06,30.67,29.52,213851,188869755.0,3.86,0.84,0.25,4.57
2021-04-09,600095,29.91,29.34,29.91,29.27,140540,121311586.0,2.13,-2.4,-0.72,3.0
2021-04-12,600095,29.09,28.41,29.31,28.37,144642,122229399.0,3.2,-3.17,-0.93,3.09
2021-04-13,600095,28.23,28.34,28.52,27.98,100208,83119302.0,1.9,-0.25,-0.07,2.14
2021-04-14,600095,28.23,28.66,28.73,28.23,97410,81494088.0,1.76,1.13,0.32,2.08
2021-04-15,600095,28.45,27.87,28.52,27.8,125530,103343310.0,2.51,-2.76,-0.79,2.68
2021-04-16,600095,27.84,28.16,28.23,27.8,96281,79269605.0,1.54,1.04,0.29,2.06
2021-04-19,600095,28.09,28.95,29.2,27.94,195194,163903126.0,4.47,2.81,0.79,4.17
2021-04-20,600095,29.2,28.55,29.34,28.48,154745,130750297.0,2.97,-1.38,-0.4,3.31
2021-04-21,600095,28.34,28.05,28.7,28.02,142662,118021985.0,2.38,-1.75,-0.5,3.05
2021-04-22,600095,28.2,28.09,28.52,27.98,130528,108015931.0,1.93,0.14,0.04,2.79
2021-04-23,600095,28.05,27.77,28.09,27.77,108402,88654634.0,1.14,-1.14,-0.32,2.32
2021-04-26,600095,27.77,26.83,27.77,26.76,179745,144031156.0,3.64,-3.38,-0.94,3.84
2021-04-27,600095,26.76,26.15,26.98,25.94,135224,104876632.0,3.88,-2.53,-0.68,2.89
2021-04-28,600095,26.01,26.12,26.3,25.94,73866,56815232.0,1.38,-0.11,-0.03,1.58
2021-04-29,600095,26.12,27.51,28.66,25.97,279760,226138229.0,10.3,5.32,1.39,5.98
2021-04-30,600095,27.19,27.66,28.05,26.87,217192,176277560.0,4.29,0.55,0.15,4.64
2021-05-06,600095,27.66,26.87,28.12,26.87,161833,129800350.0,4.52,-2.86,-0.79,3.46
2021-05-07,600095,26.73,26.12,26.83,26.05,143809,111258516.0,2.9,-2.79,-0.75,3.07
2021-05-10,600095,26.15,25.26,26.3,24.97,168295,125277340.0,5.09,-3.29,-0.86,3.6
2021-05-11,600095,25.15,26.55,27.16,25.08,229162,177433875.0,8.23,5.11,1.29,4.9
2021-05-12,600095,26.08,26.48,26.51,25.87,134030,103483717.0,2.41,-0.26,-0.07,2.87
2021-05-13,600095,26.15,26.62,27.05,26.08,140992,110758804.0,3.66,0.53,0.14,3.01
2021-05-14,600095,26.8,29.41,29.41,26.65,288685,241944453.0,10.37,10.48,2.79,6.17
2021-05-17,600095,32.49,32.49,32.49,32.49,148877,140986349.0,0.0,10.47,3.08,3.18
2021-05-18,600095,34.39,35.9,35.9,33.89,1663723,1708257488.0,6.19,10.5,3.41,35.57
2021-05-19,600095,36.0,37.26,39.62,35.97,1981521,2180986128.0,10.17,3.79,1.36,42.36
2021-05-20,600095,36.54,41.13,41.13,36.36,1825258,2097208208.0,12.8,10.39,3.87,39.02
2021-05-21,600095,40.34,39.26,40.34,37.62,1521638,1713310784.0,6.61,-4.55,-1.87,32.53
2021-05-24,600095,40.37,38.76,41.27,38.51,1386844,1595840528.0,7.03,-1.27,-0.5,29.65
2021-05-25,600095,37.94,42.78,42.78,37.94,790056,940656112.0,12.49,10.37,4.02,16.89
2021-05-26,600095,47.2,47.2,47.2,47.2,100245,135330480.0,0.0,10.33,4.42,2.14
2021-05-27,600095,49.1,52.03,52.03,48.45,1989197,2860589520.0,7.58,10.23,4.83,42.53
2021-05-28,600095,52.39,50.06,54.68,49.67,1713068,2514806592.0,9.63,-3.79,-1.97,36.62
2021-05-31,600095,48.99,50.6,51.35,48.24,1206336,1709024512.0,6.21,1.08,0.54,25.79
2021-06-01,600095,49.49,47.2,49.56,46.7,1373806,1877180800.0,5.65,-6.72,-3.4,29.37
2021-06-02,600095,47.16,44.69,47.56,43.97,1107237,1441157904.0,7.61,-5.32,-2.51,23.67
2021-06-03,600095,44.01,42.65,45.26,42.15,1038245,1298413232.0,6.96,-4.56,-2.04,22.2
2021-06-04,600095,41.72,41.82,45.37,40.79,1265011,1545718144.0,10.74,-1.95,-0.83,27.04
2021-06-07,600095,40.43,39.35,41.32,38.89,939428,1074584112.0,5.81,-5.91,-2.47,20.08
2021-06-08,600095,39.35,39.96,41.22,38.85,882408,1018262912.0,6.02,1.55,0.61,18.86
2021-06-09,600095,40.07,41.54,42.76,38.78,1075473,1272230528.0,9.96,3.95,1.58,11.24
2021-06-10,600095,40.18,41.18,42.15,40.14,740233,869674896.0,4.84,-0.87,-0.36,7.74
2021-06-11,600095,40.79,42.36,43.87,39.67,1099781,1334491600.0,10.2,2.87,1.18,11.5
2021-06-15,600095,41.47,39.5,42.0,38.96,773153,894066208.0,7.18,-6.75,-2.86,8.08
2021-06-16,600095,39.21,43.58,43.58,38.42,1251075,1499062704.0,13.06,10.33,4.08,13.08
2021-06-17,600095,42.54,44.8,46.66,41.86,1424293,1802012144.0,11.01,2.8,1.22,14.89
2021-06-18,600095,43.69,46.12,48.92,43.29,1306592,1705871200.0,12.57,2.95,1.32,13.66
2021-06-21,600095,46.09,45.01,47.2,44.4,884960,1152015792.0,6.07,-2.41,-1.11,9.25
2021-06-22,600095,45.16,44.26,45.62,43.62,686213,872962976.0,4.44,-1.67,-0.75,7.17
2021-06-23,600095,43.62,42.9,44.98,42.25,743203,922439184.0,6.17,-3.07,-1.36,7.77
2021-06-24,600095,42.29,42.61,43.87,42.25,552995,679429792.0,3.78,-0.68,-0.29,5.78
2021-06-25,600095,42.43,44.8,45.8,41.82,1120648,1426287440.0,9.34,5.14,2.19,11.71
2021-06-28,600095,44.12,42.54,44.33,41.82,741859,906847616.0,5.6,-5.04,-2.26,7.75
2021-06-29,600095,42.04,41.86,42.97,41.82,365800,441790528.0,2.7,-1.6,-0.68,3.82
2021-06-30,600095,41.57,40.79,42.18,40.07,470342,551439168.0,5.04,-2.56,-1.07,4.92
2021-07-01,600095,41.29,37.78,41.65,37.13,574164,648322944.0,11.08,-7.38,-3.01,6.0
2021-07-02,600095,37.35,38.17,39.28,37.2,424672,466729536.0,5.51,1.03,0.39,4.44
2021-07-05,600095,38.24,38.64,39.28,37.92,312986,347584560.0,3.56,1.23,0.47,3.27
2021-07-06,600095,38.71,39.24,39.71,37.56,426889,475540944.0,5.56,1.55,0.6,4.46
2021-07-07,600095,38.64,38.67,39.85,38.24,391978,436285776.0,4.1,-1.45,-0.57,4.1
2021-07-08,600095,38.82,37.99,39.07,37.88,346887,384066976.0,3.08,-1.76,-0.68,3.63
2021-07-09,600095,37.74,38.82,39.07,37.49,376221,417141648.0,4.16,2.18,0.83,3.93
2021-07-12,600095,40.0,39.5,40.71,39.1,593022,681073904.0,4.15,1.75,0.68,6.2
2021-07-13,600095,38.71,38.35,38.96,37.85,352639,388877040.0,2.81,-2.91,-1.15,3.69
2021-07-14,600095,38.28,39.07,39.85,37.92,435844,487717472.0,5.03,1.88,0.72,4.56
2021-07-15,600095,38.96,39.07,39.6,37.92,390509,437529840.0,4.3,0.0,0.0,4.08
2021-07-16,600095,39.14,38.82,39.53,38.35,375997,420646736.0,3.02,-0.64,-0.25,3.93
2021-07-19,600095,38.42,37.02,38.56,36.95,386252,418527760.0,4.15,-4.64,-1.8,4.04
2021-07-20,600095,37.02,38.92,39.32,36.84,535507,593266272.0,6.7,5.13,1.9,5.6
2021-07-21,600095,39.07,38.96,39.53,38.49,438988,491303728.0,2.67,0.1,0.04,4.59
2021-07-22,600095,38.56,39.39,40.1,38.46,486763,551567600.0,4.21,1.1,0.43,5.09
2021-07-23,600095,39.32,40.43,42.61,38.82,873405,1020332672.0,9.62,2.64,1.04,9.13
2021-07-26,600095,40.39,38.39,40.82,38.28,579733,657181152.0,6.28,-5.05,-2.04,6.06
2021-07-27,600095,37.85,35.88,38.49,35.73,579386,612744416.0,7.19,-6.54,-2.51,6.06
2021-07-28,600095,35.66,34.41,36.2,34.23,329921,332386992.0,5.49,-4.1,-1.47,3.45
2021-07-29,600095,34.91,34.48,35.45,33.98,326600,326862032.0,4.27,0.2,0.07,3.41
2021-07-30,600095,34.27,33.3,34.44,32.9,332649,321767008.0,4.47,-3.42,-1.18,3.48
2021-08-02,600095,33.05,35.3,35.48,32.51,497541,495781248.0,8.92,6.01,2.0,5.2
2021-08-03,600095,34.66,35.09,36.67,34.48,425919,436009408.0,6.2,-0.59,-0.21,4.45
2021-08-04,600095,34.98,35.2,35.48,34.7,279527,282638896.0,2.22,0.31,0.11,2.92
2021-08-05,600095,34.87,34.27,35.38,34.01,260488,259724962.0,3.89,-2.64,-0.93,2.72
2021-08-06,600095,34.3,34.27,34.95,34.05,219986,218517697.0,2.63,0.0,0.0,2.3
2021-08-09,600095,34.19,34.77,35.34,33.84,257509,259266632.0,4.38,1.46,0.5,2.69
2021-08-10,600095,34.52,35.13,35.23,34.16,293674,295097200.0,3.08,1.04,0.36,3.07
2021-08-11,600095,35.2,35.41,36.34,35.16,372794,383138736.0,3.36,0.8,0.28,3.9
2021-08-12,600095,35.3,35.05,35.84,34.95,254213,258643302.0,2.51,-1.02,-0.36,2.66
2021-08-13,600095,35.38,35.23,36.02,34.73,244679,249399061.0,3.68,0.51,0.18,2.56
2021-08-16,600095,35.27,35.3,35.84,34.95,290092,296440864.0,2.53,0.2,0.07,3.03
2021-08-17,600095,35.3,34.55,36.59,34.52,483380,495115728.0,5.86,-2.12,-0.75,5.05
2021-08-18,600095,34.16,36.77,37.31,33.8,784327,808936736.0,10.16,6.43,2.22,8.2
2021-08-19,600095,36.38,35.05,36.81,34.77,532217,545831104.0,5.55,-4.68,-1.72,5.56
2021-08-20,600095,34.66,34.62,35.41,34.12,321904,322472368.0,3.68,-1.23,-0.43,3.36
2021-08-23,600095,34.98,34.77,35.27,34.52,242765,243599432.0,2.17,0.43,0.15,2.54
2021-08-24,600095,34.77,34.77,35.23,34.16,317868,318103984.0,3.08,0.0,0.0,3.32
2021-08-25,600095,34.48,34.3,34.77,34.01,243549,241449103.0,2.19,-1.35,-0.47,2.55
2021-08-26,600095,34.27,34.3,34.84,34.01,234234,232694955.0,2.42,0.0,0.0,2.45
2021-08-27,600095,34.16,33.37,34.37,33.05,269155,261436989.0,3.85,-2.71,-0.93,2.81
2021-08-30,600095,33.26,33.55,34.05,32.73,255170,245831843.0,3.96,0.54,0.18,2.67
2021-08-31,600095,33.41,33.55,33.91,32.8,238060,229381814.0,3.31,0.0,0.0,2.49
2021-09-01,600095,33.08,34.3,35.45,32.98,422094,416308096.0,7.36,2.24,0.75,4.41
2021-09-02,600095,34.12,35.3,35.56,33.98,484174,489208448.0,4.61,2.92,1.0,5.06
2021-09-03,600095,37.42,34.62,37.42,34.52,519563,532142480.0,8.22,-1.93,-0.68,5.43
2021-09-06,600095,34.3,34.91,35.34,34.3,303254,305767776.0,3.0,0.84,0.29,3.17
2021-09-07,600095,34.77,35.73,36.06,34.52,448299,457499616.0,4.41,2.35,0.82,4.69
2021-09-08,600095,35.45,35.7,36.7,35.34,448252,464541728.0,3.81,-0.08,-0.03,4.69
2021-09-09,600095,35.3,35.23,35.7,34.95,262375,267033366.0,2.1,-1.32,-0.47,2.74
2021-09-10,600095,35.3,35.34,36.2,35.2,359517,368818416.0,2.84,0.31,0.11,3.76
2021-09-13,600095,35.38,35.88,36.16,35.02,316168,324668176.0,3.23,1.53,0.54,3.3
2021-09-14,600095,35.73,34.7,35.99,34.55,302871,306445184.0,4.01,-3.29,-1.18,3.17
2021-09-15,600095,34.55,34.73,35.02,34.37,170050,170262265.0,1.87,0.09,0.03,1.78
2021-09-16,600095,34.91,33.94,35.05,33.94,199551,198156779.0,3.2,-2.27,-0.79,2.09
2021-09-17,600095,34.05,33.84,34.23,33.58,134101,131237370.0,1.92,-0.29,-0.1,1.4
2021-09-22,600095,33.41,33.55,33.66,33.23,104780,101410413.0,1.27,-0.86,-0.29,1.1
2021-09-23,600095,33.76,34.3,34.66,33.73,165719,163915945.0,2.77,2.24,0.75,1.73
2021-09-24,600095,34.3,33.76,34.37,33.66,115008,112738703.0,2.07,-1.57,-0.54,1.2
2021-09-27,600095,33.87,33.08,34.09,32.87,137698,132501339.0,3.61,-2.01,-0.68,1.44
2021-09-28,600095,33.08,33.16,33.55,33.08,88041,84728232.0,1.42,0.24,0.08,0.92
2021-09-29,600095,32.87,32.73,33.41,32.65,98566,93792182.0,2.29,-1.3,-0.43,1.03
2021-09-30,600095,32.76,33.23,33.41,32.76,82699,79410628.0,1.99,1.53,0.5,0.86
2021-10-08,600095,33.3,33.41,33.55,33.05,101615,97734403.0,1.5,0.54,0.18,1.06
2021-10-11,600095,33.51,33.33,33.58,33.26,73525,70925846.0,0.96,-0.24,-0.08,0.77
2021-10-12,600095,33.12,32.83,33.3,32.51,93044,88244975.0,2.37,-1.5,-0.5,0.97
2021-10-13,600095,32.87,33.48,33.87,32.76,103890,99983497.0,3.38,1.98,0.65,1.09
2021-10-14,600095,33.48,33.41,33.58,33.23,71030,68575860.0,1.05,-0.21,-0.07,0.74
2021-10-15,600095,33.37,33.08,33.44,32.98,74038,70987204.0,1.38,-0.99,-0.33,0.77
2021-10-18,600095,33.08,32.83,33.19,32.69,66850,63478857.0,1.51,-0.76,-0.25,0.7
2021-10-19,600095,32.94,32.98,33.3,32.73,89480,85423082.0,1.74,0.46,0.15,0.94
2021-10-20,600095,32.83,32.83,33.08,32.62,72874,69112480.0,1.39,-0.45,-0.15,0.76
2021-10-21,600095,32.73,32.65,33.01,32.51,92037,87094218.0,1.52,-0.55,-0.18,0.96
2021-10-22,600095,32.55,30.83,32.87,29.79,194689,178097694.0,9.43,-5.57,-1.82,2.04
2021-10-25,600095,30.54,30.54,30.72,28.18,212801,183388739.0,8.24,-0.94,-0.29,2.22
2021-10-26,600095,30.07,29.9,30.61,29.86,115718,101448515.0,2.46,-2.1,-0.64,1.21
2021-10-27,600095,29.9,29.11,30.0,28.93,104654,88945327.0,3.58,-2.64,-0.79,1.09
2021-10-28,600095,29.14,29.36,30.22,28.93,152869,131709095.0,4.43,0.86,0.25,1.6
2021-10-29,600095,29.29,29.68,29.93,29.0,100078,85835122.0,3.17,1.09,0.32,1.05
2021-11-01,600095,30.04,31.44,32.76,29.93,292736,266958932.0,9.54,5.93,1.76,3.06
2021-11-02,600095,30.86,31.61,32.04,30.72,224687,204694768.0,4.2,0.54,0.17,2.35
2021-11-03,600095,31.58,31.61,31.97,31.33,124486,114109043.0,2.02,0.0,0.0,1.3
2021-11-04,600095,31.69,31.47,32.04,31.29,99825,91217717.0,2.37,-0.44,-0.14,1.04
2021-11-05,600095,31.18,31.08,31.69,30.97,99807,90341150.0,2.29,-1.24,-0.39,1.04
2021-11-08,600095,31.08,31.26,31.54,30.9,89220,80712319.0,2.06,0.58,0.18,0.93
2021-11-09,600095,31.08,31.26,31.47,30.9,94758,85564795.0,1.82,0.0,0.0,0.99
2021-11-10,600095,31.15,32.3,33.44,31.08,287245,269272112.0,7.55,3.33,1.04,3.0
2021-11-11,600095,32.15,32.8,32.94,31.94,235340,221607646.0,3.1,1.55,0.5,2.46
2021-11-12,600095,32.58,32.69,32.76,32.19,135147,127000416.0,1.74,-0.34,-0.11,1.41
2021-11-15,600095,32.8,32.58,33.05,32.3,111353,104753440.0,2.29,-0.34,-0.11,1.16
2021-11-16,600095,32.44,32.08,32.65,31.9,104839,97688898.0,2.3,-1.53,-0.5,1.1
2021-11-17,600095,32.08,31.83,32.19,31.65,81344,75045542.0,1.68,-0.78,-0.25,0.85
2021-11-18,600095,31.9,31.44,31.97,31.4,84707,77672809.0,1.79,-1.23,-0.39,0.89
2021-11-19,600095,31.51,34.7,34.7,31.4,536832,523083952.0,10.5,10.37,3.26,5.61
2021-11-22,600095,35.2,37.45,38.28,34.77,1248579,1331753680.0,10.12,7.93,2.75,13.05
2021-11-23,600095,36.81,36.81,38.96,36.27,982007,1058256048.0,7.18,-1.71,-0.64,10.27
2021-11-24,600095,36.74,36.16,37.13,36.02,587128,616711872.0,3.02,-1.77,-0.65,6.14
2021-11-25,600095,36.16,35.56,36.52,35.27,432995,446804256.0,3.46,-1.66,-0.6,4.53
2021-11-26,600095,35.56,35.41,36.09,35.05,361551,370590112.0,2.92,-0.42,-0.15,3.78
2021-11-29,600095,34.73,35.52,36.74,34.73,528211,544378112.0,5.68,0.31,0.11,5.52
2021-11-30,600095,35.7,34.66,35.95,34.19,450633,455558464.0,4.95,-2.42,-0.86,4.71
2021-12-01,600095,34.41,35.02,35.48,34.34,331890,335093312.0,3.29,1.04,0.36,3.47
2021-12-02,600095,34.8,35.13,35.88,34.62,414228,421736976.0,3.6,0.31,0.11,4.33
2021-12-03,600095,35.02,35.23,35.34,34.52,284959,287307920.0,2.33,0.28,0.1,2.98
2021-12-06,600095,35.66,34.91,37.13,34.84,614619,637889184.0,6.5,-0.91,-0.32,6.42
2021-12-07,600095,35.45,34.37,35.56,34.3,329800,329465440.0,3.61,-1.55,-0.54,3.45
2021-12-08,600095,34.37,35.38,35.56,33.58,383359,384361872.0,5.76,2.94,1.01,4.01
2021-12-09,600095,35.2,36.38,37.49,35.02,693193,726228880.0,6.98,2.83,1.0,7.25
2021-12-10,600095,35.7,35.7,36.2,35.27,400543,411707248.0,2.56,-1.87,-0.68,4.19
2021-12-13,600095,36.34,35.59,36.95,35.38,467396,487268816.0,4.4,-0.31,-0.11,4.89
2021-12-14,600095,35.02,34.87,35.77,34.73,264884,267874184.0,2.92,-2.02,-0.72,2.77
2021-12-15,600095,35.02,34.77,35.45,34.62,215186,216778946.0,2.38,-0.29,-0.1,2.25
2021-12-16,600095,35.05,35.38,35.41,34.73,224206,226764167.0,1.96,1.75,0.61,2.34
2021-12-17,600095,35.48,35.34,36.27,34.95,294113,301261520.0,3.73,-0.11,-0.04,3.07
2021-12-20,600095,34.91,34.59,35.3,34.55,210126,211088147.0,2.12,-2.12,-0.75,2.2
2021-12-21,600095,34.8,34.8,35.2,33.98,198590,198491256.0,3.53,0.61,0.21,2.08
2021-12-22,600095,35.16,35.13,35.73,34.84,231960,236172196.0,2.56,0.95,0.33,2.42
2021-12-23,600095,35.2,34.66,35.27,34.41,180087,180143485.0,2.45,-1.34,-0.47,1.88
2021-12-24,600095,34.8,34.09,34.91,34.09,157088,156364966.0,2.37,-1.64,-0.57,1.64
2021-12-27,600095,34.09,34.41,34.73,33.94,129734,128654939.0,2.32,0.94,0.32,1.36
2021-12-28,600095,34.48,35.13,35.13,34.44,150783,151458609.0,2.01,2.09,0.72,1.58
2021-12-29,600095,35.3,35.27,36.56,35.02,369005,380611344.0,4.38,0.4,0.14,3.86
2021-12-30,600095,35.3,35.23,35.91,34.98,232256,237039805.0,2.64,-0.11,-0.04,2.43
2021-12-31,600095,35.34,35.09,35.56,34.7,180505,182492196.0,2.44,-0.4,-0.14,1.89
2022-01-04,600095,34.95,34.84,35.02,34.52,159813,160278721.0,1.42,-0.71,-0.25,1.67
2022-01-05,600095,34.91,35.3,35.66,34.77,270949,275897248.0,2.55,1.32,0.46,2.83
2022-01-06,600095,35.02,34.59,35.23,34.3,217943,218186454.0,2.63,-2.01,-0.71,2.28
2022-01-07,600095,34.8,34.16,34.87,34.09,147927,147077893.0,2.25,-1.24,-0.43,1.55
2022-01-10,600095,34.12,34.27,34.41,33.94,87768,86568110.0,1.38,0.32,0.11,0.92
2022-01-11,600095,34.3,34.12,34.52,33.98,94230,93073528.0,1.58,-0.44,-0.15,0.99
2022-01-12,600095,34.27,34.19,34.34,33.87,89585,88125665.0,1.38,0.21,0.07,0.94
2022-01-13,600095,34.27,33.87,34.44,33.84,100533,98936085.0,1.75,-0.94,-0.32,1.05
2022-01-14,600095,33.66,32.26,33.66,31.94,225988,212753497.0,5.08,-4.75,-1.61,2.36
2022-01-17,600095,31.79,32.19,32.62,31.51,94797,88245896.0,3.44,-0.22,-0.07,0.99
2022-01-18,600095,32.15,32.44,32.9,31.9,120554,113162509.0,3.11,0.78,0.25,1.26
2022-01-19,600095,32.19,32.04,32.58,31.87,85604,79761707.0,2.19,-1.23,-0.4,0.89
2022-01-20,600095,31.94,32.3,32.55,31.61,127066,118298442.0,2.93,0.81,0.26,1.33
2022-01-21,600095,32.37,31.54,32.4,31.44,98477,90802539.0,2.97,-2.35,-0.76,1.03
2022-01-24,600095,31.36,31.87,33.94,31.26,242857,228114188.0,8.5,1.05,0.33,2.15
2022-01-25,600095,31.22,30.36,31.79,30.36,184309,166248407.0,4.49,-4.74,-1.51,1.63
2022-01-26,600095,30.72,30.72,31.18,29.97,160794,142755268.0,3.99,1.19,0.36,1.42
2022-01-27,600095,30.4,29.57,30.72,29.39,142199,123845647.0,4.33,-3.74,-1.15,1.26
2022-01-28,600095,30.22,29.61,30.29,29.5,94509,81811528.0,2.67,0.14,0.04,0.84
2022-02-07,600095,30.0,29.86,30.29,29.72,94264,81800653.0,1.93,0.84,0.25,0.83
2022-02-08,600095,29.86,30.97,31.01,29.68,164993,145819081.0,4.45,3.72,1.11,1.46
2022-02-09,600095,30.65,30.93,31.15,30.54,124073,110940093.0,1.97,-0.13,-0.04,1.1
2022-02-10,600095,30.9,30.86,31.18,30.58,94022,84078487.0,1.94,-0.23,-0.07,0.83
2022-02-11,600095,30.72,33.26,34.05,30.65,769436,739234944.0,11.02,7.78,2.4,6.81
2022-02-14,600095,31.87,31.4,32.01,31.01,524755,477748256.0,3.01,-5.59,-1.86,4.65
2022-02-15,600095,31.04,31.18,31.4,30.9,172150,155051753.0,1.59,-0.7,-0.22,1.52
2022-02-16,600095,31.33,31.26,31.47,31.01,144753,130649880.0,1.48,0.26,0.08,1.28
2022-02-17,600095,31.11,30.68,31.18,30.58,162421,145224243.0,1.92,-1.86,-0.58,1.44
2022-02-18,600095,30.18,31.04,31.33,30.18,130307,116593594.0,3.75,1.17,0.36,1.15
2022-02-21,600095,31.04,31.26,31.33,30.97,115275,103885089.0,1.16,0.71,0.22,1.02
2022-02-22,600095,30.97,30.72,31.51,30.54,130928,117339303.0,3.1,-1.73,-0.54,1.16
2022-02-23,600095,30.72,31.11,31.22,30.65,117729,105617540.0,1.86,1.27,0.39,1.04
2022-02-24,600095,30.97,30.11,31.26,29.64,203970,179783695.0,5.21,-3.21,-1.0,1.81
2022-02-25,600095,30.43,30.33,30.72,30.15,120680,106358347.0,1.89,0.73,0.22,1.07
2022-02-28,600095,30.72,30.47,31.01,30.33,126137,111923231.0,2.24,0.46,0.14,1.12
2022-03-01,600095,30.54,30.61,30.68,30.25,102413,90471682.0,1.41,0.46,0.14,0.91
2022-03-02,600095,30.36,30.5,30.58,30.25,81263,71632678.0,1.08,-0.36,-0.11,0.72
2022-03-03,600095,30.65,31.22,31.97,30.5,300564,271093024.0,4.82,2.36,0.72,2.66
2022-03-04,600095,30.9,30.43,30.93,30.22,194819,172201059.0,2.27,-2.53,-0.79,1.72
2022-03-07,600095,30.25,29.75,30.25,29.57,132079,114572619.0,2.23,-2.23,-0.68,1.17
2022-03-08,600095,29.68,29.43,30.18,29.36,134737,116267290.0,2.76,-1.08,-0.32,1.19
2022-03-09,600095,29.43,28.39,29.75,27.5,158772,131645656.0,7.65,-3.53,-1.04,1.41
2022-03-10,600095,28.96,28.21,29.07,28.21,121038,100428786.0,3.03,-0.63,-0.18,1.07
2022-03-11,600095,27.85,29.21,29.64,27.32,248954,206131883.0,8.22,3.54,1.0,2.2
2022-03-14,600095,28.57,28.35,29.25,28.32,137054,114630380.0,3.18,-2.94,-0.86,1.21
2022-03-15,600095,28.18,28.28,29.86,28.07,281396,236550801.0,6.31,-0.25,-0.07,2.49
2022-03-16,600095,28.68,30.04,30.25,28.21,374244,319343824.0,7.21,6.22,1.76,3.31
2022-03-17,600095,29.75,30.0,30.65,29.39,344263,298665568.0,4.19,-0.13,-0.04,3.05
2022-03-18,600095,29.93,30.18,30.29,29.54,241303,209327897.0,2.5,0.6,0.18,2.14
2022-03-21,600095,29.86,29.39,29.9,29.29,189211,162205446.0,2.02,-2.62,-0.79,1.68
2022-03-22,600095,29.32,29.11,29.61,29.04,150858,128315226.0,1.94,-0.95,-0.28,1.34
2022-03-23,600095,29.14,28.82,29.25,28.82,110798,93291653.0,1.48,-1.0,-0.29,0.98
2022-03-24,600095,28.57,28.93,29.54,28.53,151872,127909286.0,3.5,0.38,0.11,1.34
2022-03-25,600095,28.78,28.57,29.29,28.53,130659,109347106.0,2.63,-1.24,-0.36,1.16
2022-03-28,600095,28.21,28.43,28.78,28.07,99744,82361611.0,2.49,-0.49,-0.14,0.88
2022-03-29,600095,28.57,27.89,28.61,27.78,112841,92346694.0,2.92,-1.9,-0.54,1.0
2022-03-30,600095,28.1,28.57,28.82,28.03,191356,158492802.0,2.83,2.44,0.68,1.69
2022-03-31,600095,28.32,28.5,29.14,28.28,159826,133334169.0,3.01,-0.25,-0.07,1.41
2022-04-01,600095,28.32,28.93,28.96,28.25,170632,142337146.0,2.49,1.51,0.43,1.51
2022-04-06,600095,28.75,28.93,29.11,28.61,140207,117556483.0,1.73,0.0,0.0,1.24
2022-04-07,600095,28.93,28.14,29.11,28.1,153231,127072086.0,3.49,-2.73,-0.79,1.36
2022-04-08,600095,28.18,28.57,28.64,27.39,220363,180395187.0,4.44,1.53,0.43,1.95
2022-04-11,600095,28.18,27.32,28.32,26.67,241614,193337458.0,5.78,-4.38,-1.25,2.14
2022-04-12,600095,27.32,27.85,28.68,26.67,236813,190549634.0,7.36,1.94,0.53,2.1
2022-04-13,600095,27.57,27.07,27.75,27.03,182661,145616500.0,2.59,-2.8,-0.78,1.62
2022-04-14,600095,27.42,28.03,28.57,27.17,311982,253473232.0,5.17,3.55,0.96,2.76
2022-04-15,600095,27.85,28.28,28.96,27.85,330508,273358944.0,3.96,0.89,0.25,2.93
2022-04-18,600095,27.32,27.35,27.75,26.74,263733,208548840.0,3.57,-3.29,-0.93,2.33
2022-04-19,600095,27.1,27.32,27.42,26.99,131488,104043593.0,1.57,-0.11,-0.03,1.16
2022-04-20,600095,27.17,26.89,27.46,26.78,115538,91127296.0,2.49,-1.57,-0.43,1.02
2022-04-21,600095,26.67,26.89,27.21,25.74,220299,169681665.0,5.47,0.0,0.0,1.95
2022-04-22,600095,26.24,25.99,26.96,25.92,157911,121428731.0,3.87,-3.35,-0.9,1.4
2022-04-25,600095,25.49,23.55,25.7,23.48,240569,174084439.0,8.54,-9.39,-2.44,2.13
2022-04-26,600095,23.55,21.87,23.73,21.8,258031,171676007.0,8.2,-7.13,-1.68,2.28
2022-04-27,600095,21.01,21.98,22.19,20.62,235931,148752733.0,7.18,0.5,0.11,2.09
2022-04-28,600095,21.41,20.98,21.76,20.69,194556,121268903.0,4.87,-4.55,-1.0,1.72
2022-04-29,600095,22.3,22.95,23.2,21.84,408590,271234512.0,6.48,9.39,1.97,3.62
2022-05-05,600095,22.59,22.48,22.91,22.16,225767,149515439.0,3.27,-2.05,-0.47,2.0
2022-05-06,600095,22.09,21.69,22.23,21.51,152306,97779156.0,3.2,-3.51,-0.79,1.35
2022-05-09,600095,21.48,21.87,22.05,21.48,77944,50101994.0,2.63,0.83,0.18,0.69
2022-05-10,600095,21.44,22.34,22.48,21.41,144040,93486662.0,4.89,2.15,0.47,1.28
2022-05-11,600095,22.34,22.98,24.02,22.3,282773,192255269.0,7.7,2.86,0.64,2.5
2022-05-12,600095,22.66,22.95,23.12,22.34,178545,118952782.0,3.39,-0.13,-0.03,1.58
2022-05-13,600095,22.95,23.63,23.63,22.69,184643,124993900.0,4.1,2.96,0.68,1.63
2022-05-16,600095,24.16,24.02,24.49,23.41,283252,198002757.0,4.57,1.65,0.39,2.51
2022-05-17,600095,23.81,24.02,24.06,23.48,158108,109744690.0,2.41,0.0,0.0,1.4
2022-05-18,600095,23.98,24.02,24.41,23.84,133620,94036489.0,2.37,0.0,0.0,1.18
2022-05-19,600095,23.52,24.09,24.09,23.45,121382,84722885.0,2.66,0.29,0.07,1.07
2022-05-20,600095,24.16,24.38,24.77,24.09,159541,113640175.0,2.82,1.2,0.29,1.41
2022-05-23,600095,24.59,25.31,25.52,24.34,249960,182724465.0,4.84,3.81,0.93,2.21
2022-05-24,600095,24.95,23.59,25.38,23.59,252618,180966799.0,7.07,-6.8,-1.72,2.24
2022-05-25,600095,23.88,23.66,23.98,23.38,112444,77727953.0,2.54,0.3,0.07,1.0
2022-05-26,600095,23.66,24.27,25.06,23.41,189989,134663828.0,6.97,2.58,0.61,1.68
2022-05-27,600095,24.45,24.09,24.56,23.81,119922,84885082.0,3.09,-0.74,-0.18,1.06
2022-05-30,600095,24.24,24.81,24.81,24.13,175937,126177843.0,2.82,2.99,0.72,1.56
2022-05-31,600095,25.06,25.17,25.2,24.24,206542,149053963.0,3.87,1.45,0.36,1.83
2022-06-01,600095,24.96,25.25,25.43,24.43,223613,159806908.0,3.97,0.32,0.08,1.98
2022-06-02,600095,25.18,25.18,25.29,24.71,181891,130140488.0,2.3,-0.28,-0.07,1.61
2022-06-06,600095,24.96,25.64,25.64,24.86,206986,150327567.0,3.1,1.83,0.46,1.83
2022-06-07,600095,25.72,25.57,26.07,25.25,212887,156256508.0,3.2,-0.27,-0.07,1.88
2022-06-08,600095,25.72,25.82,26.07,25.32,177957,130988933.0,2.93,0.98,0.25,1.58
2022-06-09,600095,26.11,26.25,27.15,25.79,332358,251261012.0,5.27,1.67,0.43,2.94
2022-06-10,600095,25.97,27.0,27.04,25.54,368946,280372336.0,5.71,2.86,0.75,3.27
2022-06-13,600095,26.43,26.68,27.54,26.43,260670,200083614.0,4.11,-1.19,-0.32,2.31
2022-06-14,600095,26.43,28.69,29.4,25.93,450775,357524784.0,13.01,7.53,2.01,3.99
2022-06-15,600095,29.33,29.08,30.73,28.87,788291,672160912.0,6.48,1.36,0.39,6.98
2022-06-16,600095,28.69,27.33,28.69,27.29,509154,406684096.0,4.81,-6.02,-1.75,4.51
2022-06-17,600095,26.97,27.18,27.86,26.75,281605,219778064.0,4.06,-0.55,-0.15,2.49
2022-06-20,600095,27.04,27.04,27.61,26.93,200983,156272537.0,2.5,-0.52,-0.14,1.78
2022-06-21,600095,27.0,26.79,27.22,26.36,169857,130503702.0,3.18,-0.92,-0.25,1.5
2022-06-22,600095,26.93,26.32,27.08,26.25,141887,108084705.0,3.1,-1.75,-0.47,1.26
2022-06-23,600095,26.29,27.11,27.33,26.25,201812,155476135.0,4.1,3.0,0.79,1.79
2022-06-24,600095,27.04,27.29,27.47,26.86,144943,112817414.0,2.25,0.66,0.18,1.28
2022-06-27,600095,27.51,26.97,27.61,26.97,148425,115735347.0,2.35,-1.17,-0.32,1.31
2022-06-28,600095,26.97,27.4,27.54,26.72,157159,121727610.0,3.04,1.59,0.43,1.39
2022-06-29,600095,27.36,26.86,27.58,26.79,149962,116864320.0,2.88,-1.97,-0.54,1.33
2022-06-30,600095,26.75,26.86,27.4,26.75,117632,91337715.0,2.42,0.0,0.0,1.04
2022-07-01,600095,27.0,26.43,27.11,26.36,106851,81553890.0,2.79,-1.6,-0.43,0.95
2022-07-04,600095,26.43,26.61,26.72,26.0,112921,85095105.0,2.72,0.68,0.18,1.0
2022-07-05,600095,26.61,26.07,26.79,25.86,97407,73138841.0,3.49,-2.03,-0.54,0.86
2022-07-06,600095,26.07,25.72,26.18,25.54,94258,69847999.0,2.45,-1.34,-0.35,0.83
2022-07-07,600095,25.82,25.75,26.07,25.64,66153,49036721.0,1.67,0.12,0.03,0.59
2022-07-08,600095,25.68,25.54,26.04,25.54,74431,54954436.0,1.94,-0.82,-0.21,0.66
2022-07-11,600095,25.57,26.22,26.5,25.57,187985,141278472.0,3.64,2.66,0.68,1.66
2022-07-12,600095,25.82,25.72,26.43,25.5,161103,119288988.0,3.55,-1.91,-0.5,1.43
2022-07-13,600095,25.57,25.61,25.89,25.57,83408,61346941.0,1.24,-0.43,-0.11,0.74
2022-07-14,600095,25.5,25.14,25.61,25.11,96400,69887748.0,1.95,-1.84,-0.47,0.85
2022-07-15,600095,24.43,23.57,24.71,23.46,184916,127534147.0,4.97,-6.25,-1.57,1.64
2022-07-18,600095,23.74,24.93,25.18,23.71,176142,124742048.0,6.24,5.77,1.36,1.56
2022-07-19,600095,25.0,25.07,25.11,24.68,99624,71237713.0,1.72,0.56,0.14,0.88
2022-07-20,600095,25.07,24.82,25.18,24.82,68096,48793082.0,1.44,-1.0,-0.25,0.6
2022-07-21,600095,24.75,24.68,24.96,24.64,61214,43547544.0,1.29,-0.56,-0.14,0.54
2022-07-22,600095,24.78,24.68,25.54,24.5,141577,101497026.0,4.21,0.0,0.0,1.25
2022-07-25,600095,24.43,24.21,24.82,24.07,87772,61372396.0,3.04,-1.9,-0.47,0.78
2022-07-26,600095,24.35,24.53,24.6,24.0,60545,42356039.0,2.48,1.32,0.32,0.54
2022-07-27,600095,24.43,24.39,24.57,24.28,70580,49460406.0,1.18,-0.57,-0.14,0.62
2022-07-28,600095,24.5,24.78,25.03,24.5,100644,71730749.0,2.17,1.6,0.39,0.89
2022-07-29,600095,24.82,24.46,24.93,24.43,71308,50405477.0,2.02,-1.29,-0.32,0.63
2022-08-01,600095,24.43,24.32,24.57,24.21,62566,43750364.0,1.47,-0.57,-0.14,0.55
2022-08-02,600095,24.03,23.42,24.17,22.96,129173,87272594.0,4.98,-3.7,-0.9,1.14
2022-08-03,600095,23.17,23.28,23.96,23.17,81870,55610865.0,3.37,-0.6,-0.14,0.72
2022-08-04,600095,23.74,23.92,24.57,23.49,144863,100139321.0,4.64,2.75,0.64,1.28
2022-08-05,600095,24.1,24.35,24.46,23.67,131119,90633325.0,3.3,1.8,0.43,1.16
2022-08-08,600095,24.57,24.32,24.6,24.07,78019,54341762.0,2.18,-0.12,-0.03,0.69
2022-08-09,600095,24.21,24.25,24.53,24.21,55687,38871183.0,1.32,-0.29,-0.07,0.49
2022-08-10,600095,24.21,24.43,24.68,24.1,80778,56645268.0,2.39,0.74,0.18,0.72
2022-08-11,600095,24.57,25.61,25.75,24.5,237749,172366777.0,5.12,4.83,1.18,2.1
2022-08-12,600095,25.29,25.32,25.64,25.11,122625,89210413.0,2.07,-1.13,-0.29,1.09
2022-08-15,600095,25.39,25.29,25.82,25.21,123727,90320668.0,2.41,-0.12,-0.03,1.1
2022-08-16,600095,25.29,25.18,25.5,25.07,90085,65209745.0,1.7,-0.43,-0.11,0.8
2022-08-17,600095,25.21,25.54,25.79,25.0,141136,102963526.0,3.14,1.43,0.36,1.25
2022-08-18,600095,25.46,25.32,25.5,25.14,83046,60269417.0,1.41,-0.86,-0.22,0.74
2022-08-19,600095,25.39,25.68,26.47,25.32,256151,190996829.0,4.54,1.42,0.36,2.27
2022-08-22,600095,25.43,25.21,26.0,25.18,150541,109305103.0,3.19,-1.83,-0.47,1.33
2022-08-23,600095,25.18,25.25,25.68,24.82,131947,95392496.0,3.41,0.16,0.04,1.17
2022-08-24,600095,25.29,24.93,25.97,24.86,167014,121708257.0,4.4,-1.27,-0.32,1.48
2022-08-25,600095,25.25,25.29,25.68,24.82,167362,120982389.0,3.45,1.44,0.36,1.48
2022-08-26,600095,25.46,24.93,25.57,24.82,128095,91854355.0,2.97,-1.42,-0.36,1.13
2022-08-29,600095,24.57,24.89,25.0,24.5,79195,56178089.0,2.01,-0.16,-0.04,0.7
2022-08-30,600095,24.93,25.07,25.29,24.75,87996,63081178.0,2.17,0.72,0.18,0.78
2022-08-31,600095,24.96,24.93,25.29,24.82,120769,86778477.0,1.87,-0.56,-0.14,1.07
2022-09-01,600095,25.07,24.5,25.29,24.5,98544,70315552.0,3.17,-1.72,-0.43,0.87
2022-09-02,600095,24.71,25.21,25.61,24.64,170645,123047092.0,3.96,2.9,0.71,1.51
2022-09-05,600095,25.03,25.32,25.54,24.93,100733,72836678.0,2.42,0.44,0.11,0.89
2022-09-06,600095,25.39,26.47,27.22,25.36,396150,300124259.0,7.35,4.54,1.15,3.51
2022-09-07,600095,26.04,25.43,26.11,25.29,294167,215295256.0,3.1,-3.93,-1.04,2.6
2022-09-08,600095,25.5,25.0,25.57,24.93,151244,109034487.0,2.52,-1.69,-0.43,1.34
2022-09-09,600095,24.93,25.18,25.54,24.89,132455,95757085.0,2.6,0.72,0.18,1.17
2022-09-13,600095,25.14,25.43,26.0,25.11,187629,137585686.0,3.53,0.99,0.25,1.66
2022-09-14,600095,24.93,25.07,25.25,24.86,126864,91139300.0,1.53,-1.42,-0.36,1.12
2022-09-15,600095,25.18,24.93,25.57,24.75,137831,99458499.0,3.27,-0.56,-0.14,1.22
2022-09-16,600095,24.93,23.53,24.96,23.49,192080,132441810.0,5.9,-5.62,-1.4,1.7
2022-09-19,600095,23.53,23.24,23.64,22.92,91174,60770613.0,3.06,-1.23,-0.29,0.81
2022-09-20,600095,23.35,23.35,23.64,23.17,64444,43147309.0,2.02,0.47,0.11,0.57
2022-09-21,600095,23.21,23.35,23.49,22.74,66519,44223767.0,3.21,0.0,0.0,0.59
2022-09-22,600095,23.17,23.21,23.46,23.06,51212,34256740.0,1.71,-0.6,-0.14,0.45
2022-09-23,600095,23.06,22.96,23.39,22.78,51252,34022863.0,2.63,-1.08,-0.25,0.45
2022-09-26,600095,22.96,22.49,22.96,22.49,48649,31725171.0,2.05,-2.05,-0.47,0.43
2022-09-27,600095,22.56,23.14,23.46,22.56,75890,50362844.0,4.0,2.89,0.65,0.67
2022-09-28,600095,22.85,22.53,22.89,22.53,63208,41250440.0,1.56,-2.64,-0.61,0.56
2022-09-29,600095,22.71,21.95,22.74,21.92,75659,48599848.0,3.64,-2.57,-0.58,0.67
2022-09-30,600095,22.13,21.99,22.35,21.92,44962,28611057.0,1.96,0.18,0.04,0.4
2022-10-10,600095,21.77,21.77,22.17,21.74,40694,25725053.0,1.96,-1.0,-0.22,0.36
2022-10-11,600095,21.77,22.03,22.28,21.7,43125,27263442.0,2.66,1.19,0.26,0.38
2022-10-12,600095,21.92,22.49,22.53,21.81,58440,37350994.0,3.27,2.09,0.46,0.52
2022-10-13,600095,22.28,22.38,22.56,22.28,46871,30188380.0,1.24,-0.49,-0.11,0.41
2022-10-14,600095,22.74,22.56,22.89,22.49,64279,41898091.0,1.79,0.8,0.18,0.57
2022-10-17,600095,22.35,22.92,22.96,22.35,70869,46456557.0,2.7,1.6,0.36,0.63
2022-10-18,600095,23.03,22.67,23.1,22.67,64956,42586806.0,1.88,-1.09,-0.25,0.58
2022-10-19,600095,22.63,22.56,22.78,22.42,48356,31414553.0,1.59,-0.49,-0.11,0.43
2022-10-20,600095,22.46,22.6,22.92,22.24,71944,46802805.0,3.01,0.18,0.04,0.64
2022-10-21,600095,23.21,22.63,23.39,22.63,89445,59152952.0,3.36,0.13,0.03,0.79
2022-10-24,600095,22.78,22.49,23.35,22.38,91786,60160138.0,4.29,-0.62,-0.14,0.81
2022-10-25,600095,22.35,22.17,22.6,21.88,67739,43231256.0,3.2,-1.42,-0.32,0.6
2022-10-26,600095,22.24,22.49,22.78,22.17,64782,41861863.0,2.75,1.44,0.32,0.57
2022-10-27,600095,22.6,22.67,22.85,22.49,72887,47602046.0,1.6,0.8,0.18,0.65
2022-10-28,600095,22.42,21.95,22.67,21.88,75762,48591468.0,3.48,-3.18,-0.72,0.67
2022-10-31,600095,22.06,22.24,22.49,21.81,68470,43647890.0,3.1,1.32,0.29,0.61
2022-11-01,600095,22.24,22.89,22.92,22.24,96848,63224160.0,3.06,2.92,0.65,0.86
2022-11-02,600095,22.67,23.17,23.17,22.67,89670,59142989.0,2.18,1.22,0.28,0.79
2022-11-03,600095,22.78,22.89,23.1,22.78,47015,30975609.0,1.38,-1.21,-0.28,0.42
2022-11-04,600095,22.96,23.21,23.57,22.81,115975,77376417.0,3.32,1.4,0.32,1.03
2022-11-07,600095,22.99,23.24,23.35,22.96,84306,56175370.0,1.68,0.13,0.03,0.75
2022-11-08,600095,23.24,23.1,23.31,22.92,54321,36003602.0,1.68,-0.6,-0.14,0.48
2022-11-09,600095,23.21,22.96,23.24,22.92,51774,34251422.0,1.39,-0.61,-0.14,0.46
2022-11-10,600095,22.92,23.17,23.31,22.78,78625,52245637.0,2.31,0.91,0.21,0.7
2022-11-11,600095,23.64,25.57,25.57,23.46,642508,459956693.0,9.11,10.36,2.4,5.69
2022-11-14,600095,26.0,28.19,28.19,25.54,1393416,1106757039.0,10.36,10.25,2.62,12.34
2022-11-15,600095,28.01,31.09,31.09,27.79,1070151,911444839.0,11.71,10.29,2.9,9.47
2022-11-16,600095,32.99,32.63,34.28,31.45,2216068,2095888657.0,9.1,4.95,1.54,19.62
2022-11-17,600095,33.56,35.96,35.96,31.59,2341838,2266049697.0,13.39,10.21,3.33,20.73
2022-11-18,600095,35.14,32.99,35.67,32.31,2019381,1938576289.0,9.34,-8.26,-2.97,17.88
2022-11-21,600095,32.27,30.91,32.59,29.87,1382585,1218746487.0,8.24,-6.3,-2.08,12.24
2022-11-22,600095,30.91,29.62,31.23,29.51,1233449,1068493776.0,5.56,-4.17,-1.29,10.92
2022-11-23,600095,29.3,28.44,29.33,28.04,1005686,821081071.0,4.36,-3.98,-1.18,8.9
2022-11-24,600095,28.69,28.87,29.12,28.4,848570,695546088.0,2.53,1.51,0.43,7.51
2022-11-25,600095,28.58,28.44,29.37,28.33,793382,652325563.0,3.6,-1.49,-0.43,7.02
2022-11-28,600095,26.97,27.9,28.01,26.61,633838,500501868.0,4.92,-1.9,-0.54,5.61
2022-11-29,600095,27.43,28.4,28.94,27.18,1099569,885213821.0,6.31,1.79,0.5,9.73
2022-11-30,600095,28.04,27.76,28.47,27.58,728134,583674779.0,3.13,-2.25,-0.64,6.45
2022-12-01,600095,28.51,27.97,28.94,27.86,819976,666921737.0,3.89,0.76,0.21,7.26
2022-12-02,600095,27.61,27.94,28.76,27.58,485111,389837971.0,4.22,-0.11,-0.03,4.29
2022-12-05,600095,28.37,28.62,28.8,28.15,656452,534467002.0,2.33,2.43,0.68,5.81
2022-12-06,600095,28.37,28.19,28.62,27.9,444795,359179979.0,2.52,-1.5,-0.43,3.94
2022-12-07,600095,28.26,29.26,31.02,27.79,1178317,986832374.0,11.46,3.8,1.07,10.43
2022-12-08,600095,28.62,28.47,28.97,28.19,559586,454814805.0,2.67,-2.7,-0.79,4.95
2022-12-09,600095,28.33,28.29,28.62,27.9,438365,353536296.0,2.53,-0.63,-0.18,3.88
2022-12-12,600095,28.15,27.51,28.19,27.4,387329,307024847.0,2.79,-2.76,-0.78,3.43
2022-12-13,600095,27.72,28.08,28.51,27.65,457961,368743603.0,3.13,2.07,0.57,4.05
2022-12-14,600095,27.65,28.33,28.62,27.65,382293,308763962.0,3.45,0.89,0.25,3.38
2022-12-15,600095,28.08,28.44,28.58,27.65,359670,289952010.0,3.28,0.39,0.11,3.18
2022-12-16,600095,28.15,28.15,28.62,28.04,311366,252057994.0,2.04,-1.02,-0.29,2.76
2022-12-19,600095,28.12,27.61,28.9,27.58,528226,426613402.0,4.69,-1.92,-0.54,4.68
2022-12-20,600095,27.26,27.97,28.26,26.72,363454,288734861.0,5.58,1.3,0.36,3.22
2022-12-21,600095,28.12,27.79,28.22,27.43,261570,208269746.0,2.82,-0.64,-0.18,2.32
2022-12-22,600095,28.08,27.08,28.47,26.79,386770,305320348.0,6.05,-2.55,-0.71,3.42
2022-12-23,600095,26.54,27.18,27.51,26.4,268557,208756408.0,4.1,0.37,0.1,2.38
2022-12-26,600095,27.11,27.4,27.79,26.65,224182,174632588.0,4.19,0.81,0.22,1.98
2022-12-27,600095,27.47,27.58,28.12,27.36,300149,237859113.0,2.77,0.66,0.18,2.66
2022-12-28,600095,27.26,27.04,27.58,26.93,237273,184801946.0,2.36,-1.96,-0.54,2.1
2022-12-29,600095,26.97,26.68,27.11,26.54,199203,152658673.0,2.11,-1.33,-0.36,1.76
2022-12-30,600095,26.68,26.4,26.93,26.32,220630,167956258.0,2.29,-1.05,-0.28,1.95
2023-01-03,600095,26.29,26.86,26.93,25.72,266198,200886842.0,4.58,1.74,0.46,2.36
2023-01-04,600095,26.72,27.72,28.69,26.72,609151,486543408.0,7.33,3.2,0.86,5.39
2023-01-05,600095,27.65,30.55,30.55,27.61,1414643,1204582309.0,10.61,10.21,2.83,12.52
2023-01-06,600095,29.55,29.51,30.37,29.19,1006633,853033351.0,3.86,-3.4,-1.04,8.91
2023-01-09,600095,29.4,29.69,30.66,29.33,800846,683291581.0,4.51,0.61,0.18,7.09
2023-01-10,600095,29.83,28.9,30.01,28.83,604117,506396612.0,3.97,-2.66,-0.79,5.35
2023-01-11,600095,29.05,28.4,29.12,28.26,364032,297551160.0,2.98,-1.73,-0.5,3.22
2023-01-12,600095,28.26,28.65,28.87,28.19,444780,362717726.0,2.39,0.88,0.25,3.94
2023-01-13,600095,29.4,31.59,31.59,29.01,1640051,1438753290.0,9.01,10.26,2.94,14.52
2023-01-16,600095,32.41,34.81,34.81,32.09,965517,925169228.0,8.61,10.19,3.22,8.55
2023-01-17,600095,37.36,38.36,38.36,36.61,2391673,2567509737.0,5.03,10.2,3.55,21.17
2023-01-18,600095,38.0,36.28,39.33,36.07,2129323,2252879411.0,8.5,-5.42,-2.08,18.85
2023-01-19,600095,35.85,35.89,36.93,34.89,1991045,2031258459.0,5.62,-1.07,-0.39,17.62
2023-01-20,600095,35.35,32.27,35.67,32.27,1764713,1659147318.0,9.47,-10.09,-3.62,15.62
2023-01-30,600095,32.92,32.34,33.17,32.2,1069580,992095661.0,3.01,0.22,0.07,9.47
2023-01-31,600095,32.09,33.56,34.03,31.91,1230967,1150367930.0,6.56,3.77,1.22,10.9
2023-02-01,600095,32.99,35.89,36.86,32.84,1747971,1730300771.0,11.98,6.94,2.33,15.47
2023-02-02,600095,36.07,34.85,39.26,34.38,2129890,2200726194.0,13.6,-2.9,-1.04,18.85
2023-02-03,600095,34.6,35.75,36.5,33.95,1407832,1426489910.0,7.32,2.58,0.9,12.46
2023-02-06,600095,34.46,33.88,34.74,32.92,1120104,1075165125.0,5.09,-5.23,-1.87,9.91
2023-02-07,600095,34.03,33.95,34.49,33.56,665771,644189822.0,2.74,0.21,0.07,5.89
2023-02-08,600095,33.7,33.2,33.99,33.13,521071,495899798.0,2.53,-2.21,-0.75,4.61
2023-02-09,600095,33.2,33.35,33.63,32.92,680272,645883398.0,2.14,0.45,0.15,6.02
2023-02-10,600095,33.17,32.34,33.17,32.31,596447,554832710.0,2.58,-3.03,-1.01,5.28
2023-02-13,600095,32.27,32.74,32.88,32.13,468174,434958602.0,2.32,1.24,0.4,4.14
2023-02-14,600095,32.74,32.56,32.77,32.27,337252,312063646.0,1.53,-0.55,-0.18,2.98
2023-02-15,600095,32.52,32.84,33.06,32.38,444540,414820600.0,2.09,0.86,0.28,3.93
2023-02-16,600095,32.66,33.6,35.71,32.63,1434444,1390903075.0,9.38,2.31,0.76,12.69
2023-02-17,600095,32.99,31.48,33.6,31.48,828353,764072016.0,6.31,-6.31,-2.12,7.33
2023-02-20,600095,32.49,34.71,34.71,32.49,1299032,1248269294.0,7.05,10.26,3.23,11.49
2023-02-21,600095,35.67,35.6,36.5,34.63,1775207,1802033569.0,5.39,2.56,0.89,15.71
2023-02-22,600095,35.35,36.21,38.36,35.1,1626264,1690244923.0,9.16,1.71,0.61,14.39
2023-02-23,600095,36.21,39.9,39.9,35.71,2997440,3339198188.0,11.57,10.19,3.69,26.52
2023-02-24,600095,39.72,35.92,39.72,35.85,2849145,2999615834.0,9.7,-9.97,-3.98,25.21
2023-02-27,600095,35.14,34.21,35.14,34.06,1356691,1333485487.0,3.01,-4.76,-1.71,12.0
2023-02-28,600095,34.21,35.42,35.6,33.88,1299063,1283778631.0,5.03,3.54,1.21,11.49
2023-03-01,600095,34.96,36.68,37.0,34.85,1517271,1566559634.0,6.07,3.56,1.26,13.43
2023-03-02,600095,36.21,36.39,37.43,35.96,1029536,1071136553.0,4.01,-0.79,-0.29,9.11
2023-03-03,600095,36.32,36.25,36.93,35.67,942057,971058508.0,3.46,-0.38,-0.14,8.34
2023-03-06,600095,36.25,35.46,36.39,35.17,684723,693098325.0,3.37,-2.18,-0.79,6.06
2023-03-07,600095,35.35,34.81,36.35,34.74,919349,929081324.0,4.54,-1.83,-0.65,8.13
2023-03-08,600095,34.35,34.81,34.92,34.17,530086,521560482.0,2.15,0.0,0.0,4.69
2023-03-09,600095,34.56,33.99,34.74,33.7,554914,539663970.0,2.99,-2.36,-0.82,4.91
2023-03-10,600095,33.7,35.39,36.0,33.56,1156443,1151734293.0,7.18,4.12,1.4,10.23
2023-03-13,600095,34.89,35.28,35.71,34.49,685574,684663150.0,3.45,-0.31,-0.11,6.07
2023-03-14,600095,35.1,35.53,35.92,33.85,930971,927294967.0,5.87,0.71,0.25,8.24
2023-03-15,600095,35.82,35.1,36.71,34.96,930219,948285427.0,4.93,-1.21,-0.43,8.23
2023-03-16,600095,34.31,34.42,35.06,34.06,551637,542107761.0,2.85,-1.94,-0.68,4.88
2023-03-17,600095,35.14,34.78,35.64,34.63,733639,732092141.0,2.93,1.05,0.36,6.49
2023-03-20,600095,34.53,33.99,34.96,33.7,669068,651842401.0,3.62,-2.27,-0.79,5.92
2023-03-21,600095,34.03,34.21,34.49,33.63,432227,418429191.0,2.53,0.65,0.22,3.82
2023-03-22,600095,34.28,33.99,34.49,33.78,500880,486759260.0,2.08,-0.64,-0.22,4.43
2023-03-23,600095,33.7,34.21,34.35,33.56,459413,444663763.0,2.32,0.65,0.22,4.07
2023-03-24,600095,33.99,35.71,36.96,33.99,1425270,1457554065.0,8.68,4.38,1.5,12.61
2023-03-27,600095,35.71,36.71,37.04,35.24,1207251,1245617041.0,5.04,2.8,1.0,10.68
2023-03-28,600095,36.25,35.75,36.46,35.46,660598,674078021.0,2.72,-2.62,-0.96,5.85
2023-03-29,600095,35.06,33.99,35.1,33.42,939475,907538544.0,4.7,-4.92,-1.76,8.31
2023-03-30,600095,33.67,34.13,34.28,32.66,773394,737513096.0,4.77,0.41,0.14,6.84
2023-03-31,600095,33.85,33.45,34.06,33.38,506865,486017220.0,1.99,-1.99,-0.68,4.47
2023-04-03,600095,33.02,34.35,34.56,32.99,711036,688388983.0,4.69,2.69,0.9,6.27
2023-04-04,600095,34.31,33.88,34.56,33.45,523789,506508764.0,3.23,-1.37,-0.47,4.62
2023-04-06,600095,33.6,33.06,33.6,32.92,479958,453296493.0,2.01,-2.42,-0.82,4.23
2023-04-07,600095,33.09,33.42,33.88,33.09,445674,425777884.0,2.39,1.09,0.36,3.93
2023-04-10,600095,33.95,33.63,34.81,33.2,723069,702961703.0,4.82,0.63,0.21,6.38
2023-04-11,600095,33.7,33.88,34.49,33.63,561615,545042486.0,2.56,0.74,0.25,4.95
2023-04-12,600095,33.7,33.45,34.03,33.02,511778,486956193.0,2.98,-1.27,-0.43,4.51
2023-04-13,600095,33.06,32.7,33.2,32.66,412265,386498087.0,1.61,-2.24,-0.75,3.64
2023-04-14,600095,32.74,32.66,33.06,32.49,287641,268352381.0,1.74,-0.12,-0.04,2.54
2023-04-17,600095,32.38,32.77,33.13,32.13,511517,478183781.0,3.06,0.34,0.11,4.51
2023-04-18,600095,32.52,31.59,32.74,31.55,563774,512646079.0,3.63,-3.6,-1.18,4.97
2023-04-19,600095,31.34,30.23,31.38,30.12,598019,520796186.0,3.99,-4.31,-1.36,5.27
2023-04-20,600095,29.98,30.01,30.16,29.48,391192,333404115.0,2.25,-0.73,-0.22,3.45
2023-04-21,600095,29.91,28.47,30.05,28.47,432955,359343942.0,5.26,-5.13,-1.54,3.82
2023-04-24,600095,28.37,28.62,29.05,28.33,325728,266838219.0,2.53,0.53,0.15,2.87
2023-04-25,600095,28.65,28.04,28.8,27.61,329340,265440530.0,4.16,-2.03,-0.58,2.9
2023-04-26,600095,28.04,28.15,28.4,27.9,221560,178499218.0,1.78,0.39,0.11,1.95
2023-04-27,600095,28.08,27.65,28.37,27.61,353657,282473849.0,2.7,-1.78,-0.5,3.12
2023-04-28,600095,28.29,29.37,30.09,28.22,681797,570286469.0,6.76,6.22,1.72,6.01
2023-05-04,600095,28.9,29.44,29.55,28.8,386142,322987300.0,2.55,0.24,0.07,3.41
2023-05-05,600095,29.4,29.44,30.66,29.23,625861,534624877.0,4.86,0.0,0.0,5.52
2023-05-08,600095,29.23,29.98,30.37,28.94,592453,502542708.0,4.86,1.83,0.54,5.23
2023-05-09,600095,29.98,30.48,32.56,29.55,1206682,1068658181.0,10.04,1.67,0.5,10.64
2023-05-10,600095,29.83,29.33,30.09,29.05,611850,514638924.0,3.41,-3.77,-1.15,5.4
2023-05-11,600095,29.4,29.15,29.62,29.05,310210,259268177.0,1.94,-0.61,-0.18,2.74
2023-05-12,600095,29.15,28.65,29.15,28.62,249169,205326930.0,1.82,-1.72,-0.5,2.2
2023-05-15,600095,28.65,29.26,29.4,28.22,416739,343533147.0,4.12,2.13,0.61,3.68
2023-05-16,600095,29.33,28.8,29.51,28.69,254493,211178044.0,2.8,-1.57,-0.46,2.24
2023-05-17,600095,28.76,28.83,28.94,28.58,166521,136881920.0,1.25,0.1,0.03,1.47
2023-05-18,600095,28.83,28.65,28.97,28.62,215083,176935533.0,1.21,-0.62,-0.18,1.9
2023-05-19,600095,28.62,28.69,28.87,28.33,198996,162706510.0,1.88,0.14,0.04,1.76
2023-05-22,600095,28.69,28.51,28.76,28.33,172982,140873537.0,1.5,-0.63,-0.18,1.53
2023-05-23,600095,28.44,28.22,28.55,28.12,170785,138255831.0,1.51,-1.02,-0.29,1.51
2023-05-24,600095,28.08,28.47,28.65,28.01,208685,169799117.0,2.27,0.89,0.25,1.84
2023-05-25,600095,28.26,29.33,29.33,28.19,486397,401414099.0,4.0,3.02,0.86,4.29
2023-05-26,600095,29.23,29.12,29.51,28.8,347249,288982523.0,2.42,-0.72,-0.21,3.06
2023-05-29,600095,28.9,28.55,29.08,28.51,249293,204308955.0,1.96,-1.96,-0.57,2.2
2023-05-30,600095,28.58,28.72,28.76,28.22,199750,161156160.0,1.89,0.6,0.17,1.76
2023-05-31,600095,28.79,28.51,28.79,28.51,144454,117081279.0,0.97,-0.73,-0.21,1.27
2023-06-01,600095,28.43,28.51,28.86,28.11,212913,172045755.0,2.63,0.0,0.0,1.88
2023-06-02,600095,28.58,28.83,28.83,28.4,248047,201389330.0,1.51,1.12,0.32,2.19
2023-06-05,600095,28.79,28.43,28.83,28.43,212789,172445265.0,1.39,-1.39,-0.4,1.88
2023-06-06,600095,28.25,25.78,28.36,25.64,707916,532454213.0,9.57,-9.32,-2.65,6.24
2023-06-07,600095,25.35,25.75,26.0,25.21,241974,176456806.0,3.06,-0.12,-0.03,2.13
2023-06-08,600095,25.71,25.78,26.18,25.46,249184,182523612.0,2.8,0.12,0.03,2.2
2023-06-09,600095,25.89,26.25,26.54,25.6,268980,199169116.0,3.65,1.82,0.47,0.94
2023-06-12,600095,26.0,26.79,27.11,26.0,274400,207271400.0,4.23,2.06,0.54,0.96
2023-06-13,600095,26.71,26.93,27.11,26.57,209359,159522513.0,2.02,0.52,0.14,0.73
2023-06-14,600095,26.97,26.97,27.65,26.89,237607,182911303.0,2.82,0.15,0.04,0.83
2023-06-15,600095,27.07,27.72,27.97,27.07,391049,305821585.0,3.34,2.78,0.75,1.37
2023-06-16,600095,27.5,27.54,27.72,27.18,271271,210972923.0,1.95,-0.65,-0.18,0.95
2023-06-19,600095,27.5,27.72,27.9,27.32,217990,171014383.0,2.11,0.65,0.18,0.76
2023-06-20,600095,27.5,27.54,27.9,27.47,172032,134962003.0,1.55,-0.65,-0.18,0.6
2023-06-21,600095,27.5,26.86,27.68,26.82,194240,149866983.0,3.12,-2.47,-0.68,0.68
2023-06-26,600095,26.14,26.03,26.64,26.0,206642,154158075.0,2.38,-3.09,-0.83,0.72
2023-06-27,600095,26.14,26.86,26.97,26.11,186192,140736789.0,3.3,3.19,0.83,0.65
2023-06-28,600095,26.89,26.86,27.07,26.32,156440,118416562.0,2.79,0.0,0.0,0.55
2023-06-29,600095,26.86,27.5,28.11,26.79,369539,288719434.0,4.91,2.38,0.64,1.29
2023-06-30,600095,27.4,27.5,27.93,27.32,289382,226802224.0,2.22,0.0,0.0,1.01
2023-07-03,600095,27.47,27.72,27.86,27.4,208292,163527694.0,1.67,0.8,0.22,0.73
2023-07-04,600095,27.57,27.61,28.0,27.5,184601,145170539.0,1.8,-0.4,-0.11,0.65
2023-07-05,600095,27.65,27.36,27.72,27.25,148826,115813399.0,1.7,-0.91,-0.25,0.52
2023-07-06,600095,27.32,27.29,27.54,27.14,127327,98666891.0,1.46,-0.26,-0.07,0.45
2023-07-07,600095,27.18,27.54,27.75,27.11,173609,135494580.0,2.35,0.92,0.25,0.61
2023-07-10,600095,27.72,28.04,28.86,27.72,421227,338037740.0,4.14,1.82,0.5,1.47
2023-07-11,600095,28.0,27.93,28.11,27.47,244666,192564444.0,2.28,-0.39,-0.11,0.86
2023-07-12,600095,27.83,27.43,28.08,27.36,196732,154472618.0,2.58,-1.79,-0.5,0.69
2023-07-13,600095,27.47,27.97,28.29,27.47,254998,202368011.0,2.99,1.97,0.54,0.89
2023-07-14,600095,28.04,27.72,28.04,27.57,223084,175772024.0,1.68,-0.89,-0.25,0.78
2023-07-17,600095,27.79,27.61,27.83,27.22,144528,112908352.0,2.2,-0.4,-0.11,0.51
2023-07-18,600095,27.68,27.68,27.93,27.47,141150,110959606.0,1.67,0.25,0.07,0.49
2023-07-19,600095,27.57,28.58,28.65,27.57,590023,475290226.0,3.9,3.25,0.9,2.06
2023-07-20,600095,28.4,27.93,28.51,27.79,404735,322651723.0,2.52,-2.27,-0.65,1.42
2023-07-21,600095,27.68,27.75,27.93,27.54,223403,175649976.0,1.4,-0.64,-0.18,0.78
2023-07-24,600095,27.68,27.25,27.68,26.93,257954,199831432.0,2.7,-1.8,-0.5,0.9
2023-07-25,600095,28.58,30.01,30.01,28.29,1315456,1089943406.0,6.31,10.13,2.76,4.6
2023-07-26,600095,30.01,29.4,30.33,28.9,1132820,947591102.0,4.77,-2.03,-0.61,3.96
2023-07-27,600095,29.29,28.94,29.58,28.83,535738,442054641.0,2.55,-1.56,-0.46,1.87
2023-07-28,600095,28.97,31.23,31.8,28.9,1628324,1409801316.0,10.02,7.91,2.29,5.7
2023-07-31,600095,30.87,30.69,31.98,30.66,1453271,1285304233.0,4.23,-1.73,-0.54,5.08
2023-08-01,600095,30.23,31.16,32.7,30.12,1352488,1203717977.0,8.41,1.53,0.47,4.73
2023-08-02,600095,30.76,31.55,32.45,30.76,1067159,956837975.0,5.42,1.25,0.39,3.73
2023-08-03,600095,31.84,33.41,33.95,31.01,1639341,1512795812.0,9.32,5.9,1.86,5.73
2023-08-04,600095,34.17,33.45,36.46,33.02,2122427,2054890900.0,10.3,0.12,0.04,7.42
2023-08-07,600095,32.55,36.03,36.17,32.16,2052868,1997943480.0,11.99,7.71,2.58,7.18
2023-08-08,600095,34.88,33.59,35.06,33.38,1489330,1433984669.0,4.66,-6.77,-2.44,5.21
2023-08-09,600095,33.23,33.34,33.99,33.06,671422,635806329.0,2.77,-0.74,-0.25,2.35
2023-08-10,600095,33.31,34.52,34.81,33.23,1029171,986432347.0,4.74,3.54,1.18,3.6
2023-08-11,600095,33.95,32.12,33.95,31.98,938903,874375350.0,5.71,-6.95,-2.4,3.28
2023-08-14,600095,31.51,32.12,32.88,31.37,676831,616967932.0,4.7,0.0,0.0,2.37
2023-08-15,600095,31.84,32.88,32.95,31.77,785256,719295231.0,3.67,2.37,0.76,2.75
2023-08-16,600095,32.27,33.27,34.49,31.98,1081268,1020670076.0,7.63,1.19,0.39,3.78
2023-08-17,600095,33.23,32.95,33.91,32.09,1030377,960968511.0,5.47,-0.96,-0.32,3.6
2023-08-18,600095,33.2,31.44,33.38,31.44,682540,623874682.0,5.89,-4.58,-1.51,2.39
2023-08-21,600095,31.37,30.51,32.16,30.51,573091,504244900.0,5.25,-2.96,-0.93,2.0
2023-08-22,600095,30.73,31.08,31.41,30.3,571292,498825320.0,3.64,1.87,0.57,2.0
2023-08-23,600095,30.8,29.83,30.87,29.8,492374,421156304.0,3.44,-4.02,-1.25,1.72
2023-08-24,600095,29.94,30.23,31.01,29.87,467726,402235073.0,3.82,1.34,0.4,1.64
2023-08-25,600095,30.01,31.69,32.95,29.97,1156546,1037687123.0,9.86,4.83,1.46,4.05
2023-08-28,600095,34.92,33.2,34.92,32.55,1981577,1917932724.0,7.48,4.76,1.51,6.93
2023-08-29,600095,32.3,32.55,33.16,31.48,1237167,1131955975.0,5.06,-1.96,-0.65,4.33
2023-08-30,600095,32.16,30.87,32.16,30.73,896499,792887303.0,4.39,-5.16,-1.68,3.14
2023-08-31,600095,30.87,30.05,31.19,30.01,489821,421637879.0,3.82,-2.66,-0.82,1.71
2023-09-01,600095,30.26,29.65,30.44,29.62,422732,358690506.0,2.73,-1.33,-0.4,1.48
2023-09-04,600095,29.69,29.76,30.01,29.44,418949,352784431.0,1.92,0.37,0.11,1.47
2023-09-05,600095,29.65,29.11,29.69,29.01,462183,382769798.0,2.28,-2.18,-0.65,1.62
2023-09-06,600095,28.18,28.4,28.58,27.57,550947,440763068.0,3.47,-2.44,-0.71,1.93
2023-09-07,600095,28.33,28.18,28.65,28.04,365227,293834252.0,2.15,-0.77,-0.22,1.28
2023-09-08,600095,27.93,28.43,28.47,27.79,300300,239372506.0,2.41,0.89,0.25,1.05
2023-09-11,600095,28.43,28.76,29.04,28.25,395212,321640160.0,2.78,1.16,0.33,1.38
2023-09-12,600095,28.58,28.33,28.68,28.25,241640,194764689.0,1.5,-1.5,-0.43,0.85
2023-09-13,600095,28.22,28.08,28.4,27.97,194504,155057158.0,1.52,-0.88,-0.25,0.68
2023-09-14,600095,28.11,27.9,28.29,27.79,190341,151073394.0,1.78,-0.64,-0.18,0.67
2023-09-15,600095,28.15,28.51,28.51,28.04,306388,245768575.0,1.68,2.19,0.61,1.07
2023-09-18,600095,28.18,28.25,28.36,27.97,174403,139376573.0,1.37,-0.91,-0.26,0.61
2023-09-19,600095,28.29,28.36,28.54,28.18,238304,191682564.0,1.27,0.39,0.11,0.83
2023-09-20,600095,28.18,28.08,28.47,28.04,179771,143825537.0,1.52,-0.99,-0.28,0.63
2023-09-21,600095,28.0,27.72,28.22,27.68,199628,157900057.0,1.92,-1.28,-0.36,0.7
2023-09-22,600095,27.57,28.29,28.36,27.57,317141,252331144.0,2.85,2.06,0.57,1.11
2023-09-25,600095,28.08,27.61,28.15,27.54,253771,199725445.0,2.16,-2.4,-0.68,0.89
2023-09-26,600095,27.57,27.5,27.79,27.47,134674,105456383.0,1.16,-0.4,-0.11,0.47
2023-09-27,600095,27.47,27.57,27.75,27.47,146585,114776939.0,1.02,0.25,0.07,0.51
2023-09-28,600095,27.61,27.61,27.75,27.47,146931,115051340.0,1.02,0.15,0.04,0.51
2023-10-09,600095,27.5,27.11,27.5,26.97,188922,145570673.0,1.92,-1.81,-0.5,0.66
2023-10-10,600095,27.11,27.36,27.54,27.11,159865,124074671.0,1.59,0.92,0.25,0.56
2023-10-11,600095,27.36,27.04,27.5,26.97,171182,132362724.0,1.94,-1.17,-0.32,0.6
2023-10-12,600095,27.43,27.29,27.54,27.22,166904,129473041.0,1.18,0.92,0.25,0.58
2023-10-13,600095,27.11,26.97,27.18,26.86,143479,109747837.0,1.17,-1.17,-0.32,0.5
2023-10-16,600095,27.0,27.18,27.32,26.57,201811,154727401.0,2.78,0.78,0.21,0.71
2023-10-17,600095,27.07,27.5,27.79,27.07,279724,217980902.0,2.65,1.18,0.32,0.98
2023-10-18,600095,27.32,28.0,28.29,27.29,451616,358025821.0,3.64,1.82,0.5,1.58
2023-10-19,600095,27.86,28.0,28.76,27.79,405431,325007751.0,3.46,0.0,0.0,1.42
2023-10-20,600095,27.79,28.9,28.97,27.68,601050,486907268.0,4.61,3.21,0.9,2.1
2023-10-23,600095,28.58,29.33,29.8,27.9,706723,577903141.0,6.57,1.49,0.43,2.47
2023-10-24,600095,29.29,30.3,30.69,28.83,969698,815901207.0,6.34,3.31,0.97,3.39
2023-10-25,600095,30.05,29.19,30.05,29.15,667160,558401635.0,2.97,-3.66,-1.11,2.33
2023-10-26,600095,28.65,29.01,29.15,28.43,433203,353039024.0,2.47,-0.62,-0.18,1.52
2023-10-27,600095,28.83,28.79,28.97,28.54,318250,259151633.0,1.48,-0.76,-0.22,1.11
2023-10-30,600095,28.94,28.9,29.19,28.68,285610,233801249.0,1.77,0.38,0.11,1.0
2023-10-31,600095,28.79,28.68,29.08,28.54,247765,201948797.0,1.87,-0.76,-0.22,0.87
2023-11-01,600095,28.9,28.58,29.01,28.58,184608,150242630.0,1.5,-0.35,-0.1,0.65
2023-11-02,600095,28.51,28.15,28.76,28.15,204188,164393577.0,2.13,-1.5,-0.43,0.71
2023-11-03,600095,28.0,28.43,28.58,27.9,197534,158922095.0,2.42,0.99,0.28,0.69
2023-11-06,600095,28.97,29.26,29.44,28.86,517181,427083478.0,2.04,2.92,0.83,1.81
2023-11-07,600095,29.04,29.33,29.47,29.01,426755,354369703.0,1.57,0.24,0.07,1.49
2023-11-08,600095,29.33,28.83,29.37,28.65,359946,295061049.0,2.45,-1.7,-0.5,1.26
2023-11-09,600095,28.79,28.58,28.9,28.54,238371,193769695.0,1.25,-0.87,-0.25,0.83
2023-11-10,600095,28.47,28.58,28.9,28.43,205245,166782162.0,1.64,0.0,0.0,0.72
2023-11-13,600095,28.61,28.83,28.83,28.43,201388,163262357.0,1.4,0.87,0.25,0.7
2023-11-14,600095,28.83,29.08,29.37,28.76,381903,314565247.0,2.12,0.87,0.25,1.34
2023-11-15,600095,29.26,29.11,29.58,29.08,379786,315305312.0,1.72,0.1,0.03,1.33
2023-11-16,600095,29.08,28.79,29.26,28.76,233547,191879621.0,1.72,-1.1,-0.32,0.82
2023-11-17,600095,28.72,28.79,28.94,28.61,186478,151801030.0,1.15,0.0,0.0,0.65
2023-11-20,600095,28.79,28.76,28.83,28.43,171154,138756949.0,1.39,-0.1,-0.03,0.6
2023-11-21,600095,28.86,28.54,29.15,28.51,280241,229111064.0,2.23,-0.76,-0.22,0.98
2023-11-22,600095,28.47,28.11,28.65,28.11,209446,168616534.0,1.89,-1.51,-0.43,0.73
2023-11-23,600095,28.08,28.4,28.4,27.93,170075,135805345.0,1.67,1.03,0.29,0.59
2023-11-24,600095,28.43,27.86,28.43,27.83,170866,135756099.0,2.11,-1.9,-0.54,0.6
2023-11-27,600095,27.72,27.65,27.79,27.47,153511,120178247.0,1.15,-0.75,-0.21,0.54
2023-11-28,600095,27.61,27.72,27.86,27.5,94894,74563017.0,1.3,0.25,0.07,0.33
2023-11-29,600095,27.68,27.65,27.86,27.5,123756,97173428.0,1.3,-0.25,-0.07,0.43
2023-11-30,600095,27.65,27.72,27.86,27.54,117168,92105806.0,1.16,0.25,0.07,0.41
2023-12-01,600095,27.75,27.83,27.86,27.65,114814,90411914.0,0.76,0.4,0.11,0.4
2023-12-04,600095,27.93,28.15,28.33,27.79,211041,167863674.0,1.94,1.15,0.32,0.74
2023-12-05,600095,28.0,27.65,28.08,27.61,154556,122052602.0,1.67,-1.78,-0.5,0.54
2023-12-06,600095,27.54,27.61,27.86,27.5,104275,81886891.0,1.3,-0.14,-0.04,0.36
2023-12-07,600095,27.54,27.75,27.83,27.47,117632,92333874.0,1.3,0.51,0.14,0.41
2023-12-08,600095,27.79,27.36,27.9,27.32,140295,109899386.0,2.09,-1.41,-0.39,0.49
2023-12-11,600095,27.43,27.93,28.04,26.93,196075,153194063.0,4.06,2.08,0.57,0.69
2023-12-12,600095,27.83,27.9,28.04,27.72,104358,82443020.0,1.15,-0.11,-0.03,0.36
2023-12-13,600095,27.83,27.57,27.83,27.54,89930,70544372.0,1.04,-1.18,-0.33,0.31
2023-12-14,600095,27.68,27.57,27.93,27.54,115679,90955473.0,1.41,0.0,0.0,0.4
2023-12-15,600095,27.68,27.61,27.83,27.47,106933,83890436.0,1.31,0.15,0.04,0.37
2023-12-18,600095,27.61,27.32,27.75,27.25,107157,83558071.0,1.81,-1.05,-0.29,0.37
2023-12-19,600095,27.18,27.47,27.61,27.18,118323,91983237.0,1.57,0.55,0.15,0.41
2023-12-20,600095,27.36,26.54,27.5,26.54,160537,122625298.0,3.49,-3.39,-0.93,0.56
2023-12-21,600095,26.39,26.61,26.79,26.32,99508,75018481.0,1.77,0.26,0.07,0.35
2023-12-22,600095,26.75,26.39,26.79,26.32,109537,82258832.0,1.77,-0.83,-0.22,0.38
2023-12-25,600095,26.25,26.14,26.54,26.11,75985,56636253.0,1.63,-0.95,-0.25,0.27
2023-12-26,600095,26.07,25.68,26.18,25.57,114482,83870424.0,2.33,-1.76,-0.46,0.4
2023-12-27,600095,25.68,26.0,26.14,25.5,147321,108060354.0,2.49,1.25,0.32,0.52
2023-12-28,600095,25.89,26.46,26.64,25.78,175770,131765215.0,3.31,1.77,0.46,0.61
2023-12-29,600095,26.5,26.46,26.68,26.39,129420,97447527.0,1.1,0.0,0.0,0.45
2024-01-02,600095,26.46,26.11,26.54,26.11,106741,79479873.0,1.63,-1.32,-0.35,0.37
2024-01-03,600095,26.07,26.07,26.28,26.0,96746,71718404.0,1.07,-0.15,-0.04,0.34
2024-01-04,600095,26.0,25.82,26.11,25.64,105263,77130569.0,1.8,-0.96,-0.25,0.37
2024-01-05,600095,25.78,25.57,26.0,25.5,116281,85156298.0,1.94,-0.97,-0.25,0.41
2024-01-08,600095,25.5,25.17,25.53,25.17,102923,73896049.0,1.41,-1.56,-0.4,0.36
2024-01-09,600095,25.1,25.0,25.32,24.78,114839,81752867.0,2.15,-0.68,-0.17,0.4
2024-01-10,600095,24.82,25.03,25.21,24.49,99100,70335157.0,2.88,0.12,0.03,0.35
2024-01-11,600095,24.92,25.35,25.46,24.89,103878,74506509.0,2.28,1.28,0.32,0.36
2024-01-12,600095,25.21,25.32,25.75,25.21,116555,84465107.0,2.13,-0.12,-0.03,0.41
2024-01-15,600095,25.1,25.28,25.57,25.0,77435,55592367.0,2.25,-0.16,-0.04,0.27
2024-01-16,600095,25.28,26.28,26.39,25.21,374132,276655140.0,4.67,3.96,1.0,1.31
2024-01-17,600095,26.07,25.68,26.25,25.64,196906,144932244.0,2.32,-2.28,-0.6,0.69
2024-01-18,600095,25.42,27.79,28.29,25.21,1037156,808936441.0,11.99,8.22,2.11,3.63
2024-01-19,600095,27.18,26.93,27.54,26.68,658047,504940803.0,3.09,-3.09,-0.86,2.3
2024-01-22,600095,26.93,27.11,27.68,26.32,686159,531158463.0,5.05,0.67,0.18,2.4
2024-01-23,600095,27.25,27.79,28.43,26.43,773622,605922174.0,7.38,2.51,0.68,2.71
2024-01-24,600095,27.5,28.65,29.11,27.36,1187041,952029608.0,6.3,3.09,0.86,4.15
2024-01-25,600095,28.11,27.93,28.47,27.65,858187,680496248.0,2.86,-2.51,-0.72,3.0
2024-01-26,600095,27.72,27.32,27.83,27.0,585466,454162174.0,2.97,-2.18,-0.61,2.05
2024-01-29,600095,27.11,25.82,27.22,25.6,468523,352694921.0,5.93,-5.49,-1.5,1.64
2024-01-30,600095,25.35,25.68,26.39,25.28,346291,255341807.0,4.3,-0.54,-0.14,1.21
2024-01-31,600095,25.6,25.96,26.36,25.57,364418,268671775.0,3.08,1.09,0.28,1.27
2024-02-01,600095,25.75,24.89,25.89,24.28,405260,290399039.0,6.2,-4.12,-1.07,1.42
2024-02-02,600095,24.89,23.67,25.17,22.74,418782,286499716.0,9.76,-4.9,-1.22,1.46
2024-02-05,600095,23.42,22.63,23.67,21.91,382158,248540551.0,7.44,-4.39,-1.04,1.34
2024-02-06,600095,22.45,24.03,24.39,22.2,376465,250998960.0,9.68,6.19,1.4,1.32
2024-02-07,600095,24.03,24.67,25.07,23.96,397744,278480735.0,4.62,2.66,0.64,1.39
2024-02-08,600095,25.0,24.92,25.85,24.74,397262,285619585.0,4.5,1.01,0.25,1.39
2024-02-19,600095,25.1,24.96,25.14,24.35,281314,197987185.0,3.17,0.16,0.04,0.98
2024-02-20,600095,24.71,25.17,25.46,24.64,289611,206081443.0,3.29,0.84,0.21,1.01
2024-02-21,600095,24.92,25.25,25.78,24.82,392131,282844999.0,3.81,0.32,0.08,1.37
2024-02-22,600095,25.07,25.39,25.53,25.03,265192,190466156.0,1.98,0.55,0.14,0.93
2024-02-23,600095,25.42,25.5,25.6,25.17,290242,209131600.0,1.69,0.43,0.11,1.02
2024-02-26,600095,25.35,25.6,26.14,25.32,377369,275718208.0,3.22,0.39,0.1,1.32
2024-02-27,600095,25.5,26.07,26.07,25.39,311573,228124491.0,2.66,1.84,0.47,1.09
2024-02-28,600095,26.5,25.53,27.0,25.53,560979,421388475.0,5.64,-2.07,-0.54,1.96
2024-02-29,600095,25.35,26.21,26.25,25.28,335656,246807892.0,3.8,2.66,0.68,1.17
2024-03-01,600095,26.18,26.36,26.46,25.96,241585,179576034.0,1.91,0.57,0.15,0.84
2024-03-04,600095,26.61,26.64,27.22,26.32,467737,355812118.0,3.41,1.06,0.28,1.64
2024-03-05,600095,26.32,25.93,26.43,25.85,285909,211357963.0,2.18,-2.67,-0.71,1.0
2024-03-06,600095,25.75,25.96,26.36,25.6,206960,152439592.0,2.93,0.12,0.03,0.72
2024-03-07,600095,25.89,25.53,26.11,25.5,230753,168857840.0,2.35,-1.66,-0.43,0.81
2024-03-08,600095,25.5,25.53,25.68,25.21,199694,144281661.0,1.84,0.0,0.0,0.7
2024-03-11,600095,25.5,25.93,25.93,25.46,183883,134181816.0,1.84,1.57,0.4,0.64
2024-03-12,600095,26.03,26.11,26.32,25.93,221342,163917996.0,1.5,0.69,0.18,0.77
2024-03-13,600095,26.32,26.07,26.64,26.0,298842,222999954.0,2.45,-0.15,-0.04,1.05
2024-03-14,600095,25.82,25.82,26.07,25.6,205372,150610440.0,1.8,-0.96,-0.25,0.72
2024-03-15,600095,25.68,26.0,26.0,25.6,151500,111104743.0,1.55,0.7,0.18,0.53
2024-03-18,600095,26.21,26.36,26.57,26.03,324854,242316660.0,2.08,1.38,0.36,1.14
2024-03-19,600095,26.28,25.93,26.28,25.89,207881,153908358.0,1.48,-1.63,-0.43,0.73
2024-03-20,600095,25.96,26.03,26.11,25.82,194748,143586111.0,1.12,0.39,0.1,0.68
2024-03-21,600095,26.18,26.07,26.61,25.96,219545,163318480.0,2.5,0.15,0.04,0.77
2024-03-22,600095,25.96,25.32,26.03,25.32,238245,173155071.0,2.72,-2.88,-0.75,0.83
2024-03-25,600095,25.07,24.46,25.17,24.46,234763,165712214.0,2.8,-3.4,-0.86,0.82
2024-03-26,600095,24.46,24.6,24.64,24.28,161802,112583268.0,1.47,0.57,0.14,0.57
2024-03-27,600095,24.46,23.74,24.6,23.74,182082,124873209.0,3.5,-3.5,-0.86,0.64
2024-03-28,600095,23.78,24.03,24.28,23.78,164188,112222946.0,2.11,1.22,0.29,0.57
2024-03-29,600095,23.96,24.06,24.06,23.78,150292,102222011.0,1.17,0.12,0.03,0.53
2024-04-01,600095,24.57,24.39,24.71,24.24,183507,127153146.0,1.95,1.37,0.33,0.64
2024-04-02,600095,24.42,24.17,24.53,24.1,152853,105436954.0,1.76,-0.9,-0.22,0.53
2024-04-03,600095,24.17,24.14,24.31,24.03,119525,82069043.0,1.16,-0.12,-0.03,0.42
2024-04-08,600095,24.03,23.74,24.17,23.74,148160,100698022.0,1.78,-1.66,-0.4,0.52
2024-04-09,600095,23.85,23.85,23.92,23.71,89728,60742293.0,0.88,0.46,0.11,0.31
2024-04-10,600095,23.85,23.24,23.85,23.1,166604,110785376.0,3.14,-2.56,-0.61,0.58
2024-04-11,600095,23.13,23.45,23.49,23.06,150732,99865802.0,1.85,0.9,0.21,0.53
2024-04-12,600095,23.28,22.7,23.38,22.67,199010,129818912.0,3.03,-3.2,-0.75,0.7
2024-04-15,600095,22.77,23.71,23.71,22.42,345358,228798175.0,5.68,4.45,1.01,1.21
2024-04-16,600095,23.42,22.99,23.71,22.74,255373,168664957.0,4.09,-3.04,-0.72,0.89
2024-04-17,600095,22.99,23.63,23.63,22.92,195636,129947381.0,3.09,2.78,0.64,0.68
2024-04-18,600095,23.56,23.67,24.17,23.38,265708,179668688.0,3.34,0.17,0.04,0.93
2024-04-19,600095,23.45,23.31,23.74,23.2,168646,112426103.0,2.28,-1.52,-0.36,0.59
2024-04-22,600095,23.06,23.24,23.45,23.06,100227,66276528.0,1.67,-0.3,-0.07,0.35
2024-04-23,600095,23.31,23.49,23.49,23.17,121020,80229861.0,1.38,1.08,0.25,0.42
2024-04-24,600095,23.31,23.42,23.53,23.31,126880,84412137.0,0.94,-0.3,-0.07,0.44
2024-04-25,600095,23.42,23.45,23.56,23.31,118100,78774208.0,1.07,0.13,0.03,0.41
2024-04-26,600095,23.99,24.57,24.67,23.63,505776,347808735.0,4.43,4.78,1.12,1.77
2024-04-29,600095,24.46,24.92,25.1,24.31,456924,321969533.0,3.22,1.42,0.35,1.6
2024-04-30,600095,25.0,24.71,25.14,24.64,251795,177670203.0,2.01,-0.84,-0.21,0.88
2024-05-06,600095,25.07,24.74,25.17,24.6,230919,163263255.0,2.31,0.12,0.03,0.81
2024-05-07,600095,24.67,24.82,24.92,24.46,216333,151859069.0,1.86,0.32,0.08,0.76
2024-05-08,600095,24.78,24.49,24.82,24.46,133476,93279107.0,1.45,-1.33,-0.33,0.47
2024-05-09,600095,24.49,24.6,24.78,24.49,142215,99571950.0,1.18,0.45,0.11,0.5
2024-05-10,600095,24.6,24.67,24.78,24.46,144773,101348882.0,1.3,0.28,0.07,0.51
2024-05-13,600095,24.67,24.85,24.96,24.39,199329,140019606.0,2.31,0.73,0.18,0.7
2024-05-14,600095,24.74,24.85,24.89,24.57,150262,105551132.0,1.29,0.0,0.0,0.53
2024-05-15,600095,24.92,24.28,25.0,24.28,219441,152911650.0,2.9,-2.29,-0.57,0.77
2024-05-16,600095,24.42,24.28,24.6,24.14,152734,105863594.0,1.89,0.0,0.0,0.53
2024-05-17,600095,24.17,24.67,24.71,24.1,175473,121847222.0,2.51,1.61,0.39,0.61
2024-05-20,600095,24.67,24.71,24.96,24.64,174807,123099566.0,1.3,0.16,0.04,0.61
2024-05-21,600095,24.67,24.49,24.74,24.46,90671,63329405.0,1.13,-0.89,-0.22,0.32
2024-05-22,600095,24.46,24.64,24.67,24.42,103982,72653802.0,1.02,0.61,0.15,0.36
2024-05-23,600095,24.53,23.85,24.6,23.78,184162,126316802.0,3.33,-3.21,-0.79,0.64
2024-05-24,600095,23.88,23.49,24.06,23.42,115732,78019957.0,2.68,-1.51,-0.36,0.4
2024-05-27,600095,23.58,23.58,23.62,23.19,104899,69349832.0,1.83,0.38,0.09,0.37
2024-05-28,600095,23.58,23.94,24.87,23.33,333322,227676178.0,6.53,1.53,0.36,1.17
2024-05-29,600095,23.69,23.76,24.05,23.54,188014,126247986.0,2.13,-0.75,-0.18,0.66
2024-05-30,600095,23.65,23.58,23.72,23.4,135500,90260447.0,1.35,-0.76,-0.18,0.47
2024-05-31,600095,23.65,23.51,23.72,23.51,98164,65536450.0,0.89,-0.3,-0.07,0.34
2024-06-03,600095,23.4,23.01,23.47,22.83,175787,114895134.0,2.72,-2.13,-0.5,0.61
2024-06-04,600095,22.97,23.22,23.29,22.97,115003,75218411.0,1.39,0.91,0.21,0.4
2024-06-05,600095,23.22,23.26,23.51,23.15,105197,69469953.0,1.55,0.17,0.04,0.37
2024-06-06,600095,23.29,22.54,23.44,22.47,159223,102738478.0,4.17,-3.1,-0.72,0.56
2024-06-07,600095,22.61,22.47,22.79,21.79,195686,123987236.0,4.44,-0.31,-0.07,0.68
2024-06-11,600095,22.22,22.61,22.76,22.18,101439,64737098.0,2.58,0.62,0.14,0.35
2024-06-12,600095,22.54,22.54,22.72,22.51,80571,51549334.0,0.93,-0.31,-0.07,0.28
2024-06-13,600095,22.51,22.33,22.61,22.29,86429,54751929.0,1.42,-0.93,-0.21,0.3
2024-06-14,600095,22.36,22.72,22.9,22.11,191076,121693573.0,3.54,1.75,0.39,0.67
2024-06-17,600095,22.58,22.68,22.86,22.47,105667,67949910.0,1.72,-0.18,-0.04,0.37
2024-06-18,600095,22.68,22.83,22.94,22.65,95642,61783305.0,1.28,0.66,0.15,0.33
2024-06-19,600095,22.86,22.58,22.9,22.51,92530,59270222.0,1.71,-1.1,-0.25,0.32
2024-06-20,600095,22.58,21.93,22.61,21.93,111041,69876471.0,3.01,-2.88,-0.65,0.39
2024-06-21,600095,22.15,22.25,22.86,22.08,200706,127491194.0,3.56,1.46,0.32,0.7
2024-06-24,600095,22.0,21.72,22.22,21.54,159386,98662288.0,3.06,-2.38,-0.53,0.56
2024-06-25,600095,21.68,21.61,21.86,21.36,128299,78265916.0,2.3,-0.51,-0.11,0.45
2024-06-26,600095,21.54,21.93,21.93,21.39,115763,71094825.0,2.5,1.48,0.32,0.4
2024-06-27,600095,21.75,21.61,21.9,21.54,87187,53539922.0,1.64,-1.46,-0.32,0.3
2024-06-28,600095,21.54,21.04,21.79,20.93,195157,118203089.0,3.98,-2.64,-0.57,0.68
2024-07-01,600095,20.86,21.18,21.25,20.46,174665,103548005.0,3.75,0.67,0.14,0.61
2024-07-02,600095,21.14,21.07,21.39,21.04,92758,55701873.0,1.65,-0.52,-0.11,0.32
2024-07-03,600095,21.11,21.82,21.93,21.04,254076,155753283.0,4.22,3.56,0.75,0.89
2024-07-04,600095,21.72,21.32,21.79,21.22,162321,98601156.0,2.61,-2.29,-0.5,0.57
2024-07-05,600095,21.32,21.39,21.79,21.14,152506,92977146.0,3.05,0.33,0.07,0.53
2024-07-08,600095,21.22,20.54,21.29,20.39,155367,91285319.0,4.21,-3.97,-0.85,0.54
2024-07-09,600095,20.57,21.14,21.22,20.28,170510,100182948.0,4.58,2.92,0.6,0.6
2024-07-10,600095,20.96,21.14,21.5,20.93,121169,72920910.0,2.7,0.0,0.0,0.42
2024-07-11,600095,21.47,22.36,23.29,21.36,457641,292175227.0,9.13,5.77,1.22,1.6
2024-07-12,600095,22.04,21.75,22.15,21.68,268013,165635480.0,2.1,-2.73,-0.61,0.94
2024-07-15,600095,21.68,21.65,21.79,21.43,132467,80866569.0,1.66,-0.46,-0.1,0.46
2024-07-16,600095,21.54,21.54,21.86,21.47,127990,78229517.0,1.8,-0.51,-0.11,0.45
2024-07-17,600095,21.5,21.54,21.68,21.43,120787,73865004.0,1.16,0.0,0.0,0.42
2024-07-18,600095,21.5,21.72,21.72,21.14,134442,81647399.0,2.69,0.84,0.18,0.47
2024-07-19,600095,21.68,21.86,21.93,21.57,148573,91685021.0,1.66,0.64,0.14,0.52
2024-07-22,600095,21.97,21.82,22.25,21.61,167143,103495506.0,2.93,-0.18,-0.04,0.58
2024-07-23,600095,21.72,21.39,22.04,21.18,149171,91614437.0,3.94,-1.97,-0.43,0.52
2024-07-24,600095,21.39,21.0,21.43,21.0,123012,73794536.0,2.01,-1.82,-0.39,0.43
2024-07-25,600095,21.0,21.75,22.0,20.93,215436,131938135.0,5.1,3.57,0.75,0.75
2024-07-26,600095,21.72,21.97,22.22,21.54,184041,114430266.0,3.13,1.01,0.22,0.64
2024-07-29,600095,21.86,21.68,21.97,21.57,129588,79947437.0,1.82,-1.32,-0.29,0.45
2024-07-30,600095,21.68,21.93,22.04,21.65,136446,84627099.0,1.8,1.15,0.25,0.48
2024-07-31,600095,21.93,23.11,23.33,21.82,465648,300725891.0,6.89,5.38,1.18,1.63
2024-08-01,600095,22.83,22.97,23.19,22.83,270035,175738400.0,1.56,-0.61,-0.14,0.94
2024-08-02,600095,22.83,22.94,23.72,22.76,339245,223100582.0,4.18,-0.13,-0.03,1.19
2024-08-05,600095,22.86,25.26,25.26,22.79,1526752,1075901000.0,10.77,10.11,2.32,5.34
2024-08-06,600095,26.55,24.33,27.59,23.87,1576540,1146708120.0,14.73,-3.68,-0.93,5.51
2024-08-07,600095,24.12,23.11,24.55,22.97,1075072,710267032.0,6.49,-5.01,-1.22,3.76
2024-08-08,600095,22.9,22.76,23.37,22.65,653311,424061779.0,3.12,-1.51,-0.35,2.28
2024-08-09,600095,22.83,22.43,23.04,22.36,440612,282389589.0,2.99,-1.45,-0.33,1.54
2024-08-12,600095,22.36,22.15,22.47,21.86,266254,167184182.0,2.72,-1.25,-0.28,0.93
2024-08-13,600095,22.22,22.51,22.51,22.0,320842,202222199.0,2.3,1.63,0.36,1.12
2024-08-14,600095,22.29,22.54,22.79,22.25,324062,207007549.0,2.4,0.13,0.03,1.13
2024-08-15,600095,22.51,22.76,23.19,22.36,417827,269661178.0,3.68,0.98,0.22,1.46
2024-08-16,600095,22.51,22.33,22.65,22.25,271856,172533399.0,1.76,-1.89,-0.43,0.95
2024-08-19,600095,22.36,22.18,22.4,22.04,183439,115440038.0,1.61,-0.67,-0.15,0.64
2024-08-20,600095,22.22,21.79,22.22,21.72,224738,139146138.0,2.25,-1.76,-0.39,0.79
2024-08-21,600095,21.72,21.68,21.86,21.65,122711,75482886.0,0.96,-0.5,-0.11,0.43
2024-08-22,600095,21.72,21.0,21.82,20.96,218103,131518956.0,3.97,-3.14,-0.68,0.76
2024-08-23,600095,20.93,21.04,21.29,20.93,141523,84514543.0,1.71,0.19,0.04,0.49
2024-08-26,600095,21.07,21.0,21.14,20.89,115010,68476231.0,1.19,-0.19,-0.04,0.4
2024-08-27,600095,20.93,20.79,20.96,20.71,92575,54549953.0,1.19,-1.0,-0.21,0.32
2024-08-28,600095,20.79,21.04,21.11,20.75,95341,56570149.0,1.73,1.2,0.25,0.33
2024-08-29,600095,20.93,21.22,21.36,20.89,136615,82025704.0,2.23,0.86,0.18,0.48
2024-08-30,600095,20.82,21.32,21.65,20.5,421639,253920496.0,5.42,0.47,0.1,1.47
2024-09-02,600095,21.14,20.68,21.18,20.64,190592,112866387.0,2.53,-3.0,-0.64,0.67
2024-09-03,600095,20.68,20.82,20.93,20.64,98399,57935818.0,1.4,0.68,0.14,0.34
2024-09-04,600095,20.79,20.86,21.04,20.64,103644,61356484.0,1.92,0.19,0.04,0.36
2024-09-05,600095,20.89,21.07,21.11,20.82,110940,66048583.0,1.39,1.01,0.21,0.39
2024-09-06,600095,21.5,21.0,21.61,21.0,236939,143014346.0,2.9,-0.33,-0.07,0.83
2024-09-09,600095,20.82,21.11,21.25,20.5,170466,101625267.0,3.57,0.52,0.11,0.6
2024-09-10,600095,21.07,21.07,21.14,20.68,116300,68937231.0,2.18,-0.19,-0.04,0.41
2024-09-11,600095,20.96,21.0,21.18,20.89,76255,45421372.0,1.38,-0.33,-0.07,0.27
2024-09-12,600095,20.96,21.0,21.18,20.93,99216,59196483.0,1.19,0.0,0.0,0.35
2024-09-13,600095,21.04,20.82,21.22,20.82,136122,81078433.0,1.9,-0.86,-0.18,0.48
2024-09-18,600095,20.79,20.93,21.04,20.57,109672,64589969.0,2.26,0.53,0.11,0.38
2024-09-19,600095,21.04,21.22,21.47,20.89,209805,126006314.0,2.77,1.39,0.29,0.73
2024-09-20,600095,21.18,21.32,21.36,21.0,127581,76492879.0,1.7,0.47,0.1,0.45
2024-09-23,600095,21.36,21.25,21.36,21.18,103715,62492877.0,0.84,-0.33,-0.07,0.36
2024-09-24,600095,21.43,22.36,22.47,21.25,539722,336092833.0,5.74,5.22,1.11,1.89
2024-09-25,600095,22.61,22.54,23.33,22.51,717183,465546916.0,3.67,0.81,0.18,2.51
2024-09-26,600095,22.33,23.94,23.97,22.08,762261,499849554.0,8.39,6.21,1.4,2.67
2024-09-27,600095,24.62,25.77,25.84,24.19,790788,557964598.0,6.89,7.64,1.83,2.77
2024-09-30,600095,27.81,28.38,28.38,26.59,1351311,1063741825.0,6.95,10.13,2.61,4.73
2024-10-08,600095,31.25,31.25,31.25,29.03,1481901,1292469743.0,7.82,10.11,2.87,5.18
2024-10-09,600095,29.53,28.09,31.17,28.09,1342424,1111396404.0,9.86,-10.11,-3.16,4.7
2024-10-10,600095,28.13,26.66,28.88,26.02,828591,631533384.0,10.18,-5.09,-1.43,2.9
2024-10-11,600095,26.2,25.94,26.98,25.59,611148,452566524.0,5.21,-2.7,-0.72,2.14
2024-10-14,600095,26.12,26.3,26.48,25.01,516851,376699725.0,5.67,1.39,0.36,1.81
2024-10-15,600095,26.55,26.2,27.77,26.02,801667,611823286.0,6.65,-0.38,-0.1,2.8
2024-10-16,600095,25.19,25.84,26.45,25.19,534866,390043115.0,4.81,-1.37,-0.36,1.87
2024-10-17,600095,25.98,25.44,26.2,25.41,373537,272231624.0,3.06,-1.55,-0.4,1.31
2024-10-18,600095,25.37,26.55,27.56,25.12,742871,552262155.0,9.59,4.36,1.11,2.6
2024-10-21,600095,26.23,25.98,26.37,25.84,545440,401809336.0,2.0,-2.15,-0.57,1.91
2024-10-22,600095,25.98,26.09,26.27,25.8,345361,253496203.0,1.81,0.42,0.11,1.21
2024-10-23,600095,26.12,26.02,26.52,25.91,402462,298057390.0,2.34,-0.27,-0.07,1.41
2024-10-24,600095,25.87,25.94,26.09,25.69,277473,202957315.0,1.54,-0.31,-0.08,0.97
2024-10-25,600095,25.98,26.37,26.62,25.94,376323,279858984.0,2.62,1.66,0.43,1.32
2024-10-28,600095,26.55,26.8,26.95,26.37,436759,329604542.0,2.2,1.63,0.43,1.53
2024-10-29,600095,26.91,26.23,27.2,26.12,396891,297908354.0,4.03,-2.13,-0.57,1.39
2024-10-30,600095,26.2,26.3,26.52,25.94,301868,223433641.0,2.21,0.27,0.07,1.06
2024-10-31,600095,26.12,26.88,27.31,26.09,610543,463512176.0,4.64,2.21,0.58,2.14
2024-11-01,600095,26.88,26.27,27.23,26.2,455250,342943141.0,3.83,-2.27,-0.61,1.59
2024-11-04,600095,26.55,26.91,26.91,26.23,386894,291240160.0,2.59,2.44,0.64,1.35
2024-11-05,600095,26.91,28.09,28.17,26.66,746214,583210527.0,5.61,4.38,1.18,2.61
2024-11-06,600095,28.31,28.81,30.35,27.7,1189109,971370010.0,9.43,2.56,0.72,4.16
2024-11-07,600095,27.81,29.96,30.6,27.74,1344196,1108365641.0,9.93,3.99,1.15,4.7
2024-11-08,600095,30.31,29.03,30.57,28.92,992020,821145035.0,5.51,-3.1,-0.93,3.47
2024-11-11,600095,28.67,28.77,28.88,28.34,574372,463626637.0,1.86,-0.9,-0.26,2.01
2024-11-12,600095,28.85,28.13,28.95,27.84,494369,397151710.0,3.86,-2.22,-0.64,1.73
2024-11-13,600095,27.95,28.38,28.42,27.77,407018,323302891.0,2.31,0.89,0.25,1.42
2024-11-14,600095,28.38,27.63,28.63,27.56,323832,256139985.0,3.77,-2.64,-0.75,1.13
2024-11-15,600095,27.66,26.8,27.88,26.73,350094,270311819.0,4.16,-3.0,-0.83,1.22
2024-11-18,600095,26.77,26.59,27.13,26.27,335186,252446565.0,3.21,-0.78,-0.21,1.17
2024-11-19,600095,26.66,26.84,26.84,26.3,319842,240276632.0,2.03,0.94,0.25,1.12
2024-11-20,600095,26.73,26.84,27.02,26.52,318515,240881407.0,1.86,0.0,0.0,1.11
2024-11-21,600095,26.8,26.88,27.02,26.59,305468,231303017.0,1.6,0.15,0.04,1.07
2024-11-22,600095,26.8,25.66,27.23,25.55,383608,286573206.0,6.25,-4.54,-1.22,1.34
2024-11-25,600095,25.84,25.73,25.84,25.3,252507,182461657.0,2.1,0.27,0.07,0.88
2024-11-26,600095,25.62,25.73,26.12,25.55,240915,176040395.0,2.22,0.0,0.0,0.84
2024-11-27,600095,25.62,26.59,26.8,25.44,410126,303664659.0,5.29,3.34,0.86,1.43
2024-11-28,600095,26.52,26.34,26.7,26.3,221221,165336022.0,1.5,-0.94,-0.25,0.77
2024-11-29,600095,26.34,26.88,27.34,26.16,383027,290311904.0,4.48,2.05,0.54,1.34
2024-12-02,600095,26.88,27.63,27.74,26.66,431258,334422851.0,4.02,2.79,0.75,1.51
2024-12-03,600095,27.63,28.02,28.17,27.45,463282,364002725.0,2.61,1.41,0.39,1.62
2024-12-04,600095,27.59,27.34,27.91,27.16,346146,268889726.0,2.68,-2.43,-0.68,1.21
2024-12-05,600095,27.52,29.24,30.1,27.48,2444335,2032501310.0,9.58,6.95,1.9,8.55
2024-12-06,600095,28.38,28.24,28.92,27.52,1866890,1489545473.0,4.79,-3.42,-1.0,6.53
2024-12-09,600095,27.52,27.13,27.81,26.91,1006804,777116832.0,3.19,-3.93,-1.11,3.52
2024-12-10,600095,28.42,27.81,28.52,27.66,1067038,844086759.0,3.17,2.51,0.68,3.73
2024-12-11,600095,27.52,27.59,27.95,27.41,478102,373083990.0,1.94,-0.79,-0.22,1.67
2024-12-12,600095,27.59,28.09,28.27,27.38,603019,473997680.0,3.23,1.81,0.5,2.11
2024-12-13,600095,27.91,27.66,28.06,27.34,628683,491687704.0,2.56,-1.53,-0.43,2.2
2024-12-16,600095,27.45,26.98,27.63,26.77,362734,277905611.0,3.11,-2.46,-0.68,1.27
2024-12-17,600095,26.8,26.59,27.05,26.45,319008,240376912.0,2.22,-1.45,-0.39,1.12
2024-12-18,600095,26.66,26.37,26.77,26.3,269636,201406796.0,1.77,-0.83,-0.22,0.94
2024-12-19,600095,26.12,26.48,26.59,26.05,242391,180174121.0,2.05,0.42,0.11,0.85
2024-12-20,600095,26.48,26.84,27.2,26.41,303178,229830859.0,2.98,1.36,0.36,1.06
2024-12-23,600095,26.91,25.94,26.91,25.91,319733,237993165.0,3.73,-3.35,-0.9,1.12
2024-12-24,600095,25.98,27.16,27.59,25.98,586804,445215382.0,6.21,4.7,1.22,2.05
2024-12-25,600095,27.09,26.8,27.16,26.37,356629,269650416.0,2.91,-1.33,-0.36,1.25
2024-12-26,600095,26.84,26.95,27.02,26.7,240330,182258521.0,1.19,0.56,0.15,0.84
2024-12-27,600095,26.84,26.98,27.45,26.84,387712,296503748.0,2.26,0.11,0.03,1.36
2024-12-30,600095,26.88,27.02,27.05,26.7,248223,188312320.0,1.3,0.15,0.04,0.87
2024-12-31,600095,27.05,25.48,27.05,25.48,450970,332305362.0,5.81,-5.7,-1.54,1.58
2025-01-02,600095,25.41,24.65,25.59,24.4,393958,279214911.0,4.67,-3.26,-0.83,1.38
2025-01-03,600095,24.65,23.72,24.83,23.62,317160,215848904.0,4.91,-3.77,-0.93,1.11
2025-01-06,600095,23.69,23.9,24.08,23.51,191995,129240183.0,2.4,0.76,0.18,0.67
2025-01-07,600095,23.83,24.08,24.08,23.65,179510,121362092.0,1.8,0.75,0.18,0.63
2025-01-08,600095,24.01,23.83,24.01,23.26,264035,176574733.0,3.11,-1.04,-0.25,0.92
2025-01-09,600095,23.72,23.72,24.01,23.69,133231,89794247.0,1.34,-0.46,-0.11,0.47
2025-01-10,600095,23.72,23.04,23.9,22.97,199074,132134099.0,3.92,-2.87,-0.68,0.7
2025-01-13,600095,22.9,23.19,23.22,22.72,152091,99240549.0,2.17,0.65,0.15,0.53
2025-01-14,600095,23.26,23.97,24.08,23.19,274743,184695352.0,3.84,3.36,0.78,0.96
2025-01-15,600095,23.87,23.87,24.05,23.65,164877,111248074.0,1.67,-0.42,-0.1,0.58
2025-01-16,600095,23.87,23.72,24.22,23.54,211728,142856474.0,2.85,-0.63,-0.15,0.74
2025-01-17,600095,23.72,23.72,23.83,23.54,154476,103553836.0,1.22,0.0,0.0,0.54
2025-01-20,600095,23.79,23.72,24.12,23.62,170318,114727480.0,2.11,0.0,0.0,0.6
2025-01-21,600095,23.87,23.69,23.87,23.44,149875,100252243.0,1.81,-0.13,-0.03,0.52
2025-01-22,600095,23.69,23.54,23.72,23.4,122135,81233430.0,1.35,-0.63,-0.15,0.43
2025-01-23,600095,23.97,23.58,24.4,23.58,298677,202489339.0,3.48,0.17,0.04,1.04
2025-01-24,600095,23.47,23.76,23.87,23.4,187541,125711827.0,1.99,0.76,0.18,0.66
2025-01-27,600095,23.94,23.04,23.97,23.04,213212,141524243.0,3.91,-3.03,-0.72,0.75
2025-02-05,600095,23.26,23.4,23.47,23.08,153667,101420503.0,1.69,1.56,0.36,0.54
2025-02-06,600095,23.33,23.87,23.94,23.19,203205,136225668.0,3.21,2.01,0.47,0.71
2025-02-07,600095,23.94,24.4,24.8,23.76,383536,264032707.0,4.36,2.22,0.53,1.34
2025-02-10,600095,24.48,24.69,24.83,24.3,245677,171001324.0,2.17,1.19,0.29,0.86
2025-02-11,600095,24.69,24.48,24.69,24.15,205124,141357816.0,2.19,-0.85,-0.21,0.72
2025-02-12,600095,24.4,24.8,24.83,24.3,228640,158842750.0,2.17,1.31,0.32,0.8
2025-02-13,600095,24.73,24.73,24.98,24.58,273454,191406724.0,1.61,-0.28,-0.07,0.96
2025-02-14,600095,24.55,24.69,24.87,24.51,176047,122785671.0,1.46,-0.16,-0.04,0.62
2025-02-17,600095,25.08,24.69,25.08,24.48,208242,145561464.0,2.43,0.0,0.0,0.73
2025-02-18,600095,24.62,24.05,24.65,23.87,206219,141537775.0,3.16,-2.59,-0.64,0.72
2025-02-19,600095,23.97,24.26,24.4,23.94,160788,109947943.0,1.91,0.87,0.21,0.56
2025-02-20,600095,24.26,24.26,24.44,23.97,155929,106901991.0,1.94,0.0,0.0,0.55
2025-02-21,600095,24.33,24.76,24.91,23.97,410063,283905720.0,3.87,2.06,0.5,1.43
2025-02-24,600095,24.62,24.48,24.8,24.33,227466,157875494.0,1.9,-1.13,-0.28,0.8
2025-02-25,600095,24.26,24.19,24.4,24.15,155035,106386005.0,1.02,-1.18,-0.29,0.54
2025-02-26,600095,24.19,24.65,24.69,24.15,263911,181830945.0,2.23,1.9,0.46,0.92
2025-02-27,600095,24.51,24.51,24.76,24.08,329061,227288743.0,2.76,-0.57,-0.14,1.15
2025-02-28,600095,24.4,23.79,24.73,23.69,266687,181908550.0,4.24,-2.94,-0.72,0.93
2025-03-03,600095,23.79,23.69,24.08,23.58,185579,125200394.0,2.1,-0.42,-0.1,0.65
2025-03-04,600095,23.58,23.94,24.01,23.58,158616,107027526.0,1.82,1.06,0.25,0.55
2025-03-05,600095,23.94,23.76,24.01,23.58,141878,95249727.0,1.8,-0.75,-0.18,0.5
2025-03-06,600095,23.87,24.26,24.33,23.79,263112,179642956.0,2.27,2.1,0.5,0.92
2025-03-07,600095,24.19,23.79,24.19,23.72,201505,136141420.0,1.94,-1.94,-0.47,0.7
2025-03-10,600095,23.72,23.72,23.83,23.58,143478,96099876.0,1.05,-0.29,-0.07,0.5
2025-03-11,600095,23.54,23.79,23.83,23.44,141465,94697183.0,1.64,0.3,0.07,0.49
2025-03-12,600095,23.87,23.87,24.15,23.72,196286,132733564.0,1.81,0.34,0.08,0.69
2025-03-13,600095,23.83,23.76,24.05,23.54,167184,112216561.0,2.14,-0.46,-0.11,0.58
2025-03-14,600095,23.76,24.37,24.62,23.65,412606,283069665.0,4.08,2.57,0.61,1.44
2025-03-31,600095,26.84,26.84,26.84,26.84,133725,101363489.0,0.0,10.14,2.47,0.47
2025-04-01,600095,29.56,27.09,29.56,26.88,2131015,1692229545.0,9.99,0.93,0.25,7.45
2025-04-02,600095,26.3,29.2,29.85,26.3,2544807,2082089400.0,13.1,7.79,2.11,8.9
2025-04-03,600095,28.77,29.74,31.68,28.7,2337342,1998363073.0,10.21,1.85,0.54,8.17
2025-04-07,600095,27.91,32.11,32.75,27.91,3101628,2661121707.0,16.27,7.97,2.37,10.85
2025-04-08,600095,31.21,31.25,33.25,30.24,2935892,2623578124.0,9.37,-2.68,-0.86,10.27
2025-04-09,600095,30.49,31.1,32.82,28.09,2464775,2142600342.0,15.14,-0.48,-0.15,8.62
2025-04-10,600095,30.49,30.78,32.64,30.17,2336697,2059184186.0,7.94,-1.03,-0.32,8.17
2025-04-11,600095,30.17,29.71,30.92,29.42,1660383,1406927369.0,4.87,-3.48,-1.07,5.81
2025-04-14,600095,29.45,29.42,29.71,28.88,1272248,1053439699.0,2.79,-0.98,-0.29,4.45
2025-04-15,600095,29.42,28.77,29.49,28.42,901311,732377251.0,3.64,-2.21,-0.65,3.15
2025-04-16,600095,28.67,28.31,28.74,27.91,693491,553464187.0,2.88,-1.6,-0.46,2.43
2025-04-17,600095,28.06,28.85,29.96,28.02,1299838,1065964447.0,6.85,1.91,0.54,4.55
2025-04-18,600095,28.95,28.92,29.31,28.27,986708,800408414.0,3.6,0.24,0.07,3.45
2025-04-21,600095,28.45,29.2,29.38,28.45,852930,695829487.0,3.22,0.97,0.28,2.98
2025-04-22,600095,28.99,29.85,30.74,28.74,1535048,1282707525.0,6.85,2.23,0.65,5.37
2025-04-23,600095,29.96,29.88,30.57,29.28,1256857,1054456369.0,4.32,0.1,0.03,4.4
2025-04-24,600095,29.56,28.45,29.6,28.42,998246,815504829.0,3.95,-4.79,-1.43,3.49
2025-04-25,600095,28.67,29.67,30.71,28.45,1804958,1519180639.0,7.94,4.29,1.22,6.31
