日期,股票代码,开盘,收盘,最高,最低,成交量,成交额,振幅,涨跌幅,涨跌额,换手率
2017-06-30,603801,33.8,33.8,33.8,33.8,365,1235255.0,0.0,44.01,10.33,0.09
2017-07-03,603801,37.18,37.18,37.18,37.18,137,509366.0,0.0,10.0,3.38,0.03
2017-07-04,603801,40.9,40.9,40.9,40.9,354,1446224.0,0.0,10.01,3.72,0.09
2017-07-05,603801,44.99,44.99,44.99,44.99,1039,4673651.0,0.0,10.0,4.09,0.26
2017-07-06,603801,49.49,48.42,49.49,46.76,206387,993988448.0,6.07,7.62,3.43,51.6
2017-07-07,603801,47.69,47.55,49.49,47.18,149867,723082080.0,4.77,-1.8,-0.87,37.47
2017-07-10,603801,45.35,43.16,45.99,42.8,127148,562299792.0,6.71,-9.23,-4.39,31.79
2017-07-11,603801,43.14,44.96,46.51,43.14,101775,458957968.0,7.81,4.17,1.8,25.44
2017-07-12,603801,44.32,44.51,45.12,43.17,52944,232798471.0,4.34,-1.0,-0.45,13.24
2017-07-13,603801,44.3,42.9,44.58,42.87,47241,205664226.0,3.84,-3.62,-1.61,11.81
2017-07-14,603801,42.28,42.16,43.49,41.89,36491,155218485.0,3.73,-1.72,-0.74,9.12
2017-07-17,603801,41.92,41.44,43.43,38.15,60418,249083896.0,12.52,-1.71,-0.72,15.1
2017-07-18,603801,40.8,42.25,42.39,40.2,32488,135394319.0,5.28,1.95,0.81,8.12
2017-07-19,603801,41.98,42.45,43.25,41.81,33725,144139026.0,3.41,0.47,0.2,8.43
2017-07-20,603801,42.65,42.43,43.0,42.0,26182,111001218.0,2.36,-0.05,-0.02,6.55
2017-07-21,603801,42.37,42.29,42.76,42.01,16884,71627815.0,1.77,-0.33,-0.14,4.22
2017-07-24,603801,42.22,43.71,44.2,42.02,28951,125776603.0,5.15,3.36,1.42,7.24
2017-07-25,603801,43.74,42.95,44.09,42.88,21296,92262806.0,2.77,-1.74,-0.76,5.32
2017-07-26,603801,42.95,43.1,43.3,42.01,19743,84241925.0,3.0,0.35,0.15,4.94
2017-07-27,603801,42.78,43.95,44.39,42.78,29360,128769251.0,3.74,1.97,0.85,7.34
2017-07-28,603801,43.6,44.11,44.98,43.51,25097,111489215.0,3.34,0.36,0.16,6.27
2017-07-31,603801,44.11,43.72,44.77,42.86,26447,116641351.0,4.33,-0.88,-0.39,6.61
2017-08-01,603801,43.41,43.42,44.11,42.9,22300,96727933.0,2.77,-0.69,-0.3,5.57
2017-08-02,603801,43.2,42.76,43.7,42.0,23756,101158288.0,3.92,-1.52,-0.66,5.94
2017-08-03,603801,42.46,42.54,42.84,42.0,9584,40658893.0,1.96,-0.51,-0.22,2.4
2017-08-04,603801,42.43,41.55,42.83,41.08,19909,83084297.0,4.11,-2.33,-0.99,4.98
2017-08-07,603801,41.18,40.98,41.78,40.52,15465,63578298.0,3.03,-1.37,-0.57,3.87
2017-08-08,603801,41.3,41.0,41.37,40.82,7107,29164433.0,1.34,0.05,0.02,1.78
2017-08-09,603801,41.19,41.38,41.8,40.9,6508,26943331.0,2.2,0.93,0.38,1.63
2017-08-10,603801,41.38,41.05,41.62,40.82,7149,29488387.0,1.93,-0.8,-0.33,1.79
2017-08-11,603801,40.8,41.0,41.28,40.78,6621,27179380.0,1.22,-0.12,-0.05,1.66
2017-08-14,603801,41.07,41.63,41.8,41.07,6749,28087848.0,1.78,1.54,0.63,1.69
2017-08-15,603801,41.69,41.71,41.98,41.33,6212,25894215.0,1.56,0.19,0.08,1.55
2017-08-16,603801,41.83,41.89,41.99,41.5,8661,36193939.0,1.17,0.43,0.18,2.17
2017-08-17,603801,41.83,41.69,42.0,41.57,6250,26075880.0,1.03,-0.48,-0.2,1.56
2017-08-18,603801,41.6,41.48,41.78,41.02,6082,25185445.0,1.82,-0.5,-0.21,1.52
2017-08-21,603801,41.31,41.71,42.0,41.31,6661,27810330.0,1.66,0.55,0.23,1.67
2017-08-22,603801,41.87,41.55,41.95,41.48,4114,17148322.0,1.13,-0.38,-0.16,1.03
2017-08-23,603801,41.7,41.68,41.87,41.38,5034,20935115.0,1.18,0.31,0.13,1.26
2017-08-24,603801,41.62,41.3,41.82,41.13,8388,34849974.0,1.66,-0.91,-0.38,2.1
2017-08-25,603801,41.48,41.91,41.94,41.1,9183,38265991.0,2.03,1.48,0.61,2.3
2017-08-28,603801,42.0,43.71,44.42,41.96,22149,96519408.0,5.87,4.29,1.8,5.54
2017-08-29,603801,43.2,43.63,44.65,42.91,25910,113690567.0,3.98,-0.18,-0.08,6.48
2017-08-30,603801,43.25,43.13,44.38,43.01,15504,67581421.0,3.14,-1.15,-0.5,3.88
2017-08-31,603801,43.45,44.12,44.16,43.02,22774,99542244.0,2.64,2.3,0.99,5.69
2017-09-01,603801,44.36,43.63,44.97,43.2,18812,82704601.0,4.01,-1.11,-0.49,4.7
2017-09-04,603801,43.36,42.32,43.36,41.96,23974,101850310.0,3.21,-3.0,-1.31,5.99
2017-09-05,603801,42.1,42.24,42.4,41.79,10181,42896974.0,1.44,-0.19,-0.08,2.55
2017-09-06,603801,42.18,42.0,42.18,41.51,12516,52454927.0,1.59,-0.57,-0.24,3.13
2017-09-07,603801,41.91,42.0,43.18,41.91,15929,67804583.0,3.02,0.0,0.0,3.98
2017-09-08,603801,42.0,41.94,42.34,41.56,9012,37713738.0,1.86,-0.14,-0.06,2.25
2017-09-11,603801,41.85,42.74,42.79,41.81,9846,41871430.0,2.34,1.91,0.8,2.46
2017-09-12,603801,42.9,42.33,43.0,42.2,11598,49270605.0,1.87,-0.96,-0.41,2.9
2017-09-13,603801,42.2,42.3,42.48,41.9,7478,31516792.0,1.37,-0.07,-0.03,1.87
2017-09-14,603801,42.3,42.52,42.65,42.1,7484,31750973.0,1.3,0.52,0.22,1.87
2017-09-15,603801,42.5,43.03,43.3,42.31,16565,71134408.0,2.33,1.2,0.51,4.14
2017-09-18,603801,42.83,43.82,44.0,42.7,15659,68146899.0,3.02,1.84,0.79,3.91
2017-09-19,603801,43.77,43.11,43.91,42.83,12139,52522959.0,2.46,-1.62,-0.71,3.03
2017-09-20,603801,43.03,42.92,43.3,42.86,10500,45202630.0,1.02,-0.44,-0.19,2.63
2017-09-21,603801,43.14,42.11,43.2,42.02,12960,55255229.0,2.75,-1.89,-0.81,3.24
2017-09-22,603801,41.85,42.16,42.4,41.6,10813,45397054.0,1.9,0.12,0.05,2.7
2017-09-25,603801,42.05,42.07,42.45,41.72,5886,24853428.0,1.73,-0.21,-0.09,1.47
2017-09-26,603801,42.41,41.33,42.41,41.2,12330,51528770.0,2.88,-1.76,-0.74,3.08
2017-09-27,603801,41.42,41.66,41.81,41.3,4481,18652307.0,1.23,0.8,0.33,1.12
2017-09-28,603801,41.57,41.61,41.87,41.51,3925,16358301.0,0.86,-0.12,-0.05,0.98
2017-09-29,603801,41.66,41.84,41.97,41.6,3619,15120693.0,0.89,0.55,0.23,0.9
2017-10-09,603801,42.0,42.88,43.88,41.95,11591,49994482.0,4.61,2.49,1.04,2.9
2017-10-10,603801,42.6,44.25,44.66,42.6,23459,102904168.0,4.8,3.19,1.37,5.86
2017-10-11,603801,44.31,45.62,46.37,43.84,27725,125231921.0,5.72,3.1,1.37,6.93
2017-10-12,603801,45.62,45.22,45.62,44.37,14920,66914391.0,2.74,-0.88,-0.4,3.73
2017-10-13,603801,45.3,44.83,46.78,44.75,20560,93983505.0,4.49,-0.86,-0.39,5.14
2017-10-16,603801,45.3,45.39,46.46,44.56,14943,68006490.0,4.24,1.25,0.56,3.74
2017-10-17,603801,45.02,46.26,46.52,44.57,14274,65458061.0,4.3,1.92,0.87,3.57
2017-10-18,603801,46.2,46.1,47.47,45.68,15355,71606542.0,3.87,-0.35,-0.16,3.84
2017-10-19,603801,46.2,46.91,47.04,45.69,10616,49415003.0,2.93,1.76,0.81,2.65
2017-10-20,603801,46.65,45.96,46.99,45.55,7856,36168944.0,3.07,-2.03,-0.95,1.96
2017-10-23,603801,45.96,47.64,47.77,45.82,12747,59858124.0,4.24,3.66,1.68,3.19
2017-10-24,603801,47.69,46.79,47.7,45.98,13084,61505497.0,3.61,-1.78,-0.85,3.27
2017-10-25,603801,46.9,48.04,48.41,46.23,12276,58771229.0,4.66,2.67,1.25,3.07
2017-10-26,603801,48.3,48.69,49.28,47.58,16256,78657712.0,3.54,1.35,0.65,4.06
2017-10-27,603801,48.69,51.42,52.46,48.69,29687,150622572.0,7.74,5.61,2.73,7.42
2017-10-30,603801,51.49,51.6,52.5,51.01,28253,146251734.0,2.9,0.35,0.18,7.06
2017-10-31,603801,51.55,51.28,51.85,50.15,13885,70835756.0,3.29,-0.62,-0.32,3.47
2017-11-01,603801,51.28,51.6,51.68,50.77,15636,80030455.0,1.77,0.62,0.32,3.91
2017-11-02,603801,51.0,50.05,51.5,49.88,18236,91739107.0,3.14,-3.0,-1.55,4.56
2017-11-03,603801,49.6,48.64,50.53,48.4,15838,78168236.0,4.26,-2.82,-1.41,3.96
2017-11-06,603801,48.98,50.61,51.0,48.8,15442,77172405.0,4.52,4.05,1.97,3.86
2017-11-07,603801,50.9,51.07,51.38,49.6,10685,54302393.0,3.52,0.91,0.46,2.67
2017-11-08,603801,50.89,50.54,51.7,50.3,8656,44272780.0,2.74,-1.04,-0.53,2.16
2017-11-09,603801,51.03,52.24,52.3,50.33,13324,68580249.0,3.9,3.36,1.7,3.33
2017-11-10,603801,52.08,52.21,53.2,51.93,10498,55111210.0,2.43,-0.06,-0.03,2.62
2017-11-13,603801,52.09,55.06,55.38,52.0,14803,79818607.0,6.47,5.46,2.85,3.7
2017-11-14,603801,55.21,53.42,55.21,52.98,13322,71827812.0,4.05,-2.98,-1.64,3.33
2017-11-15,603801,53.23,54.71,55.16,52.82,12861,69621187.0,4.38,2.41,1.29,3.22
2017-11-16,603801,54.72,56.47,58.8,54.7,14462,81932518.0,7.49,3.22,1.76,3.62
2017-11-17,603801,55.8,54.56,56.48,53.5,13581,74573413.0,5.28,-3.38,-1.91,3.4
2017-11-20,603801,54.4,55.9,55.99,53.52,10378,57260824.0,4.53,2.46,1.34,2.59
2017-11-21,603801,55.81,53.74,56.79,52.7,18380,99654929.0,7.32,-3.86,-2.16,4.59
2017-11-22,603801,53.3,52.9,53.78,52.02,11265,59618262.0,3.28,-1.56,-0.84,2.82
2017-11-23,603801,52.8,49.48,52.8,49.42,14617,74104958.0,6.39,-6.47,-3.42,3.65
2017-11-24,603801,48.41,49.36,50.47,48.4,9414,46576059.0,4.18,-0.24,-0.12,2.35
2017-11-27,603801,49.21,48.25,49.98,48.0,7957,39035871.0,4.01,-2.25,-1.11,1.99
2017-11-28,603801,48.49,50.36,50.38,48.25,8763,43546532.0,4.41,4.37,2.11,2.19
2017-11-29,603801,50.6,49.96,50.94,49.68,6205,31171317.0,2.5,-0.79,-0.4,1.55
2017-11-30,603801,50.25,49.4,50.58,49.21,6274,31211971.0,2.74,-1.12,-0.56,1.57
2017-12-01,603801,48.98,50.58,50.78,48.98,6183,31107829.0,3.64,2.39,1.18,1.55
2017-12-04,603801,50.49,48.11,50.49,48.01,10624,52056727.0,4.9,-4.88,-2.47,2.66
2017-12-05,603801,48.05,47.97,48.98,47.6,7114,34288941.0,2.87,-0.29,-0.14,1.78
2017-12-06,603801,48.0,48.34,48.7,47.03,6644,31768304.0,3.48,0.77,0.37,1.66
2017-12-07,603801,48.35,48.0,48.8,48.0,4504,21765041.0,1.65,-0.7,-0.34,1.13
2017-12-08,603801,48.29,48.37,48.88,47.63,10101,48876498.0,2.6,0.77,0.37,2.53
2017-12-11,603801,48.75,49.95,50.1,48.51,8452,41768135.0,3.29,3.27,1.58,2.11
2017-12-12,603801,49.9,48.29,50.39,48.2,10556,51919146.0,4.38,-3.32,-1.66,2.64
2017-12-13,603801,48.5,49.19,49.36,48.1,7677,37383544.0,2.61,1.86,0.9,1.92
2017-12-14,603801,49.48,50.49,51.28,48.83,13088,65874661.0,4.98,2.64,1.3,3.27
2017-12-15,603801,51.0,50.76,52.5,50.5,13966,71881561.0,3.96,0.53,0.27,3.49
2017-12-18,603801,50.6,50.76,52.3,50.04,9545,48500912.0,4.45,0.0,0.0,2.39
2017-12-19,603801,50.8,53.03,53.69,50.52,20690,107950025.0,6.25,4.47,2.27,5.17
2017-12-20,603801,52.5,52.98,53.37,52.2,9850,52010586.0,2.21,-0.09,-0.05,2.46
2017-12-21,603801,53.0,54.08,55.49,52.68,14904,80814956.0,5.3,2.08,1.1,3.73
2017-12-22,603801,54.08,54.3,54.79,53.75,7183,38967332.0,1.92,0.41,0.22,1.8
2017-12-25,603801,54.2,52.88,54.68,52.62,9827,52460374.0,3.79,-2.62,-1.42,2.46
2017-12-26,603801,52.88,53.23,54.0,52.79,12774,68119658.0,2.29,0.66,0.35,3.19
2017-12-27,603801,53.2,51.79,53.45,50.91,10823,56571682.0,4.77,-2.71,-1.44,2.71
2017-12-28,603801,51.82,51.8,52.35,51.2,8411,43566333.0,2.22,0.02,0.01,2.1
2017-12-29,603801,51.99,51.68,52.24,51.24,5028,26011170.0,1.93,-0.23,-0.12,1.26
2018-01-02,603801,52.0,52.14,53.18,51.7,15824,82799415.0,2.86,0.89,0.46,3.96
2018-01-03,603801,52.01,51.63,52.4,51.16,16836,87052604.0,2.38,-0.98,-0.51,4.21
2018-01-04,603801,51.72,54.01,54.14,51.39,18398,97230814.0,5.33,4.61,2.38,4.6
2018-01-05,603801,54.0,53.86,54.88,53.52,17269,93467104.0,2.52,-0.28,-0.15,4.32
2018-01-08,603801,54.15,54.52,55.0,53.82,14141,76803509.0,2.19,1.23,0.66,3.54
2018-01-09,603801,54.26,55.91,56.27,54.26,12526,69527482.0,3.69,2.55,1.39,3.13
2018-01-10,603801,55.19,55.08,56.3,54.9,14945,83009807.0,2.5,-1.48,-0.83,3.74
2018-01-11,603801,55.4,53.91,55.73,53.6,14087,76918201.0,3.87,-2.12,-1.17,3.52
2018-01-12,603801,54.15,54.52,54.8,53.96,7245,39396326.0,1.56,1.13,0.61,1.81
2018-01-15,603801,54.5,55.27,56.08,54.3,15698,86917858.0,3.26,1.38,0.75,3.92
2018-01-16,603801,55.26,56.08,56.67,54.63,14620,81812882.0,3.69,1.47,0.81,3.66
2018-01-17,603801,55.87,55.68,57.0,55.01,10315,57593040.0,3.55,-0.71,-0.4,2.58
2018-01-18,603801,55.98,57.04,57.39,55.69,15126,85685308.0,3.05,2.44,1.36,3.78
2018-01-19,603801,57.3,56.55,57.6,56.2,9957,56571413.0,2.45,-0.86,-0.49,2.49
2018-01-22,603801,56.53,55.98,56.54,55.01,13971,78075829.0,2.71,-1.01,-0.57,3.49
2018-01-23,603801,55.62,56.03,56.66,55.61,8965,50271231.0,1.88,0.09,0.05,2.24
2018-01-24,603801,55.7,54.94,56.0,54.53,12235,67337984.0,2.62,-1.95,-1.09,3.06
2018-01-25,603801,54.95,54.92,55.45,54.65,8027,44146087.0,1.46,-0.04,-0.02,2.01
2018-01-26,603801,54.88,55.89,55.98,54.7,10264,57017100.0,2.33,1.77,0.97,2.57
2018-01-29,603801,55.88,55.11,56.83,54.85,10512,58647498.0,3.54,-1.4,-0.78,2.63
2018-01-30,603801,55.16,54.93,56.28,54.57,8395,46586156.0,3.1,-0.33,-0.18,2.1
2018-01-31,603801,54.9,58.0,58.78,54.63,22720,130027202.0,7.56,5.59,3.07,5.68
2018-02-01,603801,58.01,58.38,59.48,56.9,17957,104599664.0,4.45,0.66,0.38,4.49
2018-02-02,603801,57.5,59.04,59.18,56.5,12340,71578816.0,4.59,1.13,0.66,3.08
2018-02-05,603801,58.01,58.24,59.15,57.55,11869,69333493.0,2.71,-1.36,-0.8,2.97
2018-02-06,603801,57.0,52.92,57.32,52.42,23482,128037043.0,8.41,-9.13,-5.32,5.87
2018-02-07,603801,54.1,52.49,54.98,50.22,14115,75401376.0,8.99,-0.81,-0.43,3.53
2018-02-08,603801,52.5,53.75,53.78,51.51,6907,36637238.0,4.32,2.4,1.26,1.73
2018-02-09,603801,51.7,51.89,53.95,50.0,16629,86910433.0,7.35,-3.46,-1.86,4.16
2018-02-12,603801,53.0,55.94,56.66,52.56,17033,93510035.0,7.9,7.8,4.05,4.26
2018-02-13,603801,56.77,60.1,60.2,56.77,19509,115230912.0,6.13,7.44,4.16,4.88
2018-02-14,603801,60.1,61.8,62.33,59.28,16126,99092216.0,5.07,2.83,1.7,4.03
2018-02-22,603801,61.8,62.58,64.19,61.25,12804,80489051.0,4.76,1.26,0.78,3.2
2018-02-23,603801,62.13,61.51,63.38,61.33,11519,71316712.0,3.28,-1.71,-1.07,2.88
2018-02-26,603801,62.24,61.81,62.99,60.53,10690,65874977.0,4.0,0.49,0.3,2.67
2018-02-27,603801,62.12,60.14,62.94,59.54,20862,126186752.0,5.5,-2.7,-1.67,5.22
2018-02-28,603801,59.24,60.16,60.69,59.15,12252,73708905.0,2.56,0.03,0.02,3.06
2018-03-01,603801,60.28,60.96,61.77,59.84,12252,74475963.0,3.21,1.33,0.8,3.06
2018-03-02,603801,60.41,62.72,63.0,60.03,10028,61858343.0,4.87,2.89,1.76,2.51
2018-03-05,603801,62.11,63.24,64.48,62.11,12842,81572738.0,3.78,0.83,0.52,3.21
2018-03-06,603801,62.88,63.29,63.7,62.66,9420,59382604.0,1.64,0.08,0.05,2.36
2018-03-07,603801,63.0,62.52,63.0,61.9,6564,40999381.0,1.74,-1.22,-0.77,1.64
2018-03-08,603801,62.9,64.87,64.95,61.96,9884,62605531.0,4.78,3.76,2.35,2.47
2018-03-09,603801,65.3,65.87,66.7,64.06,10272,67314236.0,4.07,1.54,1.0,2.57
2018-03-12,603801,65.9,65.83,66.66,65.01,7064,46408479.0,2.5,-0.06,-0.04,1.77
2018-03-13,603801,65.83,68.0,68.03,65.7,8438,56901633.0,3.54,3.3,2.17,2.11
2018-03-14,603801,67.99,68.28,68.67,67.18,9725,66035471.0,2.19,0.41,0.28,2.43
2018-03-15,603801,68.28,67.16,69.0,66.6,9203,62117551.0,3.51,-1.64,-1.12,2.3
2018-03-16,603801,66.34,67.73,68.55,65.66,11923,80400776.0,4.3,0.85,0.57,2.98
2018-03-19,603801,68.15,69.8,70.72,68.0,12276,85378470.0,4.02,3.06,2.07,3.07
2018-03-20,603801,69.14,69.76,70.73,68.5,7818,54489117.0,3.19,-0.06,-0.04,1.95
2018-03-21,603801,69.12,68.8,69.5,67.55,9323,64067974.0,2.8,-1.38,-0.96,2.33
2018-03-22,603801,68.54,68.2,69.48,68.01,6097,41864689.0,2.14,-0.87,-0.6,1.52
2018-03-23,603801,65.98,67.19,69.25,65.1,14751,99259423.0,6.09,-1.48,-1.01,3.69
2018-03-26,603801,65.05,67.76,67.99,65.05,15833,106097752.0,4.38,0.85,0.57,3.96
2018-03-27,603801,68.5,66.93,68.91,65.71,14155,95242629.0,4.72,-1.22,-0.83,3.54
2018-03-28,603801,66.14,65.08,66.58,64.8,12319,80561971.0,2.66,-2.76,-1.85,3.08
2018-03-29,603801,65.2,65.66,66.2,62.53,12171,78490198.0,5.64,0.89,0.58,3.04
2018-03-30,603801,65.18,66.14,67.38,65.18,10251,68157554.0,3.35,0.73,0.48,2.56
2018-04-02,603801,67.0,67.48,68.5,66.24,12240,82841074.0,3.42,2.03,1.34,3.06
2018-04-03,603801,67.4,68.01,68.18,66.57,5583,37597841.0,2.39,0.79,0.53,1.4
2018-04-04,603801,68.57,65.62,68.57,65.56,10173,67743164.0,4.43,-3.51,-2.39,2.54
2018-04-09,603801,65.0,62.96,65.18,60.5,12028,75918901.0,7.13,-4.05,-2.66,3.01
2018-04-10,603801,63.34,64.39,64.58,62.65,6960,44319495.0,3.07,2.27,1.43,1.74
2018-04-11,603801,64.77,64.47,65.1,63.5,4702,30338195.0,2.48,0.12,0.08,1.18
2018-04-12,603801,64.4,64.87,65.76,63.8,6312,41048628.0,3.04,0.62,0.4,1.58
2018-04-13,603801,65.0,64.0,65.63,63.8,5643,36421272.0,2.82,-1.34,-0.87,1.41
2018-04-16,603801,63.33,65.01,65.1,63.33,7402,47811088.0,2.77,1.58,1.01,1.85
2018-04-17,603801,65.01,63.21,65.38,63.0,6627,42280940.0,3.66,-2.77,-1.8,1.66
2018-04-18,603801,63.66,63.61,63.9,61.84,6049,38146495.0,3.26,0.63,0.4,1.51
2018-04-19,603801,63.68,63.64,64.49,63.56,5248,33569868.0,1.46,0.05,0.03,1.31
2018-04-20,603801,63.5,61.86,63.58,61.83,6631,41503192.0,2.75,-2.8,-1.78,1.66
2018-04-23,603801,60.9,58.44,61.0,57.35,14799,87360300.0,5.9,-5.53,-3.42,3.7
2018-04-24,603801,58.6,61.03,61.08,58.6,7646,45938988.0,4.24,4.43,2.59,1.91
2018-04-25,603801,61.6,63.08,63.2,60.6,7304,45044648.0,4.26,3.36,2.05,1.83
2018-04-26,603801,61.6,59.48,62.4,58.9,13282,79724691.0,5.55,-5.71,-3.6,3.32
2018-04-27,603801,60.11,61.23,61.9,60.11,9317,56599568.0,3.01,2.94,1.75,2.33
2018-05-02,603801,61.25,60.02,61.28,58.85,15401,91232430.0,3.97,-1.98,-1.21,3.85
2018-05-03,603801,59.85,61.07,61.18,59.48,7656,45763113.0,2.83,1.75,1.05,1.91
2018-05-04,603801,60.79,60.58,62.2,60.48,6187,37426075.0,2.82,-0.8,-0.49,1.55
2018-05-07,603801,60.51,60.6,61.19,58.9,16326,96852087.0,3.78,0.03,0.02,4.08
2018-05-08,603801,60.6,62.33,62.4,60.2,14903,90187519.0,3.63,2.85,1.73,3.73
2018-05-09,603801,62.61,62.54,63.95,61.6,11952,74261486.0,3.77,0.34,0.21,2.99
2018-05-10,603801,62.57,63.21,63.24,61.6,16809,103664825.0,2.62,1.07,0.67,4.2
2018-05-11,603801,63.11,63.22,64.56,62.65,13910,87918117.0,3.02,0.02,0.01,3.48
2018-05-14,603801,62.35,59.42,62.59,59.32,29046,174158365.0,5.17,-6.01,-3.8,7.26
2018-05-15,603801,59.3,60.24,60.4,59.0,13475,79978895.0,2.36,1.38,0.82,3.37
2018-05-16,603801,60.38,59.61,60.52,58.08,16013,93648050.0,4.05,-1.05,-0.63,4.0
2018-05-17,603801,59.15,58.56,59.62,58.23,9590,55671425.0,2.33,-1.76,-1.05,2.4
2018-05-18,603801,58.39,59.11,59.26,57.0,11754,67551264.0,3.86,0.94,0.55,2.94
2018-05-21,603801,59.38,59.15,59.78,58.6,6590,38548778.0,2.0,0.07,0.04,1.65
2018-05-22,603801,59.15,60.33,60.78,58.61,9260,54640113.0,3.67,1.99,1.18,2.31
2018-05-23,603801,60.3,59.61,61.2,59.5,10575,63262473.0,2.82,-1.19,-0.72,2.64
2018-05-24,603801,59.4,57.5,59.61,57.12,9653,55630668.0,4.18,-3.54,-2.11,2.41
2018-05-25,603801,57.1,55.29,58.29,54.6,14149,78886330.0,6.42,-3.84,-2.21,3.54
2018-05-28,603801,54.13,52.9,54.61,51.8,21436,112559900.0,5.08,-4.32,-2.39,5.36
2018-05-29,603801,52.38,54.46,54.55,52.38,16582,88401489.0,4.1,2.95,1.56,4.15
2018-05-30,603801,54.0,54.14,55.19,53.1,8619,46150406.0,3.84,-0.59,-0.32,2.15
2018-05-31,603801,53.78,55.03,55.1,52.1,12466,66165747.0,5.54,1.64,0.89,3.12
2018-06-01,603801,54.39,54.54,56.25,53.88,9471,51335341.0,4.31,-0.89,-0.49,2.37
2018-06-04,603801,54.43,55.61,55.7,53.25,12699,68668636.0,4.49,1.96,1.07,3.17
2018-06-05,603801,55.69,56.27,56.56,55.2,8935,49392947.0,2.45,1.19,0.66,2.23
2018-06-06,603801,56.24,55.7,56.77,55.08,7827,43270374.0,3.0,-1.01,-0.57,1.96
2018-06-07,603801,55.65,55.77,56.3,55.5,6835,37781071.0,1.44,0.13,0.07,1.71
2018-06-08,603801,55.61,55.33,55.96,54.8,4451,24360203.0,2.08,-0.79,-0.44,1.11
2018-06-11,603801,54.1,55.72,57.5,53.98,5123,28444201.0,6.36,0.7,0.39,1.28
2018-06-12,603801,55.89,55.37,56.58,54.3,4950,27164800.0,4.09,-0.63,-0.35,1.24
2018-06-13,603801,55.45,55.18,56.15,54.92,3253,17864424.0,2.22,-0.34,-0.19,0.81
2018-06-14,603801,55.15,53.87,55.27,53.8,4307,23190323.0,2.66,-2.37,-1.31,1.08
2018-06-15,603801,54.15,52.87,54.59,52.41,4203,22171236.0,4.05,-1.86,-1.0,1.05
2018-06-19,603801,52.11,50.41,53.6,49.1,7887,39765157.0,8.51,-4.65,-2.46,1.97
2018-06-20,603801,50.38,50.49,51.6,49.4,6091,30447963.0,4.36,0.16,0.08,1.52
2018-06-21,603801,50.5,47.15,50.59,46.6,11307,54080466.0,7.9,-6.62,-3.34,2.83
2018-06-22,603801,47.09,47.62,48.89,45.16,11870,54498106.0,7.91,1.0,0.47,2.97
2018-06-25,603801,47.72,46.44,48.58,46.3,6620,31029068.0,4.79,-2.48,-1.18,1.65
2018-06-26,603801,45.66,46.61,47.16,45.0,8491,38655294.0,4.65,0.37,0.17,2.12
2018-06-27,603801,46.59,46.45,46.78,45.56,6064,27755847.0,2.62,-0.34,-0.16,1.52
2018-06-28,603801,46.39,45.27,46.98,45.2,4161,18939075.0,3.83,-2.54,-1.18,1.04
2018-06-29,603801,44.73,46.08,46.16,44.73,6187,27848682.0,3.16,1.79,0.81,1.55
2018-07-02,603801,46.0,44.02,46.05,43.76,8287,36834268.0,4.97,-4.47,-2.06,1.0
2018-07-03,603801,44.01,44.7,44.79,43.1,5961,25882227.0,3.84,1.54,0.68,0.72
2018-07-04,603801,45.01,43.55,45.01,43.43,5006,21714866.0,3.53,-2.57,-1.15,0.6
2018-07-05,603801,43.6,41.3,43.88,41.17,5279,22279899.0,6.22,-5.17,-2.25,0.63
2018-07-06,603801,40.64,43.24,44.1,40.64,8282,34781476.0,8.38,4.7,1.94,1.0
2018-07-09,603801,43.02,44.33,44.6,42.89,6472,27989907.0,3.95,2.52,1.09,0.78
2018-07-10,603801,44.33,43.86,44.69,43.46,3611,15598908.0,2.77,-1.06,-0.47,0.43
2018-07-11,603801,43.86,41.58,43.86,41.06,6417,26584238.0,6.38,-5.2,-2.28,0.77
2018-07-12,603801,40.7,44.36,44.38,40.7,9043,38850958.0,8.85,6.69,2.78,1.09
2018-07-13,603801,43.81,44.74,45.4,43.71,7403,32567515.0,3.81,0.86,0.38,0.89
2018-07-16,603801,44.6,43.51,44.6,43.25,4876,21021537.0,3.02,-2.75,-1.23,0.59
2018-07-17,603801,43.6,43.39,43.78,42.79,4802,20415576.0,2.28,-0.28,-0.12,0.58
2018-07-18,603801,43.38,42.59,43.75,42.5,3905,16630493.0,2.88,-1.84,-0.8,0.47
2018-07-19,603801,42.28,41.72,42.88,40.98,4556,18779985.0,4.46,-2.04,-0.87,0.55
2018-07-20,603801,41.65,42.63,42.9,41.65,4331,18071289.0,3.0,2.18,0.91,0.52
2018-07-23,603801,41.71,41.71,42.29,41.12,5836,23910190.0,2.74,-2.16,-0.92,0.7
2018-07-24,603801,41.79,42.96,43.29,41.79,6849,28823072.0,3.6,3.0,1.25,0.82
2018-07-25,603801,43.16,43.93,44.58,42.7,9884,42693623.0,4.38,2.26,0.97,1.19
2018-07-26,603801,43.93,43.91,44.36,43.6,5742,24897939.0,1.73,-0.05,-0.02,0.69
2018-07-27,603801,44.01,43.01,44.27,41.6,3316,14117586.0,6.08,-2.05,-0.9,0.4
2018-07-30,603801,43.29,41.91,43.38,41.5,4856,20157066.0,4.37,-2.56,-1.1,0.58
2018-07-31,603801,41.67,42.0,42.69,41.67,2758,11482481.0,2.43,0.21,0.09,0.33
2018-08-01,603801,41.73,41.0,42.56,40.85,3190,13066363.0,4.07,-2.38,-1.0,0.38
2018-08-02,603801,40.83,38.85,41.09,37.4,7582,28854314.0,9.0,-5.24,-2.15,0.91
2018-08-03,603801,39.09,37.27,39.09,37.21,4266,15874360.0,4.84,-4.07,-1.58,0.51
2018-08-06,603801,36.93,37.3,38.09,36.62,4009,14743883.0,3.94,0.08,0.03,0.48
2018-08-07,603801,37.26,37.68,37.88,35.41,7728,27791174.0,6.62,1.02,0.38,0.93
2018-08-08,603801,37.49,35.69,37.54,35.66,5509,19837996.0,4.99,-5.28,-1.99,0.66
2018-08-09,603801,35.88,36.56,36.8,35.77,5015,18033183.0,2.89,2.44,0.87,0.6
2018-08-10,603801,36.89,37.27,38.36,36.8,4874,17950991.0,4.27,1.94,0.71,0.59
2018-08-13,603801,37.21,37.33,37.4,36.64,2729,9949666.0,2.04,0.16,0.06,0.33
2018-08-14,603801,36.92,37.15,37.68,36.92,2528,9298702.0,2.04,-0.48,-0.18,0.3
2018-08-15,603801,37.04,36.07,37.21,35.63,4814,17118212.0,4.25,-2.91,-1.08,0.58
2018-08-16,603801,35.59,35.4,36.06,35.25,4867,17016505.0,2.25,-1.86,-0.67,0.58
2018-08-17,603801,35.4,34.02,35.77,33.96,3815,13057214.0,5.11,-3.9,-1.38,0.46
2018-08-20,603801,34.09,34.23,34.76,32.88,5140,16984551.0,5.53,0.62,0.21,0.62
2018-08-21,603801,34.22,34.35,34.9,34.01,2385,8072458.0,2.6,0.35,0.12,0.29
2018-08-22,603801,34.29,33.93,34.29,33.64,2636,8783034.0,1.89,-1.22,-0.42,0.32
2018-08-23,603801,33.9,34.34,34.4,33.71,2478,8309063.0,2.03,1.21,0.41,0.3
2018-08-24,603801,34.38,34.11,34.48,33.97,2210,7434692.0,1.49,-0.67,-0.23,0.27
2018-08-27,603801,34.17,35.08,35.11,34.11,3817,13040304.0,2.93,2.84,0.97,0.46
2018-08-28,603801,35.31,36.25,36.3,35.05,5591,19718045.0,3.56,3.34,1.17,0.67
2018-08-29,603801,36.25,35.71,36.36,35.6,4219,14893327.0,2.1,-1.49,-0.54,0.51
2018-08-30,603801,35.61,35.67,36.03,35.5,2442,8594491.0,1.48,-0.11,-0.04,0.29
2018-08-31,603801,35.6,34.56,35.6,34.56,2489,8567065.0,2.92,-3.11,-1.11,0.3
2018-09-03,603801,34.2,34.83,36.09,34.2,5258,18140373.0,5.47,0.78,0.27,0.63
2018-09-04,603801,34.73,34.65,34.97,34.33,5562,18954265.0,1.84,-0.52,-0.18,0.67
2018-09-05,603801,34.64,33.3,34.79,33.15,5687,19055565.0,4.73,-3.9,-1.35,0.68
2018-09-06,603801,33.38,32.17,33.7,31.8,7348,23655717.0,5.71,-3.39,-1.13,0.88
2018-09-07,603801,32.07,32.33,33.34,32.07,5880,18894532.0,3.95,0.5,0.16,0.71
2018-09-10,603801,32.1,31.1,32.79,30.81,7419,22976951.0,6.12,-3.8,-1.23,0.89
2018-09-11,603801,30.82,31.12,31.48,30.41,6181,18692946.0,3.44,0.06,0.02,0.74
2018-09-12,603801,31.05,31.1,32.09,30.45,12022,36847896.0,5.27,-0.06,-0.02,1.44
2018-09-13,603801,31.48,31.78,31.96,31.21,8061,25000884.0,2.41,2.19,0.68,0.97
2018-09-14,603801,32.08,31.15,32.08,31.11,5974,18520111.0,3.05,-1.98,-0.63,0.72
2018-09-17,603801,30.8,29.5,31.69,29.37,7508,22079440.0,7.45,-5.3,-1.65,0.9
2018-09-18,603801,29.28,30.6,30.78,29.28,6421,19009578.0,5.08,3.73,1.1,0.77
2018-09-19,603801,30.7,31.32,32.0,30.51,13016,40015505.0,4.87,2.35,0.72,1.56
2018-09-20,603801,31.33,31.31,31.77,31.11,4990,15348392.0,2.11,-0.03,-0.01,0.6
2018-09-21,603801,31.49,32.15,32.33,31.2,11180,34866797.0,3.61,2.68,0.84,1.34
2018-09-25,603801,31.81,31.88,32.2,31.32,8959,27901864.0,2.74,-0.84,-0.27,1.08
2018-09-26,603801,31.71,31.5,32.1,31.41,7929,24675847.0,2.16,-1.19,-0.38,0.95
2018-09-27,603801,31.6,31.49,32.48,31.46,9929,31227334.0,3.24,-0.03,-0.01,1.19
2018-09-28,603801,31.79,31.94,32.4,31.5,7797,24425965.0,2.86,1.43,0.45,0.94
2018-10-08,603801,31.4,30.72,31.79,30.51,8653,26353944.0,4.01,-3.82,-1.22,1.04
2018-10-09,603801,30.9,30.75,31.6,30.55,6711,20344950.0,3.42,0.1,0.03,0.81
2018-10-10,603801,30.89,30.23,30.89,29.81,6155,18323707.0,3.51,-1.69,-0.52,0.74
2018-10-11,603801,28.6,27.72,29.55,27.41,13057,36201100.0,7.08,-8.3,-2.51,1.57
2018-10-12,603801,27.59,26.8,28.54,25.89,9960,26129714.0,9.56,-3.32,-0.92,1.2
2018-10-15,603801,26.63,25.82,27.1,25.72,7870,20330902.0,5.15,-3.66,-0.98,0.95
2018-10-16,603801,25.83,24.94,26.29,24.87,8193,20342478.0,5.5,-3.41,-0.88,0.98
2018-10-17,603801,25.23,25.31,25.78,24.31,8543,20964521.0,5.89,1.48,0.37,1.03
2018-10-18,603801,25.49,24.43,25.49,24.37,5963,14398821.0,4.43,-3.48,-0.88,0.72
2018-10-19,603801,24.43,24.84,24.98,24.01,14390,34585381.0,3.97,1.68,0.41,1.73
2018-10-22,603801,24.9,25.92,26.4,24.9,12690,31983916.0,6.04,4.35,1.08,1.52
2018-10-23,603801,25.92,25.6,26.26,25.26,10352,26160277.0,3.86,-1.23,-0.32,1.24
2018-10-24,603801,25.6,25.47,25.9,24.93,8068,20116526.0,3.79,-0.51,-0.13,0.97
2018-10-25,603801,24.59,24.21,24.59,23.04,18500,43422126.0,6.09,-4.95,-1.26,2.22
2018-10-26,603801,24.58,25.36,26.0,24.38,15726,38466166.0,6.69,4.75,1.15,1.89
2018-10-29,603801,26.18,24.21,26.2,24.18,13583,33432103.0,7.97,-4.53,-1.15,1.63
2018-10-30,603801,24.22,24.86,25.29,23.6,11021,26406220.0,6.98,2.68,0.65,1.32
2018-10-31,603801,25.02,25.57,25.8,24.9,14267,35348043.0,3.62,2.86,0.71,1.71
2018-11-01,603801,25.79,25.37,26.13,25.32,12906,32480554.0,3.17,-0.78,-0.2,1.55
2018-11-02,603801,25.95,27.29,27.47,25.83,20748,54020187.0,6.46,7.57,1.92,2.49
2018-11-05,603801,27.55,27.98,28.8,27.3,21776,59881942.0,5.5,2.53,0.69,2.62
2018-11-06,603801,27.98,27.51,27.98,27.1,9970,26795270.0,3.15,-1.68,-0.47,1.2
2018-11-07,603801,27.9,27.34,28.15,27.2,12078,32684534.0,3.45,-0.62,-0.17,1.45
2018-11-08,603801,27.58,27.07,27.68,26.92,6645,17756467.0,2.78,-0.99,-0.27,0.8
2018-11-09,603801,27.08,26.88,27.5,26.73,5428,14406929.0,2.84,-0.7,-0.19,0.65
2018-11-12,603801,27.15,27.89,27.96,26.9,8812,23823857.0,3.94,3.76,1.01,1.06
2018-11-13,603801,27.52,28.15,28.48,27.4,12112,33291089.0,3.87,0.93,0.26,1.46
2018-11-14,603801,28.15,27.58,28.16,27.5,10016,27195521.0,2.34,-2.02,-0.57,1.2
2018-11-15,603801,27.56,30.28,30.28,27.53,35080,101351869.0,9.97,9.79,2.7,4.22
2018-11-16,603801,31.2,31.15,33.21,30.85,72266,224772489.0,7.79,2.87,0.87,8.68
2018-11-19,603801,30.6,30.29,30.81,30.08,43748,130107944.0,2.34,-2.76,-0.86,5.26
2018-11-20,603801,30.08,29.3,30.98,28.98,38149,112333796.0,6.6,-3.27,-0.99,4.58
2018-11-21,603801,28.7,29.17,29.36,28.2,29764,84217214.0,3.96,-0.44,-0.13,3.58
2018-11-22,603801,29.53,28.88,29.85,28.78,26668,76514389.0,3.67,-0.99,-0.29,3.2
2018-11-23,603801,28.7,27.08,28.77,27.0,29323,79541898.0,6.13,-6.23,-1.8,3.52
2018-11-26,603801,26.82,26.28,27.35,26.06,21169,55218862.0,4.76,-2.95,-0.8,2.54
2018-11-27,603801,26.54,26.29,26.68,25.9,13851,35660084.0,2.97,0.04,0.01,1.66
2018-11-28,603801,26.5,26.5,26.56,25.61,18104,46383548.0,3.61,0.8,0.21,2.18
2018-11-29,603801,26.86,25.48,26.86,25.4,16831,42990126.0,5.51,-3.85,-1.02,2.02
2018-11-30,603801,25.18,25.86,25.88,24.85,12832,31770827.0,4.04,1.49,0.38,1.54
2018-12-03,603801,26.6,27.07,27.53,26.2,26121,68708430.0,5.14,4.68,1.21,3.14
2018-12-04,603801,27.05,26.94,27.3,26.73,11335,29912572.0,2.11,-0.48,-0.13,1.36
2018-12-05,603801,26.15,26.64,27.01,26.15,10036,26081143.0,3.19,-1.11,-0.3,1.21
2018-12-06,603801,26.59,25.94,26.86,25.81,12512,32099637.0,3.94,-2.63,-0.7,1.5
2018-12-07,603801,26.06,26.08,26.27,25.85,6212,15813831.0,1.62,0.54,0.14,0.75
2018-12-10,603801,25.81,25.41,26.17,25.36,10135,25396798.0,3.11,-2.57,-0.67,1.22
2018-12-11,603801,25.58,25.81,25.91,25.58,6537,16452935.0,1.3,1.57,0.4,0.79
2018-12-12,603801,25.83,26.14,26.37,25.83,6861,17498174.0,2.09,1.28,0.33,0.82
2018-12-13,603801,26.41,26.77,27.59,25.83,20961,54747130.0,6.73,2.41,0.63,2.52
2018-12-14,603801,26.6,25.79,26.67,25.67,13401,34229813.0,3.74,-3.66,-0.98,1.61
2018-12-17,603801,25.74,25.52,25.89,25.13,7606,18920597.0,2.95,-1.05,-0.27,0.91
2018-12-18,603801,25.43,25.81,25.99,25.1,8479,21197464.0,3.49,1.14,0.29,1.02
2018-12-19,603801,25.69,25.53,26.03,25.51,7190,18067969.0,2.01,-1.08,-0.28,0.86
2018-12-20,603801,25.45,25.89,25.95,25.35,8183,20527979.0,2.35,1.41,0.36,0.98
2018-12-21,603801,25.6,25.52,25.89,25.3,9505,23736345.0,2.28,-1.43,-0.37,1.14
2018-12-24,603801,25.41,25.74,25.8,25.32,8797,22001757.0,1.88,0.86,0.22,1.06
2018-12-25,603801,25.63,25.15,25.63,24.5,11860,28980456.0,4.39,-2.29,-0.59,1.43
2018-12-26,603801,25.14,25.14,25.33,24.9,7147,17537230.0,1.71,-0.04,-0.01,0.86
2018-12-27,603801,25.62,24.62,25.75,24.6,11603,28290576.0,4.57,-2.07,-0.52,1.39
2018-12-28,603801,24.62,24.61,24.87,24.31,5268,12645780.0,2.27,-0.04,-0.01,0.63
2019-01-02,603801,24.66,24.01,24.69,24.0,9222,21779326.0,2.8,-2.44,-0.6,1.11
2019-01-03,603801,24.01,23.44,24.4,23.27,16113,37364166.0,4.71,-2.37,-0.57,1.94
2019-01-04,603801,23.33,24.25,24.38,23.12,17374,40350680.0,5.38,3.46,0.81,2.09
2019-01-07,603801,24.33,24.51,24.93,24.29,10821,25912134.0,2.64,1.07,0.26,1.3
2019-01-08,603801,24.51,24.4,24.8,24.33,7552,18070627.0,1.92,-0.45,-0.11,0.91
2019-01-09,603801,24.55,24.6,25.02,24.41,12684,30707933.0,2.5,0.82,0.2,1.52
2019-01-10,603801,24.58,24.46,24.71,24.39,7935,18993801.0,1.3,-0.57,-0.14,0.95
2019-01-11,603801,24.54,24.35,24.58,24.01,12004,28369394.0,2.33,-0.45,-0.11,1.44
2019-01-14,603801,24.47,24.2,24.7,24.12,7990,18951784.0,2.38,-0.62,-0.15,0.96
2019-01-15,603801,24.4,24.63,24.69,24.11,8560,20378018.0,2.4,1.78,0.43,1.03
2019-01-16,603801,24.58,25.39,25.77,24.51,17651,43233703.0,5.12,3.09,0.76,2.12
2019-01-17,603801,25.39,24.8,25.41,24.72,12480,30356841.0,2.72,-2.32,-0.59,1.5
2019-01-18,603801,24.62,25.5,25.67,24.62,16992,41822964.0,4.23,2.82,0.7,2.04
2019-01-21,603801,25.45,25.45,25.84,25.2,12985,32278713.0,2.51,-0.2,-0.05,1.56
2019-01-22,603801,25.4,25.12,25.47,24.89,7443,18306551.0,2.28,-1.3,-0.33,0.89
2019-01-23,603801,25.12,25.3,25.45,24.91,7534,18526804.0,2.15,0.72,0.18,0.91
2019-01-24,603801,25.4,25.3,25.47,25.0,6902,16995754.0,1.86,0.0,0.0,0.83
2019-01-25,603801,25.29,25.95,26.45,25.17,26643,67572948.0,5.06,2.57,0.65,3.2
2019-01-28,603801,26.08,26.1,26.8,25.82,16526,42261168.0,3.78,0.58,0.15,1.99
2019-01-29,603801,26.08,25.33,26.08,24.74,19220,47702042.0,5.13,-2.95,-0.77,2.31
2019-01-30,603801,25.0,24.57,25.5,24.38,13318,32432636.0,4.42,-3.0,-0.76,1.6
2019-01-31,603801,24.6,24.15,25.07,23.82,14865,35442807.0,5.09,-1.71,-0.42,1.79
2019-02-01,603801,24.29,24.81,24.92,24.29,7244,17412619.0,2.61,2.73,0.66,0.87
2019-02-11,603801,24.7,25.7,25.76,24.69,12506,30888280.0,4.31,3.59,0.89,1.5
2019-02-12,603801,25.73,26.02,26.28,25.65,15998,40486104.0,2.45,1.25,0.32,1.92
2019-02-13,603801,26.2,26.48,26.61,25.79,15573,39937410.0,3.15,1.77,0.46,1.87
2019-02-14,603801,26.48,26.35,26.84,26.26,15079,38948819.0,2.19,-0.49,-0.13,1.81
2019-02-15,603801,26.35,26.15,26.43,25.95,14665,37427297.0,1.82,-0.76,-0.2,1.76
2019-02-18,603801,26.3,27.28,27.28,26.2,22825,59737938.0,4.13,4.32,1.13,2.74
2019-02-19,603801,26.9,26.42,26.9,26.04,38099,98373015.0,3.15,-3.15,-0.86,4.58
2019-02-20,603801,26.36,26.33,26.39,26.08,15747,40355017.0,1.17,-0.34,-0.09,1.89
2019-02-21,603801,26.38,26.31,26.75,26.13,21647,56044969.0,2.35,-0.08,-0.02,2.6
2019-02-22,603801,26.29,26.32,26.34,25.92,18994,48629207.0,1.6,0.04,0.01,2.28
2019-02-25,603801,26.38,27.43,27.52,26.35,45380,119649089.0,4.45,4.22,1.11,5.45
2019-02-26,603801,27.46,27.97,28.57,26.9,39733,108743358.0,6.09,1.97,0.54,4.77
2019-02-27,603801,27.63,27.68,28.29,27.42,25419,69454117.0,3.11,-1.04,-0.29,3.05
2019-02-28,603801,27.6,28.28,28.28,27.51,18579,50828040.0,2.78,2.17,0.6,2.23
2019-03-01,603801,28.59,28.15,28.68,27.88,16758,46271041.0,2.83,-0.46,-0.13,2.01
2019-03-04,603801,28.18,28.45,29.19,28.12,28392,79517548.0,3.8,1.07,0.3,3.41
2019-03-05,603801,28.47,30.4,30.63,28.32,43635,126720814.0,8.12,6.85,1.95,5.24
2019-03-06,603801,30.4,30.45,30.5,29.31,32791,96270168.0,3.91,0.16,0.05,3.94
2019-03-07,603801,30.42,31.15,31.6,30.05,39733,119372390.0,5.09,2.3,0.7,4.77
2019-03-08,603801,30.6,29.1,30.6,29.1,31072,91033584.0,4.82,-6.58,-2.05,3.73
2019-03-11,603801,29.1,29.7,29.91,28.85,18178,52469479.0,3.64,2.06,0.6,2.18
2019-03-12,603801,29.8,29.77,30.25,29.42,20423,59653351.0,2.79,0.24,0.07,2.45
2019-03-13,603801,29.76,29.63,30.5,29.44,20306,59715141.0,3.56,-0.47,-0.14,2.44
2019-03-14,603801,29.64,28.84,29.72,28.3,17378,48923125.0,4.79,-2.67,-0.79,2.09
2019-03-15,603801,28.65,29.02,29.27,28.65,11128,31576058.0,2.15,0.62,0.18,1.34
2019-03-18,603801,29.18,30.8,30.85,28.9,28760,85068621.0,6.72,6.13,1.78,3.46
2019-03-19,603801,30.94,30.52,30.98,30.23,21920,65562041.0,2.44,-0.91,-0.28,2.63
2019-03-20,603801,30.5,31.02,31.79,30.32,28633,86969760.0,4.82,1.64,0.5,3.44
2019-03-21,603801,30.9,30.9,31.68,30.73,24502,74722920.0,3.06,-0.39,-0.12,2.94
2019-03-22,603801,30.88,31.09,31.25,30.32,23177,70000759.0,3.01,0.61,0.19,2.78
2019-03-25,603801,30.39,34.14,34.14,30.2,50642,163561065.0,12.67,9.81,3.05,6.08
2019-03-26,603801,33.98,36.03,37.49,33.98,85645,308349136.0,10.28,5.54,1.89,10.29
2019-03-27,603801,35.47,36.89,37.16,34.01,40674,144186289.0,8.74,2.39,0.86,4.89
2019-03-28,603801,38.09,38.27,40.32,37.97,52968,202267061.0,6.37,3.74,1.38,6.36
2019-03-29,603801,38.06,39.81,41.28,37.41,43527,168025601.0,10.11,4.02,1.54,5.23
2019-04-01,603801,40.55,42.96,43.58,40.55,49069,204015455.0,7.61,7.91,3.15,5.9
2019-04-02,603801,43.37,43.53,43.58,41.1,39844,165808084.0,5.77,1.33,0.57,4.79
2019-04-03,603801,42.05,42.1,42.73,41.67,28076,116870315.0,2.44,-3.29,-1.43,3.37
2019-04-04,603801,42.09,40.9,42.1,40.42,38375,155682509.0,3.99,-2.85,-1.2,4.61
2019-04-08,603801,40.95,40.03,41.79,39.05,39859,158293028.0,6.7,-2.13,-0.87,4.79
2019-04-09,603801,39.78,40.54,41.2,39.62,30977,123857997.0,3.95,1.27,0.51,3.72
2019-04-10,603801,40.29,39.91,40.99,39.72,25853,102074436.0,3.13,-1.55,-0.63,3.11
2019-04-11,603801,40.2,38.8,40.2,38.24,27006,103438877.0,4.91,-2.78,-1.11,3.24
2019-04-12,603801,39.32,38.15,39.32,37.61,19121,71937145.0,4.41,-1.68,-0.65,2.3
2019-04-15,603801,39.1,36.97,39.86,36.81,31050,116753741.0,7.99,-3.09,-1.18,3.73
2019-04-16,603801,37.15,37.69,37.79,36.38,23533,86374477.0,3.81,1.95,0.72,2.83
2019-04-17,603801,37.57,37.2,38.07,37.0,24964,91893986.0,2.84,-1.3,-0.49,3.0
2019-04-18,603801,37.18,37.25,38.57,36.84,24876,92244664.0,4.65,0.13,0.05,2.99
2019-04-19,603801,37.25,37.0,37.29,36.25,16515,59683203.0,2.79,-0.67,-0.25,1.98
2019-04-22,603801,37.1,35.67,37.18,34.96,32082,112923780.0,6.0,-3.59,-1.33,3.85
2019-04-23,603801,35.93,35.27,36.17,35.1,15504,54334768.0,3.0,-1.12,-0.4,1.86
2019-04-24,603801,35.29,35.67,35.95,34.62,12682,44009539.0,3.77,1.13,0.4,1.52
2019-04-25,603801,35.4,34.59,35.95,34.45,14075,49016720.0,4.21,-3.03,-1.08,1.69
2019-04-26,603801,34.36,34.18,34.8,33.44,23992,79831765.0,3.93,-1.19,-0.41,2.88
2019-04-29,603801,34.16,33.08,34.16,32.86,22489,73748236.0,3.8,-3.22,-1.1,2.7
2019-04-30,603801,32.55,33.42,34.06,32.36,16898,55488847.0,5.14,1.03,0.34,2.03
2019-05-06,603801,32.28,30.14,32.96,30.14,17012,52384429.0,8.44,-9.81,-3.28,2.04
2019-05-07,603801,29.9,30.34,30.7,29.4,16289,47984582.0,4.31,0.66,0.2,1.96
2019-05-08,603801,29.68,30.48,31.31,29.3,18703,56005063.0,6.62,0.46,0.14,2.25
2019-05-09,603801,30.46,30.26,30.87,29.98,11262,33515076.0,2.92,-0.72,-0.22,1.35
2019-05-10,603801,30.7,30.92,31.37,29.75,28494,85329909.0,5.35,2.18,0.66,3.42
2019-05-13,603801,30.79,30.41,30.88,30.25,13656,40898411.0,2.04,-1.65,-0.51,1.64
2019-05-14,603801,29.84,29.9,30.67,29.65,16343,48267234.0,3.35,-1.68,-0.51,1.96
2019-05-15,603801,30.66,31.45,32.08,30.12,27790,85413094.0,6.56,5.18,1.55,3.34
2019-05-16,603801,31.23,31.38,32.27,31.0,33382,103342698.0,4.04,-0.22,-0.07,4.01
2019-05-17,603801,31.37,29.5,31.57,29.35,28439,83988881.0,7.07,-5.99,-1.88,3.42
2019-05-20,603801,29.5,29.27,29.5,27.99,24167,67592684.0,5.12,-0.78,-0.23,2.9
2019-05-21,603801,28.98,30.03,30.71,28.34,19895,40357025.0,8.1,2.6,0.76,1.72
2019-05-22,603801,29.39,29.46,30.43,29.18,26720,54036376.0,4.16,-1.9,-0.57,2.31
2019-05-23,603801,29.26,28.41,29.29,28.31,17043,33299499.0,3.33,-3.56,-1.05,1.47
2019-05-24,603801,28.17,28.24,28.56,27.95,10468,20040214.0,2.15,-0.6,-0.17,0.9
2019-05-27,603801,28.06,29.0,29.32,28.06,15577,30443415.0,4.46,2.69,0.76,1.34
2019-05-28,603801,28.94,28.89,29.43,28.77,11397,22548761.0,2.28,-0.38,-0.11,0.98
2019-05-29,603801,29.04,28.87,29.28,28.8,9932,19583083.0,1.66,-0.07,-0.02,0.86
2019-05-30,603801,28.87,28.05,28.93,27.67,22130,41978678.0,4.36,-2.84,-0.82,1.91
2019-05-31,603801,28.06,28.03,28.45,27.64,18332,34833632.0,2.89,-0.07,-0.02,1.58
2019-06-03,603801,27.93,27.02,28.41,26.66,25511,46857793.0,6.24,-3.6,-1.01,2.2
2019-06-04,603801,26.91,26.91,27.19,26.69,15530,28289987.0,1.85,-0.41,-0.11,1.34
2019-06-05,603801,27.04,26.59,27.29,26.52,11661,21244977.0,2.86,-1.19,-0.32,1.01
2019-06-06,603801,26.91,26.21,26.91,25.72,18103,31991750.0,4.48,-1.43,-0.38,1.56
2019-06-10,603801,26.21,26.13,26.51,25.82,16946,29900377.0,2.63,-0.31,-0.08,1.46
2019-06-11,603801,26.07,27.09,27.16,26.07,24246,43811028.0,4.17,3.67,0.96,2.09
2019-06-12,603801,27.12,26.74,27.25,26.69,15612,28446937.0,2.07,-1.29,-0.35,1.35
2019-06-13,603801,27.11,28.16,28.51,27.11,33997,64134879.0,5.24,5.31,1.42,2.99
2019-06-14,603801,28.26,27.74,28.34,27.58,18441,34931645.0,2.7,-1.49,-0.42,1.62
2019-06-17,603801,27.79,28.06,28.34,27.29,22928,43489315.0,3.79,1.15,0.32,2.01
2019-06-18,603801,28.06,28.7,28.7,27.84,21206,40923019.0,3.06,2.28,0.64,1.86
2019-06-19,603801,29.46,28.51,29.88,28.47,23400,45819357.0,4.91,-0.66,-0.19,2.06
2019-06-20,603801,28.56,28.9,29.12,28.31,19238,37536420.0,2.84,1.37,0.39,1.69
2019-06-21,603801,28.9,29.39,29.67,28.9,22027,43965443.0,2.66,1.7,0.49,1.93
2019-06-24,603801,29.4,29.49,29.66,28.97,19125,38024562.0,2.35,0.34,0.1,1.68
2019-06-25,603801,29.35,28.79,29.45,28.07,39311,76138449.0,4.68,-2.37,-0.7,3.45
2019-06-26,603801,28.75,29.6,29.71,28.35,28048,56007744.0,4.72,2.81,0.81,2.46
2019-06-27,603801,29.88,29.46,29.88,29.22,25946,51943992.0,2.23,-0.47,-0.14,2.28
2019-06-28,603801,29.33,29.12,29.52,28.69,18688,36984379.0,2.82,-1.15,-0.34,1.64
2019-07-01,603801,29.6,30.3,30.36,29.54,27443,55882136.0,2.82,4.05,1.18,2.37
2019-07-02,603801,30.27,29.95,30.34,29.78,12220,24895801.0,1.85,-1.16,-0.35,1.05
2019-07-03,603801,29.96,29.6,29.96,29.36,14287,28669376.0,2.0,-1.17,-0.35,1.23
2019-07-04,603801,29.74,29.57,29.81,29.1,15958,31961972.0,2.4,-0.1,-0.03,1.38
2019-07-05,603801,29.59,29.68,29.84,29.19,14517,29130991.0,2.2,0.37,0.11,1.25
2019-07-08,603801,29.67,28.68,29.68,28.14,14852,29029869.0,5.19,-3.37,-1.0,1.28
2019-07-09,603801,28.26,28.68,29.14,28.26,12599,24557666.0,3.07,0.0,0.0,1.09
2019-07-10,603801,28.68,28.3,28.89,28.09,9896,19075532.0,2.79,-1.32,-0.38,0.85
2019-07-11,603801,28.34,28.14,28.66,27.89,9106,17436521.0,2.72,-0.57,-0.16,0.79
2019-07-12,603801,28.17,28.06,28.17,27.6,9214,17402145.0,2.03,-0.28,-0.08,0.8
2019-07-15,603801,28.02,28.13,28.27,27.36,9709,18295678.0,3.24,0.25,0.07,0.84
2019-07-16,603801,28.05,27.85,28.16,27.78,7034,13272480.0,1.35,-1.0,-0.28,0.61
2019-07-17,603801,27.85,27.57,27.85,27.47,9414,17606062.0,1.36,-1.01,-0.28,0.81
2019-07-18,603801,27.47,26.84,27.54,26.76,10397,18980868.0,2.83,-2.65,-0.73,0.9
2019-07-19,603801,26.84,26.87,27.29,26.83,7074,12925663.0,1.71,0.11,0.03,0.61
2019-07-22,603801,26.91,26.25,27.07,26.1,9835,17561749.0,3.61,-2.31,-0.62,0.85
2019-07-23,603801,26.25,26.67,26.77,25.97,8560,15224346.0,3.05,1.6,0.42,0.74
2019-07-24,603801,26.79,27.23,27.49,26.48,9856,18056064.0,3.79,2.1,0.56,0.85
2019-07-25,603801,27.22,27.42,27.43,26.9,9648,17787423.0,1.95,0.7,0.19,0.83
2019-07-26,603801,27.33,27.71,27.91,27.11,9538,17813457.0,2.92,1.06,0.29,0.82
2019-07-29,603801,27.67,27.79,27.89,27.56,5680,10657544.0,1.19,0.29,0.08,0.49
2019-07-30,603801,27.86,28.34,28.55,27.78,13466,25857502.0,2.77,1.98,0.55,1.16
2019-07-31,603801,28.06,28.26,28.52,27.98,8213,15712850.0,1.91,-0.28,-0.08,0.71
2019-08-01,603801,28.12,27.71,28.35,27.51,11562,21783287.0,2.97,-1.95,-0.55,1.0
2019-08-02,603801,26.88,27.89,28.05,26.88,11648,21881282.0,4.22,0.65,0.18,1.01
2019-08-05,603801,27.89,26.74,27.99,26.63,14741,26983975.0,4.88,-4.12,-1.15,1.27
2019-08-06,603801,26.37,26.38,26.51,24.91,23083,40135069.0,5.98,-1.35,-0.36,1.99
2019-08-07,603801,26.23,25.89,26.52,25.54,13281,23219467.0,3.71,-1.86,-0.49,1.15
2019-08-08,603801,25.78,25.97,26.07,25.62,7858,13698183.0,1.74,0.31,0.08,0.68
2019-08-09,603801,25.83,26.0,26.34,25.4,8653,15079169.0,3.62,0.12,0.03,0.75
2019-08-12,603801,25.93,26.51,26.53,25.6,9906,17423899.0,3.58,1.96,0.51,0.86
2019-08-13,603801,26.37,26.21,26.48,25.97,4836,8555420.0,1.92,-1.13,-0.3,0.42
2019-08-14,603801,26.52,26.45,26.88,26.42,7979,14361504.0,1.76,0.92,0.24,0.69
2019-08-15,603801,25.92,26.53,26.62,25.54,5618,9930179.0,4.08,0.3,0.08,0.48
2019-08-16,603801,26.52,26.97,27.35,26.39,9544,17445453.0,3.62,1.66,0.44,0.82
2019-08-19,603801,27.21,27.74,27.85,27.21,9906,18473288.0,2.37,2.86,0.77,0.86
2019-08-20,603801,27.63,28.28,28.35,27.58,13695,26013187.0,2.78,1.95,0.54,1.18
2019-08-21,603801,28.28,27.89,28.48,27.89,7750,14735279.0,2.09,-1.38,-0.39,0.67
2019-08-22,603801,28.17,28.34,28.37,27.98,10064,19242312.0,1.4,1.61,0.45,0.87
2019-08-23,603801,28.44,28.13,28.44,27.99,4612,8814376.0,1.59,-0.74,-0.21,0.4
2019-08-26,603801,27.6,27.89,28.03,27.36,9377,17561133.0,2.38,-0.85,-0.24,0.81
2019-08-27,603801,27.89,29.57,29.6,27.89,21695,42637128.0,6.13,6.02,1.68,1.87
2019-08-28,603801,30.16,29.21,30.37,29.07,19803,39758820.0,4.4,-1.22,-0.36,1.71
2019-08-29,603801,29.15,29.26,29.84,29.15,10175,20352177.0,2.36,0.17,0.05,0.88
2019-08-30,603801,29.31,28.98,29.74,28.84,12007,23829694.0,3.08,-0.96,-0.28,1.04
2019-09-02,603801,29.07,29.57,29.73,28.77,16369,32785999.0,3.31,2.04,0.59,1.41
2019-09-03,603801,29.7,29.52,29.77,29.22,9198,18430885.0,1.86,-0.17,-0.05,0.79
2019-09-04,603801,29.42,29.82,29.87,29.07,16976,34010991.0,2.71,1.02,0.3,1.47
2019-09-05,603801,29.81,29.66,30.2,29.64,16116,32785490.0,1.88,-0.54,-0.16,1.39
2019-09-06,603801,29.92,30.76,31.14,29.73,22925,47589203.0,4.75,3.71,1.1,1.98
2019-09-09,603801,31.14,30.66,31.21,30.44,14428,30085401.0,2.5,-0.33,-0.1,1.25
2019-09-10,603801,30.58,30.96,31.15,30.23,16373,34255719.0,3.0,0.98,0.3,1.41
2019-09-11,603801,30.99,30.37,31.21,30.24,13122,27297589.0,3.13,-1.91,-0.59,1.13
2019-09-12,603801,30.37,30.47,30.82,30.3,8367,17411687.0,1.71,0.33,0.1,0.72
2019-09-16,603801,30.78,30.27,30.82,30.09,10959,22682402.0,2.4,-0.66,-0.2,0.95
2019-09-17,603801,30.3,29.32,30.44,28.98,15953,31900364.0,4.82,-3.14,-0.95,1.38
2019-09-18,603801,29.29,29.17,29.87,29.0,8935,17781708.0,2.97,-0.51,-0.15,0.77
2019-09-19,603801,29.17,29.66,29.7,29.15,9258,18529884.0,1.89,1.68,0.49,0.8
2019-09-20,603801,29.67,30.31,30.64,29.6,16832,34630749.0,3.51,2.19,0.65,1.45
2019-09-23,603801,30.08,29.77,30.38,29.33,9841,19835747.0,3.46,-1.78,-0.54,0.85
2019-09-24,603801,29.74,29.5,30.37,29.38,10272,20797770.0,3.33,-0.91,-0.27,0.89
2019-09-25,603801,29.49,28.96,29.66,28.96,9232,18300291.0,2.37,-1.83,-0.54,0.8
2019-09-26,603801,29.11,28.37,29.36,28.07,13150,25610178.0,4.45,-2.04,-0.59,1.14
2019-09-27,603801,28.52,29.32,29.63,28.24,12101,23839308.0,4.9,3.35,0.95,1.04
2019-09-30,603801,29.36,28.94,29.46,28.79,6587,12998253.0,2.29,-1.3,-0.38,0.57
2019-10-08,603801,29.17,28.75,29.26,27.56,11608,22500790.0,5.87,-0.66,-0.19,1.0
2019-10-09,603801,28.41,29.39,29.94,28.41,15078,30068452.0,5.32,2.23,0.64,1.3
2019-10-10,603801,29.29,29.39,29.74,29.01,10396,20734196.0,2.48,0.0,0.0,0.9
2019-10-11,603801,29.52,29.5,29.74,29.21,6720,13451467.0,1.8,0.37,0.11,0.58
2019-10-14,603801,29.77,29.32,29.92,29.19,17471,34888299.0,2.47,-0.61,-0.18,1.51
2019-10-15,603801,29.29,28.91,29.39,28.77,9651,18975940.0,2.11,-1.4,-0.41,0.83
2019-10-16,603801,28.96,28.94,29.29,28.76,6218,12222547.0,1.83,0.1,0.03,0.54
2019-10-17,603801,29.08,29.03,29.63,28.8,14008,27774779.0,2.87,0.31,0.09,1.21
2019-10-18,603801,29.17,28.83,29.26,28.27,11552,22543295.0,3.41,-0.69,-0.2,1.0
2019-10-21,603801,28.97,28.42,28.97,27.15,12252,23342770.0,6.31,-1.42,-0.41,1.06
2019-10-22,603801,28.34,28.45,29.1,28.23,11284,21857106.0,3.06,0.11,0.03,0.97
2019-10-23,603801,28.58,28.96,29.28,28.48,10111,19811705.0,2.81,1.79,0.51,0.87
2019-10-24,603801,28.7,29.39,29.4,28.62,9712,19184414.0,2.69,1.48,0.43,0.84
2019-10-25,603801,29.19,29.61,29.85,28.9,9181,18378442.0,3.23,0.75,0.22,0.79
2019-10-28,603801,29.63,29.59,29.89,29.42,9786,19691967.0,1.59,-0.07,-0.02,0.84
2019-10-29,603801,29.6,29.08,29.7,29.08,10194,20269087.0,2.1,-1.72,-0.51,0.88
2019-10-30,603801,29.14,30.3,30.69,28.93,28160,57507357.0,6.05,4.2,1.22,2.43
2019-10-31,603801,30.08,29.14,30.79,28.93,26682,53976739.0,6.14,-3.83,-1.16,2.3
2019-11-01,603801,28.65,28.87,28.93,28.06,30093,58013595.0,2.99,-0.93,-0.27,2.6
2019-11-04,603801,28.87,29.4,29.4,28.56,19964,39257026.0,2.91,1.84,0.53,1.72
2019-11-05,603801,29.4,32.2,32.2,29.32,44032,93528778.0,9.8,9.52,2.8,3.8
2019-11-06,603801,33.42,31.84,35.23,31.74,123484,281158256.0,10.84,-1.12,-0.36,10.66
2019-11-07,603801,31.48,31.88,32.82,31.31,69123,150672004.0,4.74,0.13,0.04,5.97
2019-11-08,603801,31.56,32.44,32.67,31.56,63210,138661222.0,3.48,1.76,0.56,5.46
2019-11-11,603801,31.99,30.85,31.99,30.2,55635,117550913.0,5.52,-4.9,-1.59,4.8
2019-11-12,603801,30.45,30.03,30.85,29.88,47395,97290494.0,3.14,-2.66,-0.82,4.09
2019-11-13,603801,29.81,29.67,30.4,29.46,28768,58390656.0,3.13,-1.2,-0.36,2.48
2019-11-14,603801,29.88,29.57,29.95,29.49,28563,57527682.0,1.55,-0.34,-0.1,2.47
2019-11-15,603801,29.57,28.76,29.67,28.69,30315,59777397.0,3.31,-2.74,-0.81,2.62
2019-11-18,603801,28.87,29.36,29.43,28.34,26635,52574370.0,3.79,2.09,0.6,2.3
2019-11-19,603801,29.32,29.91,30.13,29.21,22771,46109108.0,3.13,1.87,0.55,1.97
2019-11-20,603801,29.78,29.15,30.1,28.98,26125,52192325.0,3.74,-2.54,-0.76,2.26
2019-11-21,603801,29.15,29.19,29.19,28.7,10706,21071073.0,1.68,0.14,0.04,0.92
2019-11-22,603801,29.19,28.9,29.56,28.59,17959,35305826.0,3.32,-0.99,-0.29,1.55
2019-11-25,603801,28.96,28.41,28.96,28.06,14167,27295309.0,3.11,-1.7,-0.49,1.22
2019-11-26,603801,28.65,28.52,28.77,28.24,11243,21721036.0,1.87,0.39,0.11,0.97
2019-11-27,603801,28.55,28.26,28.69,28.21,13229,25415786.0,1.68,-0.91,-0.26,1.14
2019-11-28,603801,28.27,27.57,28.27,27.5,19711,37054871.0,2.72,-2.44,-0.69,1.7
2019-11-29,603801,27.21,27.33,27.67,26.97,16993,31375268.0,2.54,-0.87,-0.24,1.47
2019-12-02,603801,27.39,27.85,27.98,27.33,15146,28428172.0,2.38,1.9,0.52,1.31
2019-12-03,603801,27.64,27.92,28.0,27.43,10483,19666544.0,2.05,0.25,0.07,0.9
2019-12-04,603801,27.77,27.57,27.99,27.54,7635,14310769.0,1.61,-1.25,-0.35,0.66
2019-12-05,603801,27.92,27.78,27.93,27.58,13181,24782981.0,1.27,0.76,0.21,1.14
2019-12-06,603801,27.99,28.1,28.21,27.72,13491,25507751.0,1.76,1.15,0.32,1.16
2019-12-09,603801,28.23,28.68,28.98,28.12,18437,35681765.0,3.06,2.06,0.58,1.59
2019-12-10,603801,28.77,28.63,28.82,28.45,10626,20609499.0,1.29,-0.17,-0.05,0.92
2019-12-11,603801,28.59,28.58,28.9,28.42,11044,21463371.0,1.68,-0.17,-0.05,0.95
2019-12-12,603801,28.62,28.33,28.76,28.24,13181,25487597.0,1.82,-0.87,-0.25,1.15
2019-12-13,603801,28.79,28.89,29.18,28.62,19084,37410127.0,1.98,1.98,0.56,1.67
2019-12-16,603801,28.91,29.54,29.59,28.66,26997,53398202.0,3.22,2.25,0.65,2.36
2019-12-17,603801,29.42,30.52,30.66,29.19,41083,83826328.0,4.98,3.32,0.98,3.59
2019-12-18,603801,30.55,30.8,31.49,30.4,48673,102610460.0,3.57,0.92,0.28,4.25
2019-12-19,603801,31.04,31.28,31.53,30.87,30601,65158979.0,2.14,1.56,0.48,2.67
2019-12-20,603801,31.81,31.21,31.81,31.08,31664,67816295.0,2.33,-0.22,-0.07,2.76
2019-12-23,603801,31.14,31.59,32.15,31.08,36177,78055074.0,3.43,1.22,0.38,3.16
2019-12-24,603801,31.31,31.94,32.09,30.72,20718,44821666.0,4.34,1.11,0.35,1.81
2019-12-25,603801,32.12,31.38,32.43,31.21,18776,40529517.0,3.82,-1.75,-0.56,1.64
2019-12-26,603801,31.17,31.49,31.99,31.13,23140,49836560.0,2.74,0.35,0.11,2.02
2019-12-27,603801,31.63,32.39,33.16,31.48,48563,107132903.0,5.34,2.86,0.9,4.24
2019-12-30,603801,31.85,33.21,33.38,31.84,41861,93387360.0,4.75,2.53,0.82,3.65
2019-12-31,603801,33.21,34.07,34.47,32.47,42283,95871502.0,6.02,2.59,0.86,3.69
2020-01-02,603801,33.65,34.85,35.03,33.28,59867,139492726.0,5.14,2.29,0.78,5.23
2020-01-03,603801,34.78,35.16,36.14,34.11,38799,93374620.0,5.82,0.89,0.31,3.39
2020-01-06,603801,34.75,34.53,35.61,34.16,30030,71366616.0,4.12,-1.79,-0.63,2.62
2020-01-07,603801,34.36,35.44,35.98,34.28,26630,64309955.0,4.92,2.64,0.91,2.32
2020-01-08,603801,35.34,34.86,35.69,34.36,28507,68362891.0,3.75,-1.64,-0.58,2.49
2020-01-09,603801,35.13,35.58,35.76,34.64,19697,47714078.0,3.21,2.07,0.72,1.72
2020-01-10,603801,35.76,36.39,37.4,35.31,27726,69248216.0,5.87,2.28,0.81,2.42
2020-01-13,603801,36.54,35.76,36.71,34.5,29732,72258287.0,6.07,-1.73,-0.63,2.6
2020-01-14,603801,35.82,35.48,35.98,34.81,27972,67544749.0,3.27,-0.78,-0.28,2.44
2020-01-15,603801,35.14,34.89,35.37,34.35,30389,72118911.0,2.87,-1.66,-0.59,2.65
2020-01-16,603801,34.79,35.09,36.8,34.79,33279,81378171.0,5.76,0.57,0.2,2.9
2020-01-17,603801,35.03,36.04,36.6,34.95,36102,89141056.0,4.7,2.71,0.95,3.15
2020-01-20,603801,36.04,35.96,36.92,35.4,31075,76561283.0,4.22,-0.22,-0.08,2.71
2020-01-21,603801,35.96,35.72,36.53,35.35,21289,52169521.0,3.28,-0.67,-0.24,1.86
2020-01-22,603801,35.47,34.77,35.65,33.65,35152,83172774.0,5.6,-2.66,-0.95,3.07
2020-01-23,603801,34.08,33.21,35.33,32.99,32830,76342286.0,6.73,-4.49,-1.56,2.87
2020-02-03,603801,30.03,30.03,30.03,30.03,4463,9108983.0,0.0,-9.58,-3.18,0.39
2020-02-04,603801,27.36,28.35,29.71,27.36,82586,157701568.0,7.83,-5.59,-1.68,7.21
2020-02-05,603801,28.55,28.55,29.11,28.33,45003,87450845.0,2.75,0.71,0.2,3.93
2020-02-06,603801,28.54,29.07,29.19,28.34,35258,68864050.0,2.98,1.82,0.52,3.08
2020-02-07,603801,28.76,28.89,29.01,28.28,32829,63638223.0,2.51,-0.62,-0.18,2.87
2020-02-10,603801,28.73,29.57,29.66,28.56,29270,57943405.0,3.81,2.35,0.68,2.55
2020-02-11,603801,29.77,30.58,31.35,29.25,46071,95431742.0,7.1,3.42,1.01,4.02
2020-02-12,603801,30.59,30.83,30.99,30.36,36071,75359215.0,2.06,0.82,0.25,3.15
2020-02-13,603801,30.79,30.66,31.52,30.55,33420,70657991.0,3.15,-0.55,-0.17,2.92
2020-02-14,603801,30.86,31.64,31.77,30.66,27036,57637684.0,3.62,3.2,0.98,2.36
2020-02-17,603801,31.7,32.62,32.95,31.49,34191,75730633.0,4.61,3.1,0.98,2.98
2020-02-18,603801,32.78,32.12,32.81,31.84,28579,62655669.0,2.97,-1.53,-0.5,2.49
2020-02-19,603801,32.04,31.67,32.23,31.59,21987,47699395.0,1.99,-1.4,-0.45,1.92
2020-02-20,603801,31.92,32.43,32.57,31.7,22361,49019972.0,2.75,2.4,0.76,1.95
2020-02-21,603801,32.43,32.36,32.79,32.08,24699,54687678.0,2.19,-0.22,-0.07,2.16
2020-02-24,603801,32.22,31.85,32.47,31.46,32042,69804347.0,3.12,-1.58,-0.51,2.8
2020-02-25,603801,31.6,31.14,31.6,29.33,39334,82691151.0,7.13,-2.23,-0.71,3.43
2020-02-26,603801,30.27,31.67,32.41,30.27,43077,92708598.0,6.87,1.7,0.53,3.76
2020-02-27,603801,31.67,31.1,32.06,31.0,30497,65631238.0,3.35,-1.8,-0.57,2.66
2020-02-28,603801,30.06,29.4,31.06,29.4,27982,57030163.0,5.34,-5.47,-1.7,2.44
2020-03-02,603801,29.74,31.27,31.49,29.74,41902,87191166.0,5.95,6.36,1.87,3.66
2020-03-03,603801,34.25,34.25,34.25,34.25,7535,17645799.0,0.0,9.53,2.98,0.66
2020-03-04,603801,37.44,37.52,37.52,36.47,72758,186842043.0,3.07,9.55,3.27,6.35
2020-03-05,603801,37.86,37.64,38.78,36.84,126357,326660592.0,5.17,0.32,0.12,11.03
2020-03-06,603801,36.95,36.78,38.11,36.01,65497,166411233.0,5.58,-2.28,-0.86,5.96
2020-03-09,603801,36.18,36.85,37.8,36.18,73330,186855007.0,4.4,0.19,0.07,6.68
2020-03-10,603801,37.47,36.98,37.72,35.19,60199,150773140.0,6.87,0.35,0.13,5.48
2020-03-11,603801,36.98,36.18,37.48,35.97,34228,86107837.0,4.08,-2.16,-0.8,3.12
2020-03-12,603801,35.34,34.22,36.04,33.94,36733,87454691.0,5.8,-5.42,-1.96,3.35
2020-03-13,603801,32.26,34.11,34.54,31.98,58008,131972478.0,7.48,-0.32,-0.11,5.28
2020-03-16,603801,33.9,30.85,34.09,30.85,100212,218578241.0,9.5,-9.56,-3.26,9.13
2020-03-17,603801,31.14,30.66,31.6,29.71,44489,92922074.0,6.13,-0.62,-0.19,4.05
2020-03-18,603801,30.86,30.16,32.01,30.16,42110,89748118.0,6.03,-1.63,-0.5,3.83
2020-03-19,603801,30.44,30.5,31.14,29.82,32640,67490999.0,4.38,1.13,0.34,2.97
2020-03-20,603801,30.65,30.26,30.99,29.63,30734,63122613.0,4.46,-0.79,-0.24,2.8
2020-03-23,603801,29.43,28.2,29.84,27.93,39712,77560044.0,6.31,-6.81,-2.06,3.62
2020-03-24,603801,28.76,28.91,29.11,27.96,27017,52519532.0,4.08,2.52,0.71,2.46
2020-03-25,603801,29.84,30.17,30.44,28.9,38920,78368516.0,5.33,4.36,1.26,3.54
2020-03-26,603801,29.7,29.68,30.16,29.33,28326,57293213.0,2.75,-1.62,-0.49,2.58
2020-03-27,603801,30.05,30.64,31.55,29.84,36783,76938853.0,5.76,3.23,0.96,3.35
2020-03-30,603801,30.02,30.15,30.43,29.33,26595,54118610.0,3.59,-1.6,-0.49,2.42
2020-03-31,603801,30.19,30.01,30.69,29.95,22176,45673635.0,2.45,-0.46,-0.14,2.02
2020-04-01,603801,29.88,29.56,30.36,29.49,18433,37384207.0,2.9,-1.5,-0.45,1.68
2020-04-02,603801,29.46,30.48,30.48,29.4,24789,50599024.0,3.65,3.11,0.92,2.26
2020-04-03,603801,30.64,30.45,30.85,30.09,17967,37157718.0,2.49,-0.1,-0.03,1.64
2020-04-07,603801,30.94,31.22,31.52,30.69,23050,48905131.0,2.73,2.53,0.77,2.1
2020-04-08,603801,31.14,30.79,31.14,30.52,20124,42202640.0,1.99,-1.38,-0.43,1.83
2020-04-09,603801,31.71,31.46,31.87,30.94,25739,55146704.0,3.02,2.18,0.67,2.34
2020-04-10,603801,31.38,30.79,31.66,30.41,20823,43686170.0,3.97,-2.13,-0.67,1.9
2020-04-13,603801,30.36,30.62,30.69,29.88,12915,26707592.0,2.63,-0.55,-0.17,1.18
2020-04-14,603801,30.71,31.13,31.13,30.45,23385,49154876.0,2.22,1.67,0.51,2.13
2020-04-15,603801,31.84,30.72,31.84,30.5,32846,68981982.0,4.3,-1.32,-0.41,2.99
2020-04-16,603801,30.55,31.01,31.22,30.22,30914,64825741.0,3.26,0.94,0.29,2.82
2020-04-17,603801,31.21,33.28,33.9,31.14,50053,112049309.0,8.9,7.32,2.27,4.56
2020-04-20,603801,33.18,34.46,35.17,33.1,53299,125380917.0,6.22,3.55,1.18,4.85
2020-04-21,603801,33.88,34.78,35.31,33.88,45381,107623137.0,4.15,0.93,0.32,4.13
2020-04-22,603801,34.85,35.09,35.4,34.29,38904,93139977.0,3.19,0.89,0.31,3.54
2020-04-23,603801,35.13,36.47,37.26,35.0,47024,116773825.0,6.44,3.93,1.38,4.28
2020-04-24,603801,36.5,36.04,37.02,35.48,32511,80302531.0,4.22,-1.18,-0.43,2.96
2020-04-27,603801,36.03,35.76,36.46,35.55,24065,59266268.0,2.52,-0.78,-0.28,2.19
2020-04-28,603801,35.23,34.12,35.51,32.43,69555,163167961.0,8.61,-4.59,-1.64,6.33
2020-04-29,603801,34.57,32.83,34.71,32.48,38799,88154071.0,6.54,-3.78,-1.29,3.53
2020-04-30,603801,32.68,33.66,34.54,32.58,30997,71142805.0,5.97,2.53,0.83,2.82
2020-05-06,603801,33.74,33.79,34.16,32.43,38372,87466625.0,5.14,0.39,0.13,3.49
2020-05-07,603801,33.83,34.49,35.12,33.14,45723,107506149.0,5.86,2.07,0.7,4.16
2020-05-08,603801,35.37,37.79,37.79,34.51,65000,163951571.0,9.51,9.57,3.3,5.92
2020-05-11,603801,38.42,41.43,41.43,38.42,108656,303497904.0,7.97,9.63,3.64,9.89
2020-05-12,603801,42.76,40.98,43.45,39.69,116872,331729056.0,9.08,-1.09,-0.45,10.64
2020-05-13,603801,40.84,39.96,41.01,39.09,101733,280533776.0,4.69,-2.49,-1.02,9.26
2020-05-14,603801,40.1,39.04,40.66,39.04,69281,189923861.0,4.05,-2.3,-0.92,6.31
2020-05-15,603801,39.51,39.4,40.31,39.09,51398,140603719.0,3.13,0.92,0.36,4.68
2020-05-18,603801,39.72,38.77,40.06,38.63,41267,111424341.0,3.63,-1.6,-0.63,3.76
2020-05-19,603801,38.98,40.95,41.36,38.78,62556,173099178.0,6.65,5.62,2.18,5.7
2020-05-20,603801,40.24,41.14,41.74,40.18,44947,127087538.0,3.81,0.46,0.19,4.09
2020-05-21,603801,41.71,41.14,42.33,40.07,32151,91213247.0,5.49,0.0,0.0,2.93
2020-05-22,603801,41.14,39.67,41.51,39.36,45964,127227633.0,5.23,-3.57,-1.47,4.19
2020-05-25,603801,40.65,39.33,40.65,38.11,28395,76634294.0,6.4,-0.86,-0.34,2.59
2020-05-26,603801,39.83,42.38,42.96,39.65,59945,173202014.0,8.42,7.75,3.05,5.46
2020-05-27,603801,42.34,46.47,46.47,42.34,55268,174184740.0,9.75,9.65,4.09,5.03
2020-05-28,603801,46.78,44.68,47.63,43.47,88755,278802384.0,8.95,-3.85,-1.79,8.08
2020-05-29,603801,44.97,44.86,45.63,43.46,51432,158833090.0,4.86,0.4,0.18,4.68
2020-06-01,603801,46.25,45.87,46.96,43.74,40623,127550578.0,7.18,2.25,1.01,3.7
2020-06-02,603801,46.13,43.33,46.74,43.0,48729,145336340.0,8.15,-5.54,-2.54,4.44
2020-06-03,603801,42.98,40.58,43.29,40.25,103742,290239616.0,7.02,-6.35,-2.75,9.45
2020-06-04,603801,40.56,39.43,40.86,39.15,61882,165557192.0,4.21,-2.83,-1.15,5.64
2020-06-05,603801,39.57,38.04,39.76,37.86,55140,142234380.0,4.82,-3.53,-1.39,5.02
2020-06-08,603801,38.71,37.69,39.12,37.38,47484,121038160.0,4.57,-0.92,-0.35,4.32
2020-06-09,603801,37.52,38.22,39.04,36.89,48943,124671598.0,5.7,1.41,0.53,4.46
2020-06-10,603801,38.32,39.27,39.9,37.52,61099,159278941.0,6.23,2.75,1.05,5.56
2020-06-11,603801,39.13,37.89,39.22,37.52,44751,114318265.0,4.33,-3.51,-1.38,4.08
2020-06-12,603801,37.12,37.52,37.87,37.03,30877,77061133.0,2.22,-0.98,-0.37,2.81
2020-06-15,603801,37.87,36.54,37.87,36.28,31279,77045499.0,4.24,-2.61,-0.98,2.85
2020-06-16,603801,36.75,38.8,39.76,36.0,74000,190643891.0,10.29,6.19,2.26,6.74
2020-06-17,603801,39.2,38.29,39.2,37.38,43238,110639613.0,4.69,-1.31,-0.51,3.94
2020-06-18,603801,38.24,38.45,38.67,37.8,23905,61490038.0,2.27,0.42,0.16,2.18
2020-06-19,603801,38.41,40.02,41.65,38.41,61083,165515004.0,8.43,4.08,1.57,5.56
2020-06-22,603801,40.32,39.2,40.91,38.78,37724,99694148.0,5.32,-2.05,-0.82,3.44
2020-06-23,603801,39.18,38.73,39.9,38.5,24254,63294362.0,3.57,-1.2,-0.47,2.21
2020-06-24,603801,38.64,38.32,39.34,38.14,28812,74497020.0,3.1,-1.06,-0.41,2.62
2020-06-29,603801,38.29,38.42,38.97,37.36,28934,74407963.0,4.2,0.26,0.1,2.63
2020-06-30,603801,38.78,39.75,40.3,38.42,30349,80456548.0,4.89,3.46,1.33,2.76
2020-07-01,603801,39.75,42.61,43.4,39.18,67782,190097826.0,10.62,7.19,2.86,6.17
2020-07-02,603801,43.11,41.99,43.56,41.44,49073,140155997.0,4.98,-1.46,-0.62,4.47
2020-07-03,603801,41.65,41.01,42.28,40.86,43639,121436019.0,3.38,-2.33,-0.98,3.97
2020-07-06,603801,41.01,41.26,41.72,40.48,73306,203280493.0,3.02,0.61,0.25,6.68
2020-07-07,603801,41.23,41.54,42.54,40.74,56066,156551813.0,4.36,0.68,0.28,2.58
2020-07-08,603801,41.54,41.68,42.26,40.62,35929,100350168.0,3.95,0.34,0.14,1.65
2020-07-09,603801,41.79,42.0,42.21,41.0,53138,148604256.0,2.9,0.77,0.32,2.45
2020-07-10,603801,41.86,40.81,43.18,40.56,52515,147272150.0,6.24,-2.83,-1.19,2.42
2020-07-13,603801,40.46,43.11,43.4,40.44,83817,240125191.0,7.25,5.64,2.3,3.86
2020-07-14,603801,43.12,39.97,43.29,39.04,123396,333378912.0,9.86,-7.28,-3.14,5.68
2020-07-15,603801,40.67,43.74,43.74,40.67,145582,424756144.0,7.68,9.43,3.77,6.7
2020-07-16,603801,43.78,42.06,44.38,40.24,117159,337121680.0,9.47,-3.84,-1.68,5.39
2020-07-17,603801,42.0,44.69,45.06,40.9,95345,282079040.0,9.89,6.25,2.63,4.39
2020-07-20,603801,45.17,47.18,48.57,43.68,107357,337305904.0,10.94,5.57,2.49,4.94
2020-07-21,603801,46.74,48.11,48.78,45.81,65521,211191525.0,6.3,1.97,0.93,3.02
2020-07-22,603801,47.63,47.77,48.47,46.2,49517,158635590.0,4.72,-0.71,-0.34,2.28
2020-07-23,603801,47.34,45.94,47.74,45.18,48377,150884112.0,5.36,-3.83,-1.83,2.23
2020-07-24,603801,46.06,42.84,46.74,42.84,53951,161617858.0,8.49,-6.75,-3.1,2.48
2020-07-27,603801,42.83,41.93,43.57,41.07,45159,127623367.0,5.84,-2.12,-0.91,2.08
2020-07-28,603801,42.75,42.65,42.75,41.46,35067,99144901.0,3.08,1.72,0.72,1.61
2020-07-29,603801,42.52,44.1,44.61,42.03,48278,142653454.0,6.05,3.4,1.45,2.22
2020-07-30,603801,44.22,43.54,44.58,42.84,32338,95080810.0,3.95,-1.27,-0.56,1.49
2020-07-31,603801,43.73,43.26,45.2,42.68,40299,118902549.0,5.79,-0.64,-0.28,1.85
2020-08-03,603801,43.29,43.66,43.67,42.86,39824,116484962.0,1.87,0.92,0.4,1.83
2020-08-04,603801,44.01,43.95,44.94,43.43,32457,96776061.0,3.46,0.66,0.29,1.49
2020-08-05,603801,43.57,46.13,46.88,43.03,49559,151679543.0,8.76,4.96,2.18,2.28
2020-08-06,603801,46.13,46.62,47.52,45.55,38489,120747579.0,4.27,1.06,0.49,1.77
2020-08-07,603801,45.91,48.54,49.73,45.91,55883,181674656.0,8.19,4.12,1.92,2.57
2020-08-10,603801,48.51,53.16,53.16,48.14,55387,192462940.0,10.34,9.52,4.62,2.55
2020-08-11,603801,54.56,53.89,58.24,53.16,105208,400912592.0,9.56,1.37,0.73,4.84
2020-08-12,603801,52.88,51.94,54.87,50.91,66635,239612742.0,7.35,-3.62,-1.95,3.07
2020-08-13,603801,52.52,52.88,54.18,51.22,53099,191796639.0,5.7,1.81,0.94,2.44
2020-08-14,603801,52.99,57.94,57.94,52.99,59610,231924535.0,9.36,9.57,5.06,2.74
2020-08-17,603801,58.05,60.75,61.7,58.05,71226,292745232.0,6.3,4.85,2.81,3.28
2020-08-18,603801,57.08,60.51,62.44,56.98,54282,225014027.0,8.99,-0.4,-0.24,2.5
2020-08-19,603801,59.78,60.06,62.44,59.01,41851,173189536.0,5.67,-0.74,-0.45,1.93
2020-08-20,603801,59.78,56.3,62.11,55.14,79848,314603808.0,11.61,-6.26,-3.76,3.67
2020-08-21,603801,56.49,56.02,57.89,54.74,66416,255825678.0,5.6,-0.5,-0.28,3.06
2020-08-24,603801,55.72,57.08,57.78,55.37,35610,138679749.0,4.3,1.89,1.06,1.64
2020-08-25,603801,56.52,53.37,56.7,52.94,68236,252662659.0,6.59,-6.5,-3.71,3.14
2020-08-26,603801,54.49,52.98,54.6,52.15,41571,150204272.0,4.59,-0.73,-0.39,1.91
2020-08-27,603801,52.91,53.29,54.72,52.5,33594,122328097.0,4.19,0.59,0.31,1.55
2020-08-28,603801,53.71,52.63,54.0,51.06,60519,215205406.0,5.52,-1.24,-0.66,2.79
2020-08-31,603801,52.88,54.69,56.54,52.29,53564,200033255.0,8.08,3.91,2.06,2.47
2020-09-01,603801,55.16,53.55,55.16,51.2,56416,202460343.0,7.24,-2.08,-1.14,2.6
2020-09-02,603801,54.0,55.78,57.61,54.0,50999,194398794.0,6.74,4.16,2.23,2.35
2020-09-03,603801,55.05,53.36,55.05,52.78,40541,148218782.0,4.07,-4.34,-2.42,1.87
2020-09-04,603801,51.73,54.25,54.73,51.73,28772,105036951.0,5.62,1.67,0.89,1.32
2020-09-07,603801,53.86,52.08,55.14,52.0,25145,91165663.0,5.79,-4.0,-2.17,1.16
2020-09-08,603801,52.78,51.58,52.78,49.98,22666,79177480.0,5.38,-0.96,-0.5,1.04
2020-09-09,603801,51.55,48.51,51.55,48.43,26458,88841396.0,6.05,-5.95,-3.07,1.22
2020-09-10,603801,48.56,50.04,51.87,48.26,44115,151076273.0,7.44,3.15,1.53,2.03
2020-09-11,603801,51.29,51.16,51.89,49.14,27593,95857014.0,5.5,2.24,1.12,1.27
2020-09-14,603801,52.5,51.44,52.5,50.82,17954,62732054.0,3.28,0.55,0.28,0.83
2020-09-15,603801,52.32,51.79,52.32,50.84,15583,54606776.0,2.88,0.68,0.35,0.72
2020-09-16,603801,51.3,51.5,51.99,50.84,15612,54598154.0,2.22,-0.56,-0.29,0.72
2020-09-17,603801,51.29,52.08,52.98,49.98,28950,102559630.0,5.83,1.13,0.58,1.33
2020-09-18,603801,52.57,52.42,55.02,51.59,32507,118142293.0,6.59,0.65,0.34,1.5
2020-09-21,603801,52.5,51.9,52.76,51.52,22673,80405101.0,2.37,-0.99,-0.52,1.04
2020-09-22,603801,51.27,50.4,52.35,50.38,16511,57652359.0,3.8,-2.89,-1.5,0.76
2020-09-23,603801,50.53,50.4,51.22,49.79,18302,62886430.0,2.84,0.0,0.0,0.84
2020-09-24,603801,50.84,49.13,51.17,48.49,23719,79398562.0,5.32,-2.52,-1.27,1.09
2020-09-25,603801,48.6,47.76,48.86,46.05,49303,158639277.0,5.72,-2.79,-1.37,2.27
2020-09-28,603801,48.02,45.56,49.28,45.49,48754,153648939.0,7.94,-4.61,-2.2,2.24
2020-09-29,603801,45.91,45.76,46.25,44.8,26129,80568840.0,3.18,0.44,0.2,1.2
2020-09-30,603801,46.58,45.81,47.02,45.41,22685,70843924.0,3.52,0.11,0.05,1.04
2020-10-09,603801,45.9,47.25,48.02,45.9,21708,69301573.0,4.63,3.14,1.44,1.0
2020-10-12,603801,47.62,47.13,48.37,46.78,39097,125577383.0,3.37,-0.25,-0.12,1.8
2020-10-13,603801,46.99,50.68,50.68,46.26,40387,132595777.0,9.38,7.53,3.55,1.86
2020-10-14,603801,50.0,49.76,50.82,48.39,49503,166404291.0,4.79,-1.82,-0.92,2.28
2020-10-15,603801,49.28,50.96,51.33,48.75,36860,126347671.0,5.18,2.41,1.2,1.7
2020-10-16,603801,50.25,51.31,51.66,50.1,33406,115941463.0,3.06,0.69,0.35,1.54
2020-10-19,603801,50.84,51.71,52.29,50.24,31101,109327764.0,4.0,0.78,0.4,1.43
2020-10-20,603801,52.35,51.8,52.35,50.96,18000,63153165.0,2.69,0.17,0.09,0.83
2020-10-21,603801,51.79,50.71,52.35,49.7,23266,80336379.0,5.12,-2.1,-1.09,1.07
2020-10-22,603801,51.38,49.98,52.11,48.22,86137,291792304.0,7.67,-1.44,-0.73,3.95
2020-10-23,603801,49.98,48.56,51.52,47.88,59586,203515544.0,7.28,-2.84,-1.42,2.74
2020-10-26,603801,48.16,50.05,50.96,47.3,26991,91129828.0,7.54,3.07,1.49,1.24
2020-10-27,603801,50.68,49.2,50.68,48.7,18595,62198188.0,3.96,-1.7,-0.85,0.85
2020-10-28,603801,48.6,51.38,52.22,48.32,33587,116326708.0,7.93,4.43,2.18,1.54
2020-10-29,603801,50.99,55.08,55.86,50.82,45548,168596715.0,9.81,7.2,3.7,2.09
2020-10-30,603801,55.18,54.76,56.8,54.18,37159,141514079.0,4.76,-0.58,-0.32,1.71
2020-11-02,603801,55.28,56.06,56.63,54.91,29376,112317305.0,3.14,2.37,1.3,1.35
2020-11-03,603801,56.63,54.53,56.69,54.2,26142,98150331.0,4.44,-2.73,-1.53,1.2
2020-11-04,603801,54.87,54.72,55.86,54.04,17084,64027438.0,3.34,0.35,0.19,0.78
2020-11-05,603801,55.22,56.68,57.01,54.88,22792,87597127.0,3.89,3.58,1.96,1.05
2020-11-06,603801,56.89,57.0,57.46,56.07,14716,57140636.0,2.45,0.56,0.32,0.68
2020-11-09,603801,57.35,58.69,59.7,57.35,28024,112592521.0,4.12,2.96,1.69,1.29
2020-11-10,603801,58.24,58.41,59.36,56.69,16219,64313643.0,4.55,-0.48,-0.28,0.74
2020-11-11,603801,58.13,57.36,59.08,56.89,23389,92466325.0,3.75,-1.8,-1.05,1.07
2020-11-12,603801,57.21,56.3,57.82,55.86,16835,65183413.0,3.42,-1.85,-1.06,0.77
2020-11-13,603801,56.0,56.0,56.31,54.39,21705,82082197.0,3.41,-0.53,-0.3,1.0
2020-11-16,603801,56.27,55.72,56.75,54.45,11742,44495838.0,4.11,-0.5,-0.28,0.54
2020-11-17,603801,55.72,56.42,57.82,54.94,18891,72962796.0,5.17,1.26,0.7,0.87
2020-11-18,603801,55.58,56.98,57.26,54.18,21954,83718404.0,5.46,0.99,0.56,1.01
2020-11-19,603801,56.84,58.94,59.6,56.3,24891,99858330.0,5.79,3.44,1.96,1.14
2020-11-20,603801,58.87,61.46,61.86,58.4,22039,91905901.0,5.87,4.28,2.52,1.01
2020-11-23,603801,60.6,63.75,64.25,59.78,19971,85759767.0,7.27,3.73,2.29,0.92
2020-11-24,603801,63.28,62.11,65.15,61.18,19864,85502149.0,6.23,-2.57,-1.64,0.91
2020-11-25,603801,61.65,58.94,62.44,58.4,19709,80850166.0,6.5,-5.1,-3.17,0.9
2020-11-26,603801,58.97,57.95,59.36,57.42,12764,50840708.0,3.29,-1.68,-0.99,0.59
2020-11-27,603801,58.64,57.1,58.64,56.28,17932,69893124.0,4.07,-1.47,-0.85,0.82
2020-11-30,603801,58.05,55.92,58.05,54.93,31597,120475038.0,5.46,-2.07,-1.18,1.45
2020-12-01,603801,56.12,55.14,56.34,54.25,44942,169010354.0,3.74,-1.39,-0.78,2.06
2020-12-02,603801,54.88,55.18,55.79,54.6,16866,63579432.0,2.16,0.07,0.04,0.77
2020-12-03,603801,54.09,55.51,56.23,54.07,19133,72498236.0,3.91,0.6,0.33,0.88
2020-12-04,603801,55.29,55.18,56.65,54.74,15631,59367882.0,3.44,-0.59,-0.33,0.72
2020-12-07,603801,55.15,54.81,55.44,54.49,9446,35423395.0,1.72,-0.67,-0.37,0.43
2020-12-08,603801,54.66,54.23,55.3,54.21,11890,44358780.0,1.99,-1.06,-0.58,0.55
2020-12-09,603801,54.18,52.78,54.56,52.28,18021,65331589.0,4.2,-2.67,-1.45,0.83
2020-12-10,603801,52.53,51.89,52.91,51.45,12731,45139360.0,2.77,-1.69,-0.89,0.58
2020-12-11,603801,51.89,51.22,52.43,49.98,16488,57520463.0,4.72,-1.29,-0.67,0.76
2020-12-14,603801,51.58,51.54,52.24,50.6,12197,42789041.0,3.2,0.62,0.32,0.56
2020-12-15,603801,51.38,51.13,52.43,50.82,20815,72962915.0,3.12,-0.8,-0.41,0.96
2020-12-16,603801,50.68,49.98,51.89,49.56,23393,80522224.0,4.56,-2.25,-1.15,1.07
2020-12-17,603801,50.42,50.82,50.96,49.35,19594,67102490.0,3.22,1.68,0.84,0.9
2020-12-18,603801,51.08,49.82,51.09,49.63,22855,77998600.0,2.87,-1.97,-1.0,1.05
2020-12-21,603801,49.86,50.56,51.31,49.45,21104,72384251.0,3.73,1.49,0.74,0.97
2020-12-22,603801,50.77,48.15,50.8,47.81,28243,93904593.0,5.91,-4.77,-2.41,1.3
2020-12-23,603801,47.83,47.87,48.7,47.56,18806,61362505.0,2.37,-0.58,-0.28,0.86
2020-12-24,603801,48.26,46.37,48.5,46.3,32721,103771613.0,4.6,-3.13,-1.5,1.5
2020-12-25,603801,46.64,47.06,47.25,46.02,19276,60914910.0,2.65,1.49,0.69,0.89
2020-12-28,603801,46.62,46.2,47.32,45.81,23384,73603762.0,3.21,-1.83,-0.86,1.07
2020-12-29,603801,46.02,47.31,47.73,45.87,19317,61678112.0,4.03,2.4,1.11,0.89
2020-12-30,603801,47.88,48.58,49.2,47.28,23077,76025598.0,4.06,2.68,1.27,1.06
2020-12-31,603801,49.07,50.7,52.08,47.88,41309,143365517.0,8.65,4.36,2.12,1.9
2021-01-04,603801,49.54,47.65,51.38,46.55,60804,200960819.0,9.53,-6.02,-3.05,2.79
2021-01-05,603801,47.87,48.08,50.24,47.51,53936,179565580.0,5.73,0.9,0.43,2.48
2021-01-06,603801,47.97,47.39,48.86,47.04,28742,93123169.0,3.79,-1.44,-0.69,1.32
2021-01-07,603801,47.18,44.94,47.8,44.47,45061,138842106.0,7.03,-5.17,-2.45,2.07
2021-01-08,603801,44.94,45.77,46.33,44.66,34305,105998307.0,3.72,1.85,0.83,1.57
2021-01-11,603801,45.56,45.94,46.9,44.64,23010,71053982.0,4.94,0.37,0.17,1.06
2021-01-12,603801,45.94,45.45,46.69,44.92,32492,100812285.0,3.85,-1.07,-0.49,1.49
2021-01-13,603801,45.55,45.8,46.16,44.2,35416,108134611.0,4.31,0.77,0.35,1.63
2021-01-14,603801,45.78,47.56,48.84,45.43,59027,192011442.0,7.45,3.84,1.76,2.71
2021-01-15,603801,47.7,51.17,51.45,47.7,49170,167197134.0,7.88,7.59,3.61,2.26
2021-01-18,603801,51.24,53.88,54.44,51.17,41767,151939467.0,6.39,5.3,2.71,1.92
2021-01-19,603801,53.58,53.92,54.77,52.97,32327,118964334.0,3.34,0.07,0.04,1.48
2021-01-20,603801,54.17,55.4,55.89,53.2,28192,105276192.0,4.99,2.74,1.48,1.29
2021-01-21,603801,55.37,58.27,58.87,55.21,34777,137904925.0,6.61,5.18,2.87,1.6
2021-01-22,603801,57.99,56.83,58.09,55.58,25721,99861013.0,4.31,-2.47,-1.44,1.18
2021-01-25,603801,56.4,54.66,57.67,53.2,37613,140462986.0,7.87,-3.82,-2.17,1.73
2021-01-26,603801,54.63,55.58,56.55,54.17,22587,85977827.0,4.35,1.68,0.92,1.04
2021-01-27,603801,56.77,57.73,59.5,55.88,39451,156893238.0,6.51,3.87,2.15,1.81
2021-01-28,603801,56.24,55.74,57.88,55.72,26799,104040760.0,3.74,-3.45,-1.99,1.23
2021-01-29,603801,56.09,57.43,58.94,56.09,25063,98817862.0,5.11,3.03,1.69,1.15
2021-02-01,603801,57.12,58.26,59.08,56.28,36482,144080410.0,4.88,1.45,0.83,1.67
2021-02-02,603801,58.51,60.32,62.42,57.7,36351,151031559.0,8.1,3.54,2.06,1.67
2021-02-03,603801,59.64,66.1,66.11,59.6,50632,224107043.0,10.79,9.58,5.78,2.32
2021-02-04,603801,69.58,72.47,72.47,66.52,103853,511338512.0,9.0,9.64,6.37,4.77
2021-02-05,603801,75.8,71.4,78.54,71.0,115954,596720032.0,10.4,-1.48,-1.07,5.32
2021-02-08,603801,72.92,75.34,77.68,71.82,78418,403457296.0,8.21,5.52,3.94,3.6
2021-02-09,603801,74.81,78.43,79.52,74.81,41885,226468819.0,6.25,4.1,3.09,1.92
2021-02-10,603801,78.15,80.99,82.16,78.04,37443,208725122.0,5.25,3.26,2.56,1.72
2021-02-18,603801,80.94,80.2,84.49,79.38,46506,263152928.0,6.31,-0.98,-0.79,2.14
2021-02-19,603801,80.42,81.02,85.64,78.78,50297,284519984.0,8.55,1.02,0.82,2.31
2021-02-22,603801,81.25,73.45,81.25,73.15,76227,397649248.0,10.0,-9.34,-7.57,3.5
2021-02-23,603801,74.2,71.53,75.39,70.77,53750,270337920.0,6.29,-2.61,-1.92,2.47
2021-02-24,603801,72.68,69.44,72.68,68.77,49822,241657839.0,5.47,-2.92,-2.09,2.29
2021-02-25,603801,70.16,69.01,72.65,68.73,46979,226850233.0,5.65,-0.62,-0.43,2.16
2021-02-26,603801,67.75,67.26,69.81,66.43,45336,211585809.0,4.9,-2.54,-1.75,2.08
2021-03-01,603801,67.88,69.43,70.38,66.95,55868,264801921.0,5.1,3.23,2.17,2.57
2021-03-02,603801,68.6,68.13,69.32,67.2,32349,151971156.0,3.05,-1.87,-1.3,1.49
2021-03-03,603801,67.58,70.51,71.17,66.71,46576,223572058.0,6.55,3.49,2.38,2.14
2021-03-04,603801,69.6,69.12,71.81,68.91,47062,228020455.0,4.11,-1.97,-1.39,2.16
2021-03-05,603801,68.44,75.8,75.8,67.67,39745,198602523.0,11.76,9.66,6.68,1.82
2021-03-08,603801,76.58,68.46,76.63,68.46,79045,391675616.0,10.78,-9.68,-7.34,3.63
2021-03-09,603801,66.2,65.22,67.44,63.12,55970,253176400.0,6.31,-4.73,-3.24,2.57
2021-03-10,603801,65.45,66.34,67.61,65.4,39096,178718775.0,3.39,1.72,1.12,1.79
2021-03-11,603801,67.26,72.73,72.73,66.8,47692,234655488.0,8.94,9.63,6.39,2.19
2021-03-12,603801,74.32,72.76,75.14,72.62,41750,212160440.0,3.46,0.04,0.03,1.92
2021-03-15,603801,73.78,71.6,73.78,69.79,29460,144413525.0,5.48,-1.59,-1.16,1.35
2021-03-16,603801,72.1,74.34,74.76,70.56,39805,201555815.0,5.87,3.83,2.74,1.83
2021-03-17,603801,74.61,77.0,78.36,70.0,45836,239280401.0,11.25,3.58,2.66,2.1
2021-03-18,603801,76.86,84.28,84.47,76.09,57682,327071472.0,10.88,9.45,7.28,2.65
2021-03-19,603801,82.51,82.98,85.54,82.04,33718,195453473.0,4.15,-1.54,-1.3,1.55
2021-03-22,603801,82.93,83.58,86.23,81.47,35658,206971047.0,5.74,0.72,0.6,1.64
2021-03-23,603801,84.98,86.82,88.88,82.3,76667,459238256.0,7.87,3.88,3.24,3.52
2021-03-24,603801,88.64,85.47,89.18,82.02,54749,325622544.0,8.25,-1.55,-1.35,2.51
2021-03-25,603801,85.4,84.27,88.78,79.38,71319,414926656.0,11.0,-1.4,-1.2,3.27
2021-03-26,603801,81.25,78.5,82.88,76.16,76043,408891200.0,7.97,-6.85,-5.77,3.49
2021-03-29,603801,78.75,80.41,81.13,77.09,50213,276587952.0,5.15,2.43,1.91,2.31
2021-03-30,603801,81.33,84.0,85.68,80.42,49379,284915584.0,6.54,4.46,3.59,2.27
2021-03-31,603801,82.18,83.16,84.28,81.25,35526,204471454.0,3.61,-1.0,-0.84,1.63
2021-04-01,603801,84.91,86.26,87.18,83.44,29986,177600884.0,4.5,3.73,3.1,1.38
2021-04-02,603801,87.57,84.84,88.55,83.28,30978,183331584.0,6.11,-1.65,-1.42,1.42
2021-04-06,603801,84.56,84.79,88.06,83.63,30491,180988497.0,5.22,-0.06,-0.05,1.4
2021-04-07,603801,86.33,82.91,86.33,81.69,29328,169283779.0,5.47,-2.22,-1.88,1.35
2021-04-08,603801,84.82,87.64,87.67,83.44,44303,264380387.0,5.1,5.7,4.73,2.03
2021-04-09,603801,87.52,88.72,90.3,85.42,39607,241811833.0,5.57,1.23,1.08,1.82
2021-04-12,603801,88.12,80.36,93.94,80.08,86438,497554128.0,15.62,-9.42,-8.36,3.97
2021-04-13,603801,80.5,79.33,83.14,78.4,48067,269462704.0,5.9,-1.28,-1.03,2.21
2021-04-14,603801,80.08,81.48,82.59,78.68,28756,162067704.0,4.93,2.71,2.15,1.32
2021-04-15,603801,81.43,80.34,81.46,75.53,47931,260184722.0,7.28,-1.4,-1.14,2.2
2021-04-16,603801,80.97,78.01,81.41,76.61,34868,188787774.0,5.97,-2.9,-2.33,1.6
2021-04-19,603801,77.91,78.82,80.78,76.02,40775,222089347.0,6.1,1.04,0.81,1.87
2021-04-20,603801,78.08,75.58,78.08,73.57,65635,343879616.0,5.72,-4.11,-3.24,3.01
2021-04-21,603801,77.09,75.81,77.09,74.78,34735,182365169.0,3.06,0.3,0.23,1.59
2021-04-22,603801,75.83,75.37,76.72,75.0,29318,153831400.0,2.27,-0.58,-0.44,1.35
2021-04-23,603801,75.67,74.37,75.88,73.92,17595,90864626.0,2.6,-1.33,-1.0,0.81
2021-04-26,603801,74.29,71.94,74.88,71.24,36287,182077056.0,4.89,-3.27,-2.43,1.67
2021-04-27,603801,71.68,72.13,74.4,71.12,24742,124237861.0,4.56,0.26,0.19,1.14
2021-04-28,603801,72.08,70.91,72.69,70.0,26049,127747981.0,3.73,-1.69,-1.22,1.2
2021-04-29,603801,71.21,70.35,71.66,69.72,19208,93450180.0,2.74,-0.79,-0.56,0.88
2021-04-30,603801,70.68,69.53,72.29,69.05,32119,156167877.0,4.61,-1.17,-0.82,1.47
2021-05-06,603801,69.57,70.97,71.82,67.78,36331,177132112.0,5.81,2.07,1.44,1.67
2021-05-07,603801,70.98,68.46,71.67,68.41,27376,131715474.0,4.59,-3.54,-2.51,1.26
2021-05-10,603801,67.92,68.18,68.81,67.2,27060,127006632.0,2.35,-0.41,-0.28,1.24
2021-05-11,603801,67.15,67.01,68.3,66.39,17018,78546901.0,2.8,-1.72,-1.17,0.78
2021-05-12,603801,67.01,66.63,67.01,65.24,16455,75028213.0,2.64,-0.57,-0.38,0.76
2021-05-13,603801,67.04,65.55,67.15,65.1,15751,71304739.0,3.08,-1.62,-1.08,0.72
2021-05-14,603801,66.08,66.36,66.66,65.24,17246,78519967.0,2.17,1.24,0.81,0.79
2021-05-17,603801,66.64,69.68,69.85,65.72,45484,214532798.0,6.22,5.0,3.32,2.09
2021-05-18,603801,68.2,71.29,72.33,68.06,48752,237935095.0,6.13,2.31,1.61,2.24
2021-05-19,603801,71.5,70.03,72.89,69.91,31072,107100869.0,4.18,-1.77,-1.26,1.02
2021-05-20,603801,69.16,67.62,69.36,66.97,60029,196801571.0,3.41,-3.44,-2.41,1.97
2021-05-21,603801,67.79,69.05,69.91,67.54,36174,120614617.0,3.5,2.11,1.43,1.19
2021-05-24,603801,68.73,70.99,71.67,67.95,36082,123374596.0,5.39,2.81,1.94,1.18
2021-05-25,603801,71.59,74.61,75.28,69.85,55804,198587339.0,7.65,5.1,3.62,1.83
2021-05-26,603801,73.4,74.26,76.12,73.28,46375,168491490.0,3.81,-0.47,-0.35,1.52
2021-05-27,603801,74.26,73.48,75.02,72.69,44354,158989388.0,3.14,-1.05,-0.78,1.46
2021-05-28,603801,73.42,72.38,74.06,71.87,36922,130296866.0,2.98,-1.5,-1.1,1.21
2021-05-31,603801,72.05,72.3,73.28,71.32,34016,119636247.0,2.71,-0.11,-0.08,1.12
2021-06-01,603801,72.24,77.18,77.61,72.06,69557,257221454.0,7.68,6.75,4.88,2.28
2021-06-02,603801,76.87,76.47,77.96,76.02,40714,152607753.0,2.51,-0.92,-0.71,1.34
2021-06-03,603801,76.42,76.91,79.12,74.42,53793,202397014.0,6.15,0.58,0.44,1.77
2021-06-04,603801,76.16,77.2,77.4,75.2,35041,130559091.0,2.86,0.38,0.29,1.15
2021-06-07,603801,76.67,74.4,77.71,73.59,40548,147956002.0,5.34,-3.63,-2.8,1.33
2021-06-08,603801,74.79,74.63,75.59,73.03,36347,131788864.0,3.44,0.31,0.23,1.19
2021-06-09,603801,74.06,74.06,74.63,73.38,28941,104069918.0,1.67,-0.76,-0.57,0.95
2021-06-10,603801,73.93,75.89,76.79,73.26,39765,145194250.0,4.77,2.47,1.83,1.3
2021-06-11,603801,75.91,74.01,76.57,73.85,23388,84582373.0,3.58,-2.48,-1.88,0.77
2021-06-15,603801,73.22,72.79,73.91,71.91,21222,74943135.0,2.7,-1.65,-1.22,0.7
2021-06-16,603801,72.4,71.75,73.63,69.95,22229,77190912.0,5.06,-1.43,-1.04,0.73
2021-06-17,603801,72.12,74.08,74.4,71.73,19142,68264942.0,3.72,3.25,2.33,0.63
2021-06-18,603801,73.73,71.48,74.34,70.77,32111,112059431.0,4.82,-3.51,-2.6,1.05
2021-06-21,603801,71.52,70.46,72.57,69.14,41160,140107543.0,4.8,-1.43,-1.02,1.35
2021-06-22,603801,70.71,70.14,72.57,69.52,31686,108689880.0,4.33,-0.45,-0.32,1.04
2021-06-23,603801,70.73,74.04,75.16,69.95,48880,173161637.0,7.43,5.56,3.9,1.6
2021-06-24,603801,74.06,73.26,74.65,71.87,28000,99370092.0,3.75,-1.05,-0.78,0.92
2021-06-25,603801,73.28,72.1,74.95,71.61,27851,98371886.0,4.56,-1.58,-1.16,0.91
2021-06-28,603801,72.1,71.05,72.5,70.4,25845,89304784.0,2.91,-1.46,-1.05,0.85
2021-06-29,603801,70.95,67.79,71.16,67.42,48629,161140767.0,5.26,-4.59,-3.26,1.6
2021-06-30,603801,67.18,66.15,67.6,65.15,32114,102692207.0,3.61,-2.42,-1.64,1.05
2021-07-01,603801,66.34,67.67,67.79,64.38,38341,122923638.0,5.15,2.3,1.52,1.26
2021-07-02,603801,67.99,65.87,69.26,65.24,46640,151646915.0,5.94,-2.66,-1.8,1.53
2021-07-05,603801,66.5,67.54,67.95,65.83,32865,106747201.0,3.22,2.54,1.67,1.08
2021-07-06,603801,67.5,65.64,67.85,64.24,44193,139599669.0,5.34,-2.81,-1.9,1.45
2021-07-07,603801,65.24,67.42,68.69,64.66,46715,153065166.0,6.14,2.71,1.78,1.53
2021-07-08,603801,68.07,65.42,68.11,65.26,32611,104105304.0,4.23,-2.97,-2.0,1.07
2021-07-09,603801,64.7,66.32,66.97,64.42,23205,73575105.0,3.9,1.38,0.9,0.76
2021-07-12,603801,66.81,66.01,67.2,65.48,18828,60270737.0,2.59,-0.47,-0.31,0.62
2021-07-13,603801,65.64,65.36,66.2,64.07,32010,100274074.0,3.23,-0.98,-0.65,1.05
2021-07-14,603801,65.6,64.56,66.03,64.4,26974,84929484.0,2.49,-1.22,-0.8,0.89
2021-07-15,603801,64.64,62.23,65.17,60.97,60827,181980020.0,6.51,-3.61,-2.33,2.0
2021-07-16,603801,62.3,62.21,63.83,61.48,38140,115753840.0,3.78,-0.03,-0.02,1.25
2021-07-19,603801,62.5,60.79,62.79,60.56,34060,100684036.0,3.58,-2.28,-1.42,1.12
2021-07-20,603801,61.3,60.64,61.58,59.85,29801,86825210.0,2.85,-0.25,-0.15,0.98
2021-07-21,603801,60.81,60.64,61.6,60.34,29277,85896683.0,2.08,0.0,0.0,0.96
2021-07-22,603801,60.58,59.05,60.83,58.85,35692,101919389.0,3.27,-2.62,-1.59,1.17
2021-07-23,603801,59.38,58.44,59.52,57.23,35684,99596549.0,3.88,-1.03,-0.61,1.17
2021-07-26,603801,58.23,56.23,58.23,55.15,36610,98587766.0,5.27,-3.78,-2.21,1.2
2021-07-27,603801,56.42,55.15,57.95,55.15,34943,94510018.0,4.98,-1.92,-1.08,1.15
2021-07-28,603801,54.48,54.25,55.76,51.82,44731,115521548.0,7.14,-1.63,-0.9,1.47
2021-07-29,603801,54.76,54.07,56.13,53.09,43495,112737412.0,5.6,-0.33,-0.18,1.43
2021-07-30,603801,54.07,54.82,55.64,52.92,47587,123753016.0,5.03,1.39,0.75,1.56
2021-08-02,603801,52.9,53.95,54.35,51.43,91830,230389866.0,5.33,-1.59,-0.87,3.01
2021-08-03,603801,53.21,54.52,56.58,53.19,50311,132820556.0,6.28,1.06,0.57,1.65
2021-08-04,603801,54.5,52.31,55.03,52.21,60254,152023782.0,5.17,-4.05,-2.21,1.98
2021-08-05,603801,52.39,52.39,53.43,51.01,50181,125220493.0,4.63,0.15,0.08,1.65
2021-08-06,603801,52.41,50.58,53.09,50.17,39418,95243696.0,5.57,-3.45,-1.81,1.29
2021-08-09,603801,50.6,55.29,55.29,50.6,82519,212889115.0,9.27,9.31,4.71,2.71
2021-08-10,603801,55.86,52.94,56.31,52.7,94733,242171320.0,6.53,-4.25,-2.35,3.11
2021-08-11,603801,53.68,55.25,56.89,52.99,86142,228274414.0,7.37,4.36,2.31,2.83
2021-08-12,603801,55.5,53.5,57.56,53.39,70012,183008627.0,7.55,-3.17,-1.75,2.3
2021-08-13,603801,53.48,52.95,53.99,52.09,42434,107116333.0,3.55,-1.03,-0.55,1.39
2021-08-16,603801,52.9,54.27,54.84,52.13,41451,107055469.0,5.12,2.49,1.32,1.36
2021-08-17,603801,54.31,53.41,55.39,52.86,50384,130248520.0,4.66,-1.58,-0.86,1.65
2021-08-18,603801,53.6,52.56,53.66,51.64,35212,87597028.0,3.78,-1.59,-0.85,1.16
2021-08-19,603801,52.5,51.96,52.97,51.41,29230,72390707.0,2.97,-1.14,-0.6,0.96
2021-08-20,603801,52.09,50.52,52.35,50.33,35170,85009016.0,3.89,-2.77,-1.44,1.15
2021-08-23,603801,51.21,54.07,54.33,50.76,51559,130197405.0,7.07,7.03,3.55,1.69
2021-08-24,603801,54.05,53.19,54.66,52.82,28098,71555628.0,3.4,-1.63,-0.88,0.92
2021-08-25,603801,53.35,53.37,54.01,52.78,20250,51509102.0,2.31,0.34,0.18,0.66
2021-08-26,603801,53.37,51.64,53.37,51.56,23138,57286045.0,3.39,-3.24,-1.73,0.76
2021-08-27,603801,51.52,51.07,52.46,50.8,27939,68271317.0,3.21,-1.1,-0.57,0.92
2021-08-30,603801,51.78,49.7,51.78,49.17,41866,99275501.0,5.11,-2.68,-1.37,1.37
2021-08-31,603801,50.54,50.82,52.05,47.8,83036,197015052.0,8.55,2.25,1.12,2.72
2021-09-01,603801,50.8,49.92,51.23,49.03,54536,129370296.0,4.33,-1.77,-0.9,1.79
2021-09-02,603801,49.47,49.31,50.35,49.02,33942,79623227.0,2.66,-1.22,-0.61,1.11
2021-09-03,603801,49.02,49.31,49.7,48.49,29890,69856742.0,2.45,0.0,0.0,0.98
2021-09-06,603801,49.29,50.84,51.56,48.62,47735,114322279.0,5.96,3.1,1.53,1.57
2021-09-07,603801,50.92,52.29,52.46,50.15,38565,94325358.0,4.54,2.85,1.45,1.27
2021-09-08,603801,52.21,52.45,55.01,51.88,50892,129490141.0,5.99,0.31,0.16,1.67
2021-09-09,603801,51.94,51.76,52.58,51.33,31767,78114959.0,2.38,-1.32,-0.69,1.04
2021-09-10,603801,51.84,51.03,52.11,50.78,18373,44709046.0,2.57,-1.41,-0.73,0.6
2021-09-13,603801,51.03,50.21,51.23,49.96,19049,45429323.0,2.49,-1.61,-0.82,0.63
2021-09-14,603801,50.21,49.92,50.74,49.56,23713,56238554.0,2.35,-0.58,-0.29,0.78
2021-09-15,603801,49.72,49.43,50.27,48.25,31795,73977017.0,4.05,-0.98,-0.49,1.04
2021-09-16,603801,49.45,48.43,49.84,47.96,33899,77857141.0,3.8,-2.02,-1.0,1.11
2021-09-17,603801,48.41,47.09,48.54,47.04,27439,61723315.0,3.1,-2.77,-1.34,0.9
2021-09-22,603801,47.02,46.29,47.23,45.06,54516,118823270.0,4.61,-1.7,-0.8,1.79
2021-09-23,603801,46.66,47.21,48.8,46.29,47522,107747970.0,5.42,1.99,0.92,1.56
2021-09-24,603801,47.25,46.49,47.56,45.9,23438,51422588.0,3.52,-1.53,-0.72,0.77
2021-09-27,603801,46.49,46.68,47.21,46.02,31615,69803293.0,2.56,0.41,0.19,1.04
2021-09-28,603801,46.62,46.7,47.47,45.86,51749,114249945.0,3.45,0.04,0.02,1.7
2021-09-29,603801,46.49,44.68,46.68,44.59,42464,90311173.0,4.48,-4.33,-2.02,1.39
2021-09-30,603801,44.39,45.1,46.33,44.39,30903,66111036.0,4.34,0.94,0.42,1.01
2021-10-08,603801,45.45,46.72,46.98,44.86,41159,89821907.0,4.7,3.59,1.62,1.35
2021-10-11,603801,47.04,46.29,47.04,46.19,29308,64184716.0,1.82,-0.92,-0.43,0.96
2021-10-12,603801,46.02,46.94,47.06,45.35,38698,84898154.0,3.69,1.4,0.65,1.27
2021-10-13,603801,46.82,46.31,46.82,45.88,24237,52866248.0,2.0,-1.34,-0.63,0.8
2021-10-14,603801,46.13,46.08,46.74,45.9,19818,43212852.0,1.81,-0.5,-0.23,0.65
2021-10-15,603801,46.41,45.53,46.41,45.37,26155,56330591.0,2.26,-1.19,-0.55,0.86
2021-10-18,603801,45.7,45.8,46.08,44.74,19850,42282769.0,2.94,0.59,0.27,0.65
2021-10-19,603801,45.62,46.88,47.11,45.62,32213,70866256.0,3.25,2.36,1.08,1.06
2021-10-20,603801,46.88,45.27,47.21,45.15,33981,73657010.0,4.39,-3.43,-1.61,1.11
2021-10-21,603801,45.33,45.55,46.0,45.02,20613,44166852.0,2.16,0.62,0.28,0.68
2021-10-22,603801,45.45,49.03,49.52,45.06,88346,203090742.0,9.79,7.64,3.48,2.89
2021-10-25,603801,48.82,47.13,48.82,46.19,68671,152913431.0,5.36,-3.88,-1.9,2.25
2021-10-26,603801,46.31,46.47,48.19,46.23,41430,92072122.0,4.16,-1.4,-0.66,1.36
2021-10-27,603801,46.47,44.55,46.82,44.08,52575,110865183.0,5.9,-4.13,-1.92,1.72
2021-10-28,603801,44.59,43.14,44.66,42.84,33851,68745454.0,4.09,-3.16,-1.41,1.1
2021-10-29,603801,43.14,42.14,43.15,42.04,43736,86763549.0,2.57,-2.32,-1.0,1.42
2021-11-01,603801,42.23,42.61,43.21,41.72,26463,52940262.0,3.54,1.12,0.47,0.86
2021-11-02,603801,42.78,41.45,43.29,41.29,36318,71561362.0,4.69,-2.72,-1.16,1.18
2021-11-03,603801,41.33,42.19,42.27,41.31,21954,42998241.0,2.32,1.79,0.74,0.71
2021-11-04,603801,42.49,43.21,43.76,41.82,34186,68926140.0,4.6,2.42,1.02,1.11
2021-11-05,603801,43.23,43.21,43.84,42.94,22166,45098053.0,2.08,0.0,0.0,0.72
2021-11-08,603801,42.68,42.9,43.51,42.66,15170,30513671.0,1.97,-0.72,-0.31,0.49
2021-11-09,603801,42.7,42.63,43.29,42.61,17618,35353615.0,1.59,-0.63,-0.27,0.57
2021-11-10,603801,43.04,42.86,43.1,41.9,22395,44434567.0,2.81,0.54,0.23,0.73
2021-11-11,603801,42.72,45.94,46.43,42.63,94979,203622325.0,8.87,7.19,3.08,3.08
2021-11-12,603801,45.8,47.35,47.51,45.21,66072,145383084.0,5.01,3.07,1.41,2.14
2021-11-15,603801,47.33,48.6,49.05,47.02,50022,114366674.0,4.29,2.64,1.25,1.62
2021-11-16,603801,48.58,48.51,49.17,47.86,34140,78562473.0,2.7,-0.19,-0.09,1.11
2021-11-17,603801,48.37,48.09,48.47,47.68,33994,77135468.0,1.63,-0.87,-0.42,1.1
2021-11-18,603801,47.96,46.43,48.35,46.29,29326,64942999.0,4.28,-3.45,-1.66,0.95
2021-11-19,603801,46.43,47.15,47.6,45.45,44466,97560494.0,4.63,1.55,0.72,1.44
2021-11-22,603801,47.11,46.45,47.78,46.23,28028,61669052.0,3.29,-1.48,-0.7,0.91
2021-11-23,603801,46.37,46.94,47.41,46.06,20500,45307624.0,2.91,1.05,0.49,0.66
2021-11-24,603801,46.68,48.19,49.09,46.35,47453,107712919.0,5.84,2.66,1.25,1.54
2021-11-25,603801,48.04,47.6,48.56,47.31,17460,39360260.0,2.59,-1.22,-0.59,0.57
2021-11-26,603801,47.51,46.94,48.07,46.92,18982,42560796.0,2.42,-1.39,-0.66,0.62
2021-11-29,603801,46.62,46.09,47.02,45.35,21220,46319720.0,3.56,-1.81,-0.85,0.69
2021-11-30,603801,46.09,46.15,47.56,45.59,28013,61377261.0,4.27,0.13,0.06,0.91
2021-12-01,603801,46.39,46.58,47.8,46.17,27911,61776001.0,3.53,0.93,0.43,0.9
2021-12-02,603801,46.35,45.41,46.66,45.41,25688,55485670.0,2.68,-2.51,-1.17,0.83
2021-12-03,603801,45.25,44.57,45.8,44.35,30772,64663626.0,3.19,-1.85,-0.84,1.0
2021-12-06,603801,45.17,45.9,48.19,45.17,84335,185333881.0,6.78,2.98,1.33,2.73
2021-12-07,603801,47.8,50.13,50.13,47.6,62231,146613237.0,5.51,9.22,4.23,2.02
2021-12-08,603801,52.03,53.78,54.8,49.84,329471,830906656.0,9.89,7.28,3.65,10.68
2021-12-09,603801,54.27,57.4,58.34,53.78,252593,683716000.0,8.48,6.73,3.62,8.19
2021-12-10,603801,56.05,56.64,57.72,54.88,158134,428126144.0,4.95,-1.32,-0.76,5.13
2021-12-13,603801,56.64,57.11,59.81,55.33,142147,395805360.0,7.91,0.83,0.47,4.61
2021-12-14,603801,57.11,55.44,57.11,54.33,118965,313965616.0,4.87,-2.92,-1.67,3.86
2021-12-15,603801,55.35,55.54,55.86,54.13,88407,232964486.0,3.12,0.18,0.1,2.87
2021-12-16,603801,55.84,56.68,57.89,55.05,65143,176020329.0,5.11,2.05,1.14,2.11
2021-12-17,603801,56.68,57.25,58.33,55.01,74506,202133403.0,5.86,1.01,0.57,2.41
2021-12-20,603801,56.48,55.99,58.05,55.66,48736,131788220.0,4.17,-2.2,-1.26,1.58
2021-12-21,603801,56.01,60.13,60.99,55.68,93122,264428515.0,9.48,7.39,4.14,3.02
2021-12-22,603801,60.34,59.21,60.74,58.03,82841,234585817.0,4.51,-1.53,-0.92,2.69
2021-12-23,603801,59.21,58.87,59.38,57.62,59400,166532722.0,2.97,-0.57,-0.34,1.93
2021-12-24,603801,58.78,60.13,60.64,57.7,51113,146408642.0,4.99,2.14,1.26,1.66
2021-12-27,603801,60.13,65.79,65.79,59.95,104686,323318912.0,9.71,9.41,5.66,3.39
2021-12-28,603801,65.44,65.15,66.13,63.28,105134,328117456.0,4.33,-0.97,-0.64,3.41
2021-12-29,603801,64.81,64.77,66.32,63.28,47731,148528844.0,4.67,-0.58,-0.38,1.55
2021-12-30,603801,64.19,64.07,65.44,62.11,65497,200870963.0,5.14,-1.08,-0.7,2.12
2021-12-31,603801,63.36,63.13,65.24,62.36,62134,190226124.0,4.5,-1.47,-0.94,2.01
2022-01-04,603801,63.3,58.66,64.01,57.85,108880,314167472.0,9.76,-7.08,-4.47,3.53
2022-01-05,603801,58.66,59.32,59.68,55.54,121505,335969104.0,7.06,1.13,0.66,3.94
2022-01-06,603801,58.15,63.09,63.68,57.13,100350,298550048.0,11.04,6.36,3.77,3.25
2022-01-07,603801,62.83,64.26,66.97,61.68,85883,269288336.0,8.38,1.85,1.17,2.78
2022-01-10,603801,63.87,65.11,65.4,62.5,47881,148838872.0,4.51,1.32,0.85,1.55
2022-01-11,603801,64.6,63.48,66.42,63.28,48894,152669016.0,4.82,-2.5,-1.63,1.58
2022-01-12,603801,63.64,63.73,64.64,60.93,68694,207262869.0,5.84,0.39,0.25,2.23
2022-01-13,603801,63.48,57.74,64.07,57.72,78998,226687741.0,9.96,-9.4,-5.99,2.56
2022-01-14,603801,57.62,57.17,59.11,56.58,70566,195352007.0,4.38,-0.99,-0.57,2.29
2022-01-17,603801,57.35,56.21,58.58,55.62,85863,232741489.0,5.18,-1.68,-0.96,2.78
2022-01-18,603801,56.07,59.09,59.52,55.05,74186,206037610.0,7.95,5.12,2.88,2.4
2022-01-19,603801,58.38,60.19,61.85,58.38,60770,176378498.0,5.87,1.86,1.1,1.97
2022-01-20,603801,60.17,59.76,61.87,59.42,60212,175466432.0,4.07,-0.71,-0.43,1.95
2022-01-21,603801,59.4,57.7,59.6,57.21,41484,115290373.0,4.0,-3.45,-2.06,1.34
2022-01-24,603801,58.17,58.38,58.68,57.25,32919,91526537.0,2.48,1.18,0.68,1.07
2022-01-25,603801,58.38,54.9,58.5,54.9,98352,264643024.0,6.17,-5.96,-3.48,3.19
2022-01-26,603801,55.44,55.58,57.11,54.66,44924,119619665.0,4.46,1.24,0.68,1.46
2022-01-27,603801,56.11,54.07,56.15,53.88,29041,75686422.0,4.08,-2.72,-1.51,0.94
2022-01-28,603801,54.48,54.17,55.37,53.33,31795,82348649.0,3.77,0.18,0.1,1.03
2022-02-07,603801,54.17,53.97,54.62,53.07,36472,93779550.0,2.86,-0.37,-0.2,1.18
2022-02-08,603801,53.97,55.91,57.11,53.48,57639,153163155.0,6.73,3.59,1.94,1.87
2022-02-09,603801,56.21,54.5,57.52,54.07,43090,113185146.0,6.17,-2.52,-1.41,1.4
2022-02-10,603801,53.88,54.42,54.62,52.54,46030,117311959.0,3.82,-0.15,-0.08,1.49
2022-02-11,603801,54.15,57.8,59.32,54.07,81732,223024294.0,9.65,6.21,3.38,2.65
2022-02-14,603801,57.17,55.84,57.25,55.37,43974,118174748.0,3.25,-3.39,-1.96,1.43
2022-02-15,603801,56.03,56.15,56.72,55.05,30058,80455844.0,2.99,0.56,0.31,0.97
2022-02-16,603801,57.4,59.32,59.81,56.82,49874,140526790.0,5.33,5.65,3.17,1.62
2022-02-17,603801,59.54,58.93,59.6,56.52,49979,139106930.0,5.19,-0.66,-0.39,1.62
2022-02-18,603801,58.38,58.78,60.13,58.03,27129,76741985.0,3.56,-0.25,-0.15,0.88
2022-02-21,603801,58.78,59.36,59.52,57.4,27156,75971368.0,3.61,0.99,0.58,0.88
2022-02-22,603801,59.36,58.48,59.56,57.8,20959,58844040.0,2.96,-1.48,-0.88,0.68
2022-02-23,603801,58.38,58.42,58.74,57.74,18353,51368506.0,1.71,-0.1,-0.06,0.59
2022-02-24,603801,58.19,59.7,61.62,57.97,52988,152735010.0,6.25,2.19,1.28,1.72
2022-02-25,603801,58.76,59.05,60.76,58.76,27019,77827195.0,3.35,-1.09,-0.65,0.88
2022-02-28,603801,58.89,58.29,59.03,56.95,35715,99526157.0,3.52,-1.29,-0.76,1.16
2022-03-01,603801,57.89,58.87,59.25,57.62,31341,88388145.0,2.8,1.0,0.58,1.02
2022-03-02,603801,58.66,58.54,58.87,57.99,13022,36451917.0,1.49,-0.56,-0.33,0.42
2022-03-03,603801,58.33,58.56,59.21,57.89,26842,75322061.0,2.25,0.03,0.02,0.87
2022-03-04,603801,58.48,58.58,58.76,56.82,28018,77839102.0,3.31,0.03,0.02,0.91
2022-03-07,603801,58.82,59.54,59.56,57.09,33358,93194083.0,4.22,1.64,0.96,1.08
2022-03-08,603801,59.07,56.42,60.54,55.44,32188,89404344.0,8.57,-5.24,-3.12,1.04
2022-03-09,603801,55.72,53.88,56.42,51.52,33505,85763803.0,8.68,-4.5,-2.54,1.09
2022-03-10,603801,55.44,54.29,56.91,54.07,25227,66430751.0,5.27,0.76,0.41,0.82
2022-03-11,603801,53.93,54.66,54.82,52.33,17092,43906427.0,4.59,0.68,0.37,0.55
2022-03-14,603801,55.46,55.39,57.17,54.46,26008,69145734.0,4.96,1.34,0.73,0.84
2022-03-15,603801,55.39,50.19,55.39,50.19,47472,116293165.0,9.39,-9.39,-5.2,1.54
2022-03-16,603801,50.54,50.19,50.9,46.7,67338,155008581.0,8.37,0.0,0.0,2.18
2022-03-17,603801,50.84,54.01,54.84,50.84,47547,121353166.0,7.97,7.61,3.82,1.54
2022-03-18,603801,53.39,54.07,54.84,52.99,19313,49592290.0,3.43,0.11,0.06,0.63
2022-03-21,603801,54.42,53.78,54.76,52.92,20561,52599836.0,3.4,-0.54,-0.29,0.67
2022-03-22,603801,53.43,54.82,56.46,52.76,45852,119824308.0,6.88,1.93,1.04,1.49
2022-03-23,603801,54.7,53.76,54.7,53.37,18447,47453025.0,2.43,-1.93,-1.06,0.6
2022-03-24,603801,53.25,52.17,53.5,51.72,20747,51663443.0,3.31,-2.96,-1.59,0.67
2022-03-25,603801,51.92,51.15,52.9,50.92,13689,33668023.0,3.8,-1.96,-1.02,0.44
2022-03-28,603801,50.41,49.47,51.13,48.6,36384,85239028.0,4.95,-3.28,-1.68,1.18
2022-03-29,603801,49.88,48.27,49.88,48.0,29093,66769952.0,3.8,-2.43,-1.2,0.94
2022-03-30,603801,48.58,51.76,52.39,48.13,59303,141091890.0,8.83,7.23,3.49,1.92
2022-03-31,603801,51.23,53.15,54.74,50.64,56912,144456292.0,7.92,2.69,1.39,1.84
2022-04-01,603801,53.07,53.41,54.17,52.05,29638,75224346.0,3.99,0.49,0.26,0.96
2022-04-06,603801,53.15,56.4,57.33,52.8,76276,203532171.0,8.48,5.6,2.99,2.47
2022-04-07,603801,55.74,55.52,57.5,55.46,33153,89068853.0,3.62,-1.56,-0.88,1.07
2022-04-08,603801,55.68,54.35,55.91,53.48,37198,96925486.0,4.38,-2.11,-1.17,1.21
2022-04-11,603801,54.46,52.68,54.46,52.46,29429,74518122.0,3.68,-3.07,-1.67,0.95
2022-04-12,603801,52.25,51.82,53.09,50.54,37101,90825148.0,4.84,-1.63,-0.86,1.2
2022-04-13,603801,51.8,50.35,51.8,50.25,16623,40025157.0,2.99,-2.84,-1.47,0.54
2022-04-14,603801,50.76,54.23,54.27,50.7,33898,85452920.0,7.09,7.71,3.88,1.1
2022-04-15,603801,53.95,54.97,56.19,52.11,41140,107158100.0,7.52,1.36,0.74,1.33
2022-04-18,603801,54.48,53.5,54.86,52.84,24346,62276762.0,3.67,-2.67,-1.47,0.79
2022-04-19,603801,53.11,51.72,53.5,51.35,20848,51622140.0,4.02,-3.33,-1.78,0.68
2022-04-20,603801,51.99,51.01,52.11,50.41,23363,56578393.0,3.29,-1.37,-0.71,0.76
2022-04-21,603801,50.54,49.17,51.43,48.68,22943,54123619.0,5.39,-3.61,-1.84,0.74
2022-04-22,603801,49.25,50.07,50.9,47.8,24201,56959968.0,6.3,1.83,0.9,0.78
2022-04-25,603801,49.52,47.92,49.56,47.13,23894,54421469.0,4.85,-4.29,-2.15,0.77
2022-04-26,603801,48.07,46.84,48.13,46.02,22291,49257773.0,4.4,-2.25,-1.08,0.72
2022-04-27,603801,45.74,42.59,46.04,42.51,96909,196319529.0,7.54,-9.07,-4.25,3.14
2022-04-28,603801,42.61,41.94,43.1,41.04,44255,86503606.0,4.84,-1.53,-0.65,1.43
2022-04-29,603801,42.1,43.66,43.98,41.31,41113,82487683.0,6.37,4.1,1.72,1.33
2022-05-05,603801,43.49,43.25,44.96,43.04,40921,83906952.0,4.4,-0.94,-0.41,1.33
2022-05-06,603801,42.25,42.19,42.88,41.84,23565,46610374.0,2.4,-2.45,-1.06,0.76
2022-05-09,603801,42.96,41.86,42.96,41.51,19247,37783224.0,3.44,-0.78,-0.33,0.62
2022-05-10,603801,41.06,41.94,41.96,40.37,25264,48795355.0,3.8,0.19,0.08,0.82
2022-05-11,603801,41.7,40.78,42.14,40.51,65575,126464417.0,3.89,-2.77,-1.16,2.13
2022-05-12,603801,40.76,39.96,40.76,39.57,42143,78571911.0,2.92,-2.01,-0.82,1.37
2022-05-13,603801,40.12,40.59,41.16,40.12,45917,86815475.0,2.6,1.58,0.63,1.49
2022-05-16,603801,41.45,41.76,43.19,40.96,79749,156064063.0,5.49,2.88,1.17,2.58
2022-05-17,603801,41.7,42.12,42.21,40.33,46376,88974475.0,4.5,0.86,0.36,1.5
2022-05-18,603801,42.21,42.84,43.63,41.53,60166,120611899.0,4.99,1.71,0.72,1.95
2022-05-19,603801,42.12,42.45,43.17,41.55,43282,85805295.0,3.78,-0.91,-0.39,1.4
2022-05-20,603801,42.47,42.17,42.9,41.53,48833,96066779.0,3.23,-0.66,-0.28,1.58
2022-05-23,603801,41.94,42.9,43.78,41.88,57587,116126229.0,4.51,1.73,0.73,1.87
2022-05-24,603801,43.08,42.1,43.31,42.1,47510,94737996.0,2.82,-1.86,-0.8,1.54
2022-05-25,603801,42.02,43.8,43.84,41.72,45229,90775774.0,5.04,4.04,1.7,1.47
2022-05-26,603801,43.66,43.06,43.76,42.17,42934,86190254.0,3.63,-1.69,-0.74,1.39
2022-05-27,603801,43.06,42.31,43.47,42.16,25412,50907722.0,3.04,-1.74,-0.75,0.82
2022-05-30,603801,42.51,42.37,42.98,42.0,35448,70351705.0,2.32,0.14,0.06,1.15
2022-05-31,603801,42.49,43.21,43.45,41.57,54191,108074378.0,4.44,1.98,0.84,1.76
2022-06-01,603801,43.59,44.7,46.23,43.0,75147,159611443.0,7.48,3.45,1.49,2.44
2022-06-02,603801,45.04,47.29,47.49,44.12,60153,129836583.0,7.54,5.79,2.59,1.95
2022-06-06,603801,47.29,46.31,48.0,45.57,41040,89233467.0,5.14,-2.07,-0.98,1.33
2022-06-07,603801,46.31,45.84,46.68,45.25,21399,46137096.0,3.09,-1.01,-0.47,0.69
2022-06-08,603801,46.0,44.47,46.17,43.88,42507,89133191.0,5.0,-2.99,-1.37,1.38
2022-06-09,603801,44.62,43.51,44.62,43.23,28587,58570321.0,3.13,-2.16,-0.96,0.93
2022-06-10,603801,43.37,44.55,44.9,42.96,29391,61386259.0,4.46,2.39,1.04,0.95
2022-06-13,603801,44.08,43.82,44.84,43.31,25441,52593810.0,3.43,-1.64,-0.73,0.82
2022-06-14,603801,43.8,43.76,43.84,42.47,22927,46466259.0,3.13,-0.14,-0.06,0.74
2022-06-15,603801,43.76,45.68,47.76,43.68,73022,158180031.0,9.32,4.39,1.92,2.37
2022-06-16,603801,45.88,48.56,49.49,45.45,73190,166468585.0,8.84,6.3,2.88,2.37
2022-06-17,603801,48.37,50.41,50.94,48.0,63868,149750372.0,6.05,3.81,1.85,2.07
2022-06-20,603801,50.39,55.09,55.09,50.25,62352,159995917.0,9.6,9.28,4.68,2.02
2022-06-21,603801,56.52,55.05,57.8,53.84,71555,190911443.0,7.19,-0.07,-0.04,2.32
2022-06-22,603801,54.97,54.09,55.54,52.7,63183,162510411.0,5.16,-1.74,-0.96,2.05
2022-06-23,603801,53.68,54.64,55.09,52.29,52598,134808431.0,5.18,1.02,0.55,1.7
2022-06-24,603801,54.46,57.27,57.4,54.33,60544,158167227.0,5.62,4.81,2.63,1.96
2022-06-27,603801,57.31,57.4,58.34,56.74,42801,115580699.0,2.79,0.23,0.13,1.39
2022-06-28,603801,57.6,56.07,57.6,55.44,61193,160833743.0,3.76,-2.32,-1.33,1.98
2022-06-29,603801,55.54,57.5,59.11,55.54,57796,157408763.0,6.37,2.55,1.43,1.87
2022-06-30,603801,57.56,57.56,58.36,56.86,30134,81470814.0,2.61,0.1,0.06,0.98
2022-07-01,603801,57.93,57.11,59.4,56.64,28178,76606364.0,4.79,-0.78,-0.45,0.91
2022-07-04,603801,57.48,58.09,58.38,56.23,27907,74798425.0,3.76,1.72,0.98,0.9
2022-07-05,603801,58.05,55.15,58.09,53.68,59363,152052665.0,7.59,-5.06,-2.94,1.92
2022-07-06,603801,55.54,54.33,55.54,53.19,36812,93105492.0,4.26,-1.49,-0.82,1.19
2022-07-07,603801,54.86,52.72,54.86,52.46,28192,69630858.0,4.42,-2.96,-1.61,0.91
2022-07-08,603801,53.07,51.76,53.58,51.62,17168,41577699.0,3.72,-1.82,-0.96,0.56
2022-07-11,603801,51.78,50.17,51.78,49.72,32658,76140584.0,3.98,-3.07,-1.59,1.06
2022-07-12,603801,50.72,49.31,51.07,48.94,27385,62661624.0,4.25,-1.71,-0.86,0.89
2022-07-13,603801,49.33,50.74,50.84,49.13,28287,65849514.0,3.47,2.9,1.43,0.92
2022-07-14,603801,50.21,48.41,51.25,47.84,62009,139204072.0,6.72,-4.59,-2.33,2.01
2022-07-15,603801,48.43,47.31,48.98,47.21,38143,84211412.0,3.66,-2.27,-1.1,1.24
2022-07-18,603801,47.41,47.51,48.58,47.19,29560,64776884.0,2.94,0.42,0.2,0.96
2022-07-19,603801,47.56,47.8,48.04,47.25,20517,45078495.0,1.66,0.61,0.29,0.66
2022-07-20,603801,47.8,47.7,48.17,47.62,21153,46602990.0,1.15,-0.21,-0.1,0.69
2022-07-21,603801,47.88,46.7,48.47,46.58,28673,62072132.0,3.96,-2.1,-1.0,0.93
2022-07-22,603801,46.76,46.58,47.13,45.39,35892,76119540.0,3.73,-0.26,-0.12,1.16
2022-07-25,603801,46.62,46.58,48.11,46.33,29259,63445243.0,3.82,0.0,0.0,0.95
2022-07-26,603801,46.58,47.8,47.86,46.11,37146,80500119.0,3.76,2.62,1.22,1.2
2022-07-27,603801,47.8,47.45,47.86,46.78,18145,39487877.0,2.26,-0.73,-0.35,0.59
2022-07-28,603801,47.29,47.27,48.15,46.53,29236,63873789.0,3.41,-0.38,-0.18,0.95
2022-07-29,603801,47.23,46.57,47.72,46.23,22262,47633585.0,3.15,-1.48,-0.7,0.72
2022-08-01,603801,46.33,46.9,47.37,45.88,25427,54573163.0,3.2,0.71,0.33,0.83
2022-08-02,603801,46.06,46.04,46.88,45.06,31826,67093338.0,3.88,-1.83,-0.86,1.03
2022-08-03,603801,45.96,44.31,46.66,43.88,53377,109392863.0,6.04,-3.76,-1.73,1.73
2022-08-04,603801,44.27,43.98,44.66,43.06,41340,82285962.0,3.61,-0.74,-0.33,1.34
2022-08-05,603801,44.08,44.51,44.57,43.51,30979,62500428.0,2.41,1.21,0.53,1.01
2022-08-08,603801,44.51,45.15,45.59,44.12,31413,64862230.0,3.3,1.44,0.64,1.02
2022-08-09,603801,45.8,45.35,46.64,44.04,63380,130730617.0,5.76,0.44,0.2,2.06
2022-08-10,603801,45.27,44.41,45.27,44.17,21917,44529483.0,2.43,-2.07,-0.94,0.71
2022-08-11,603801,44.47,44.84,45.27,44.41,30217,62000275.0,1.94,0.97,0.43,0.98
2022-08-12,603801,45.02,44.66,45.25,44.27,26745,54648905.0,2.19,-0.4,-0.18,0.87
2022-08-15,603801,44.59,44.9,45.98,44.29,41838,86124236.0,3.78,0.54,0.24,1.36
2022-08-16,603801,44.94,45.49,45.96,44.94,31334,65046692.0,2.27,1.31,0.59,1.02
2022-08-17,603801,45.7,45.47,45.82,44.66,25908,53645123.0,2.55,-0.04,-0.02,0.84
2022-08-18,603801,45.45,44.47,45.47,44.39,22628,46130598.0,2.38,-2.2,-1.0,0.73
2022-08-19,603801,44.47,44.15,45.19,44.08,26078,52978384.0,2.5,-0.72,-0.32,0.85
2022-08-22,603801,44.06,45.23,46.09,43.59,46126,95331301.0,5.66,2.45,1.08,1.5
2022-08-23,603801,45.23,44.72,45.35,44.1,25941,52926122.0,2.76,-1.13,-0.51,0.84
2022-08-24,603801,44.72,43.68,44.94,43.51,24831,49810012.0,3.2,-2.33,-1.04,0.81
2022-08-25,603801,43.78,45.68,45.84,43.68,62160,128654062.0,4.95,4.58,2.0,2.02
2022-08-26,603801,45.68,45.27,46.8,44.53,45190,94033934.0,4.97,-0.9,-0.41,1.47
2022-08-29,603801,45.29,46.21,47.49,44.66,40327,85581359.0,6.25,2.08,0.94,1.31
2022-08-30,603801,46.43,47.07,47.72,46.27,43845,94905233.0,3.14,1.86,0.86,1.42
2022-08-31,603801,46.92,49.07,49.9,46.33,69343,153098643.0,7.58,4.25,2.0,2.25
2022-09-01,603801,48.62,47.96,50.15,47.8,55459,124796619.0,4.79,-2.26,-1.11,1.8
2022-09-02,603801,47.88,49.49,49.54,46.6,43373,95826121.0,6.13,3.19,1.53,1.41
2022-09-05,603801,48.9,47.53,49.09,46.33,49941,109833476.0,5.58,-3.96,-1.96,1.62
2022-09-06,603801,47.53,48.64,48.98,46.9,35996,80235594.0,4.38,2.34,1.11,1.17
2022-09-07,603801,48.78,48.02,49.17,47.6,22292,49531235.0,3.23,-1.27,-0.62,0.72
2022-09-08,603801,48.09,49.39,50.21,48.02,44341,100701012.0,4.56,2.85,1.37,1.44
2022-09-09,603801,49.66,52.97,53.68,48.78,63757,154706739.0,9.92,7.25,3.58,2.07
2022-09-13,603801,52.58,53.37,55.4,51.86,64677,162961386.0,6.68,0.76,0.4,2.1
2022-09-14,603801,53.07,53.72,54.11,51.92,33805,83444618.0,4.1,0.66,0.35,1.1
2022-09-15,603801,53.74,56.42,56.62,53.46,59194,153968992.0,5.88,5.03,2.7,1.92
2022-09-16,603801,55.64,52.56,55.95,52.21,32312,81095100.0,6.63,-6.84,-3.86,1.05
2022-09-19,603801,52.66,53.93,53.99,51.66,35810,88097394.0,4.43,2.61,1.37,1.16
2022-09-20,603801,53.68,52.52,53.68,51.7,29839,72650080.0,3.67,-2.61,-1.41,0.97
2022-09-21,603801,51.74,51.72,52.46,50.01,25705,61052571.0,4.66,-1.52,-0.8,0.83
2022-09-22,603801,51.43,51.23,51.8,50.37,22402,52892154.0,2.76,-0.95,-0.49,0.73
2022-09-23,603801,50.54,51.56,52.78,50.54,18255,43763454.0,4.37,0.64,0.33,0.59
2022-09-26,603801,50.88,52.78,56.19,49.76,20844,51635099.0,12.47,2.37,1.22,0.68
2022-09-27,603801,52.48,54.39,54.44,50.94,31470,77817173.0,6.63,3.05,1.61,1.02
2022-09-28,603801,53.97,52.54,55.64,52.31,30722,77590909.0,6.12,-3.4,-1.85,1.0
2022-09-29,603801,53.19,51.09,53.29,50.64,21037,50405661.0,5.04,-2.76,-1.45,0.68
2022-09-30,603801,51.6,50.45,52.64,49.6,29885,70379121.0,5.95,-1.25,-0.64,0.97
2022-10-10,603801,50.54,51.54,52.9,50.23,26749,64381218.0,5.29,2.16,1.09,0.87
2022-10-11,603801,51.86,49.86,52.07,49.72,22364,51999764.0,4.56,-3.26,-1.68,0.73
2022-10-12,603801,49.76,48.98,49.76,47.41,23166,51608200.0,4.71,-1.76,-0.88,0.75
2022-10-13,603801,49.33,48.82,49.76,48.0,15343,34553887.0,3.59,-0.33,-0.16,0.5
2022-10-14,603801,48.74,50.94,52.5,48.74,28543,67716395.0,7.7,4.34,2.12,0.92
2022-10-17,603801,50.64,50.72,51.62,50.05,14726,34786494.0,3.08,-0.43,-0.22,0.48
2022-10-18,603801,50.74,49.62,51.68,49.03,22126,51203926.0,5.22,-2.17,-1.1,0.72
2022-10-19,603801,49.07,48.9,49.82,48.19,24974,56333763.0,3.28,-1.45,-0.72,0.81
2022-10-20,603801,48.74,48.6,50.33,48.27,19344,43912169.0,4.21,-0.61,-0.3,0.63
2022-10-21,603801,48.68,48.45,49.15,47.6,17207,38257786.0,3.19,-0.31,-0.15,0.56
2022-10-24,603801,48.19,47.45,49.11,46.55,19272,42373665.0,5.28,-2.06,-1.0,0.62
2022-10-25,603801,47.8,46.31,48.29,46.17,18119,38882060.0,4.47,-2.4,-1.14,0.59
2022-10-26,603801,46.41,46.98,47.9,46.41,17299,37498248.0,3.22,1.45,0.67,0.56
2022-10-27,603801,47.02,47.25,48.11,46.72,12771,27922143.0,2.96,0.57,0.27,0.41
2022-10-28,603801,47.31,45.66,48.37,45.31,17016,36331862.0,6.48,-3.37,-1.59,0.55
2022-10-31,603801,45.68,45.57,46.09,45.35,16750,35090648.0,1.62,-0.2,-0.09,0.54
2022-11-01,603801,45.57,46.55,46.62,45.17,36103,75930897.0,3.18,2.15,0.98,1.17
2022-11-02,603801,46.43,47.09,47.21,45.9,27693,59231800.0,2.81,1.16,0.54,0.9
2022-11-03,603801,46.58,46.35,46.78,46.02,20082,42680359.0,1.61,-1.57,-0.74,0.65
2022-11-04,603801,46.37,47.09,47.8,46.04,29995,64768182.0,3.8,1.6,0.74,0.97
2022-11-07,603801,46.8,48.29,48.6,46.49,25651,56214839.0,4.48,2.55,1.2,0.83
2022-11-08,603801,48.27,47.62,48.29,46.92,20518,44726993.0,2.84,-1.39,-0.67,0.66
2022-11-09,603801,47.6,49.09,49.96,47.43,36230,82124984.0,5.31,3.09,1.47,1.17
2022-11-10,603801,48.39,48.56,48.9,48.02,16077,35814484.0,1.79,-1.08,-0.53,0.52
2022-11-11,603801,49.72,52.95,52.95,49.17,58339,140218977.0,7.78,9.04,4.39,1.89
2022-11-14,603801,55.88,56.33,57.78,55.05,104393,278433271.0,5.16,6.38,3.38,3.38
2022-11-15,603801,56.44,57.48,59.03,55.76,98168,264955673.0,5.81,2.04,1.15,3.18
2022-11-16,603801,57.35,54.93,57.6,54.62,44057,114063874.0,5.18,-4.44,-2.55,1.43
2022-11-17,603801,55.03,54.78,55.42,53.92,25494,64792040.0,2.73,-0.27,-0.15,0.83
2022-11-18,603801,54.97,54.54,55.39,54.09,23245,59338669.0,2.37,-0.44,-0.24,0.75
2022-11-21,603801,54.39,53.84,54.46,52.92,26527,65997693.0,2.82,-1.28,-0.7,0.86
2022-11-22,603801,54.35,54.13,56.15,53.92,36321,92959771.0,4.14,0.54,0.29,1.18
2022-11-23,603801,53.74,55.17,55.78,53.09,29516,75273195.0,4.97,1.92,1.04,0.96
2022-11-24,603801,55.29,56.52,57.44,55.29,28219,74336888.0,3.9,2.45,1.35,0.91
2022-11-25,603801,56.33,57.72,58.15,55.4,37004,99896505.0,4.87,2.12,1.2,1.2
2022-11-28,603801,56.84,57.23,58.4,56.35,27085,72672492.0,3.55,-0.85,-0.49,0.88
2022-11-29,603801,59.29,61.34,61.5,58.29,94887,269737003.0,5.61,7.18,4.11,3.07
2022-11-30,603801,61.21,60.29,61.91,59.64,46636,134084097.0,3.7,-1.71,-1.05,1.51
2022-12-01,603801,61.05,60.89,61.89,59.56,29300,84068398.0,3.86,1.0,0.6,0.95
2022-12-02,603801,60.79,58.91,60.89,57.54,43231,118808022.0,5.5,-3.25,-1.98,1.4
2022-12-05,603801,58.91,61.74,62.81,58.91,71192,204771558.0,6.62,4.8,2.83,2.31
2022-12-06,603801,61.27,60.54,63.68,59.93,31938,92457963.0,6.07,-1.94,-1.2,1.03
2022-12-07,603801,61.28,60.4,61.28,59.27,19801,56195813.0,3.32,-0.23,-0.14,0.64
2022-12-08,603801,60.36,59.8,60.91,59.44,17588,49559164.0,2.43,-0.99,-0.6,0.57
2022-12-09,603801,59.89,61.11,61.91,59.64,31899,91523599.0,3.8,2.19,1.31,1.03
2022-12-12,603801,60.54,59.17,62.34,59.07,26887,76283731.0,5.35,-3.17,-1.94,0.87
2022-12-13,603801,60.11,60.07,60.25,57.6,17493,49030329.0,4.48,1.52,0.9,0.57
2022-12-14,603801,59.56,59.72,60.44,58.97,13081,36722917.0,2.45,-0.58,-0.35,0.42
2022-12-15,603801,60.21,58.68,60.32,58.36,16332,45076319.0,3.28,-1.74,-1.04,0.53
2022-12-16,603801,58.6,59.17,61.68,58.19,20879,58918930.0,5.95,0.84,0.49,0.68
2022-12-19,603801,58.97,59.95,61.05,58.97,23914,67941911.0,3.52,1.32,0.78,0.77
2022-12-20,603801,59.87,59.03,60.05,58.68,22288,62002887.0,2.29,-1.53,-0.92,0.72
2022-12-21,603801,59.17,60.62,60.83,58.58,20557,58074028.0,3.81,2.69,1.59,0.67
2022-12-22,603801,59.99,62.75,64.07,59.99,41485,123258633.0,6.73,3.51,2.13,1.34
2022-12-23,603801,62.34,60.68,62.7,60.03,17196,49300072.0,4.25,-3.3,-2.07,0.56
2022-12-26,603801,60.54,59.36,60.7,59.19,21271,59883251.0,2.49,-2.18,-1.32,0.69
2022-12-27,603801,59.17,61.25,61.87,58.58,19767,56491638.0,5.54,3.18,1.89,0.64
2022-12-28,603801,61.01,58.8,61.01,58.5,25502,70844000.0,4.1,-4.0,-2.45,0.82
2022-12-29,603801,58.38,57.72,58.78,57.4,19605,53357303.0,2.35,-1.84,-1.08,0.63
2022-12-30,603801,57.58,57.36,58.07,56.62,21793,58434049.0,2.51,-0.62,-0.36,0.7
2023-01-03,603801,56.95,56.03,58.46,55.95,30767,82210128.0,4.38,-2.32,-1.33,0.99
2023-01-04,603801,55.54,61.17,61.17,55.46,62971,177121492.0,10.19,9.17,5.14,2.02
2023-01-05,603801,61.19,60.99,61.6,59.58,45476,129731239.0,3.3,-0.29,-0.18,1.46
2023-01-06,603801,61.64,63.26,64.85,61.15,92305,276828261.0,6.07,3.72,2.27,2.96
2023-01-09,603801,64.15,64.73,65.85,62.72,64208,196187332.0,4.95,2.32,1.47,2.06
2023-01-10,603801,64.46,64.75,66.03,63.72,26420,81030265.0,3.57,0.03,0.02,0.85
2023-01-11,603801,65.13,65.24,66.87,63.26,37796,117271934.0,5.58,0.76,0.49,1.21
2023-01-12,603801,64.66,65.13,66.42,64.54,12106,37419343.0,2.88,-0.17,-0.11,0.39
2023-01-13,603801,65.58,69.89,70.28,65.05,59022,192792136.0,8.03,7.31,4.76,1.89
2023-01-16,603801,70.01,68.67,70.01,67.42,60144,196879096.0,3.71,-1.75,-1.22,1.93
2023-01-17,603801,69.01,68.85,69.28,66.66,27820,90292783.0,3.82,0.26,0.18,0.89
2023-01-18,603801,68.44,67.2,69.01,65.93,21730,69096335.0,4.47,-2.4,-1.65,0.7
2023-01-19,603801,67.34,65.58,67.34,65.26,17340,54204029.0,3.1,-2.41,-1.62,0.56
2023-01-20,603801,65.38,65.03,65.93,63.58,53733,163630109.0,3.58,-0.84,-0.55,1.72
2023-01-30,603801,65.4,63.66,66.77,63.44,26053,79291385.0,5.12,-2.11,-1.37,0.84
2023-01-31,603801,63.07,64.07,64.83,63.07,27490,83481871.0,2.76,0.64,0.41,0.88
2023-02-01,603801,64.15,63.81,64.66,62.25,32996,98697545.0,3.76,-0.41,-0.26,1.06
2023-02-02,603801,63.81,65.09,65.69,63.34,32572,100177001.0,3.68,2.01,1.28,1.04
2023-02-03,603801,65.11,63.83,65.26,63.09,27675,83396249.0,3.33,-1.94,-1.26,0.89
2023-02-06,603801,63.4,62.79,63.4,60.62,53996,157446115.0,4.36,-1.63,-1.04,1.73
2023-02-07,603801,62.85,64.09,65.64,62.4,50547,154363856.0,5.16,2.07,1.3,1.62
2023-02-08,603801,63.7,64.21,65.83,63.7,30534,93950016.0,3.32,0.19,0.12,0.98
2023-02-09,603801,64.21,65.62,66.46,63.91,31889,98550307.0,3.97,2.2,1.41,1.02
2023-02-10,603801,66.22,67.03,68.97,64.87,47435,152042449.0,6.25,2.15,1.41,1.52
2023-02-13,603801,67.07,71.36,71.91,66.79,53121,178576350.0,7.64,6.46,4.33,1.7
2023-02-14,603801,71.54,71.63,74.3,70.54,61389,210047519.0,5.27,0.38,0.27,1.97
2023-02-15,603801,71.63,70.73,73.5,70.32,37179,127141460.0,4.44,-1.26,-0.9,1.19
2023-02-16,603801,70.97,69.46,71.77,68.5,29300,98222426.0,4.62,-1.8,-1.27,0.94
2023-02-17,603801,69.46,69.42,71.71,68.67,21650,72447932.0,4.38,-0.06,-0.04,0.69
2023-02-20,603801,69.22,75.46,75.67,69.09,60181,212120794.0,9.48,8.7,6.04,1.93
2023-02-21,603801,76.57,74.57,76.87,73.28,34893,124644100.0,4.76,-1.18,-0.89,1.12
2023-02-22,603801,74.57,74.87,75.93,72.93,25644,91698184.0,4.02,0.4,0.3,0.82
2023-02-23,603801,74.87,73.87,78.18,72.79,39170,139332838.0,7.2,-1.34,-1.0,1.26
2023-02-24,603801,74.22,73.73,74.75,72.32,33907,119268386.0,3.29,-0.19,-0.14,1.09
2023-02-27,603801,73.38,72.3,73.59,71.69,27430,94978033.0,2.58,-1.94,-1.43,0.88
2023-02-28,603801,72.32,72.75,72.97,70.87,25882,88855292.0,2.9,0.62,0.45,0.83
2023-03-01,603801,72.75,74.85,75.38,72.4,27059,95796278.0,4.1,2.89,2.1,0.87
2023-03-02,603801,75.02,74.04,75.44,73.24,18929,67218313.0,2.94,-1.08,-0.81,0.61
2023-03-03,603801,74.26,72.36,74.53,72.05,31106,107802093.0,3.35,-2.27,-1.68,1.0
2023-03-06,603801,72.03,69.75,72.03,68.54,60645,200413317.0,4.82,-3.61,-2.61,1.94
2023-03-07,603801,69.75,68.87,70.44,68.62,23440,77299356.0,2.61,-1.26,-0.88,0.75
2023-03-08,603801,68.24,69.56,70.14,68.16,22084,72927540.0,2.87,1.0,0.69,0.71
2023-03-09,603801,70.28,68.81,70.28,67.79,17007,55457260.0,3.58,-1.08,-0.75,0.55
2023-03-10,603801,68.52,68.18,69.56,67.65,29386,95310304.0,2.78,-0.92,-0.63,0.94
2023-03-13,603801,68.22,67.85,69.18,66.87,29330,94115477.0,3.39,-0.48,-0.33,0.94
2023-03-14,603801,68.01,66.13,68.01,65.17,34307,107541509.0,4.19,-2.54,-1.72,1.1
2023-03-15,603801,66.42,65.5,67.15,65.05,26277,82040541.0,3.18,-0.95,-0.63,0.84
2023-03-16,603801,65.34,64.99,66.11,64.46,19215,59510296.0,2.52,-0.78,-0.51,0.62
2023-03-17,603801,65.09,65.24,66.52,65.01,22597,70247260.0,2.32,0.38,0.25,0.72
2023-03-20,603801,65.24,66.48,67.64,64.3,30492,95665540.0,5.12,1.9,1.24,0.98
2023-03-21,603801,66.66,72.65,72.65,66.48,54503,184238157.0,9.28,9.28,6.17,1.75
2023-03-22,603801,72.57,72.3,74.46,71.81,50779,176300202.0,3.65,-0.48,-0.35,1.63
2023-03-23,603801,72.3,71.36,72.87,70.59,21947,75006794.0,3.15,-1.3,-0.94,0.7
2023-03-24,603801,71.36,69.95,71.59,69.36,23526,78306592.0,3.13,-1.98,-1.41,0.75
2023-03-27,603801,69.65,67.95,69.99,67.2,26608,85963661.0,3.99,-2.86,-2.0,0.85
2023-03-28,603801,67.44,67.83,68.36,66.73,25631,82266010.0,2.4,-0.18,-0.12,0.82
2023-03-29,603801,67.95,67.03,68.3,65.46,34252,108775033.0,4.19,-1.18,-0.8,1.1
2023-03-30,603801,67.03,70.36,71.3,65.5,50606,165524888.0,8.65,4.97,3.33,1.62
2023-03-31,603801,70.14,67.6,70.14,66.26,48077,155091365.0,5.51,-3.92,-2.76,1.54
2023-04-03,603801,67.64,72.44,73.04,67.64,51421,175470915.0,7.99,7.16,4.84,1.65
2023-04-04,603801,72.18,73.04,73.57,70.79,35002,121242252.0,3.84,0.83,0.6,1.12
2023-04-06,603801,72.91,71.93,75.34,71.36,19205,67067856.0,5.45,-1.52,-1.11,0.62
2023-04-07,603801,72.3,76.12,77.16,71.93,37986,137856142.0,7.27,5.83,4.19,1.22
2023-04-10,603801,76.1,76.47,76.69,74.46,23874,86922488.0,2.93,0.46,0.35,0.77
2023-04-11,603801,75.83,78.55,79.51,75.83,26984,101517802.0,4.81,2.72,2.08,0.87
2023-04-12,603801,76.65,75.44,79.38,75.24,34949,127271334.0,5.27,-3.96,-3.11,1.12
2023-04-13,603801,75.42,75.22,76.81,74.28,23463,84628768.0,3.35,-0.29,-0.22,0.75
2023-04-14,603801,75.32,72.57,75.32,71.91,30877,107478218.0,4.53,-3.52,-2.65,0.99
2023-04-17,603801,72.59,71.16,73.85,70.61,34757,118422960.0,4.46,-1.94,-1.41,1.11
2023-04-18,603801,71.1,72.65,74.71,70.54,35755,124206187.0,5.86,2.09,1.49,1.15
2023-04-19,603801,72.91,69.67,72.91,69.07,40207,133567411.0,5.29,-4.1,-2.98,1.29
2023-04-20,603801,69.24,68.73,70.32,68.13,23748,77668845.0,3.14,-1.35,-0.94,0.76
2023-04-21,603801,69.11,68.97,71.99,68.75,35958,120005649.0,4.71,0.35,0.24,1.15
2023-04-24,603801,69.16,67.2,70.34,66.6,29154,93650596.0,5.42,-2.57,-1.77,0.93
2023-04-25,603801,67.18,67.4,68.09,65.05,35410,111851381.0,4.52,0.3,0.2,1.14
2023-04-26,603801,65.17,67.13,67.62,63.05,70352,218414399.0,6.78,-0.4,-0.27,2.26
2023-04-27,603801,66.97,70.48,71.1,66.97,52066,172280222.0,6.15,4.99,3.35,1.67
2023-04-28,603801,69.56,68.83,71.61,67.5,57004,188483547.0,5.83,-2.34,-1.65,1.83
2023-05-04,603801,68.5,69.24,70.22,67.81,30219,99397793.0,3.5,0.6,0.41,0.97
2023-05-05,603801,68.67,68.73,69.16,65.56,44235,141536250.0,5.2,-0.74,-0.51,1.42
2023-05-08,603801,67.97,68.69,69.6,67.32,19873,64704934.0,3.32,-0.06,-0.04,0.64
2023-05-09,603801,68.73,70.44,72.75,68.4,31409,106209919.0,6.33,2.55,1.75,1.01
2023-05-10,603801,69.91,71.5,72.79,69.5,19552,66493637.0,4.67,1.5,1.06,0.63
2023-05-11,603801,70.73,69.58,72.42,69.26,13493,45229870.0,4.42,-2.69,-1.92,0.43
2023-05-12,603801,69.36,70.65,72.3,69.01,19348,65344189.0,4.73,1.54,1.07,0.62
2023-05-15,603801,69.95,71.61,72.24,69.95,14500,49106471.0,3.24,1.36,0.96,0.47
2023-05-16,603801,71.2,70.58,74.02,69.38,27843,94781307.0,6.48,-1.44,-1.03,0.89
2023-05-17,603801,69.65,68.03,70.73,66.87,19251,62534309.0,5.47,-3.61,-2.55,0.62
2023-05-18,603801,68.38,67.42,68.48,67.11,10129,32444098.0,2.01,-0.9,-0.61,0.32
2023-05-19,603801,66.97,67.6,67.77,64.26,34952,108987887.0,5.21,0.27,0.18,1.12
2023-05-22,603801,66.83,68.32,68.62,66.44,14443,46518694.0,3.22,1.07,0.72,0.46
2023-05-23,603801,67.34,67.34,69.05,67.3,11065,35754160.0,2.56,-1.43,-0.98,0.35
2023-05-24,603801,67.16,64.62,67.2,63.7,37699,115373176.0,5.2,-4.04,-2.72,1.21
2023-05-25,603801,64.15,61.4,64.48,60.44,80370,233400712.0,6.25,-4.98,-3.22,2.58
2023-05-26,603801,60.95,60.27,62.56,59.44,45092,128128288.0,5.08,-1.84,-1.13,1.45
2023-05-29,603801,59.99,59.54,60.85,58.99,21587,60501175.0,3.09,-1.21,-0.73,0.69
2023-05-30,603801,59.03,59.76,59.89,58.19,25642,71064609.0,2.86,0.37,0.22,0.82
2023-05-31,603801,59.48,58.11,60.25,57.58,34461,94455346.0,4.47,-2.76,-1.65,1.11
2023-06-01,603801,57.91,56.52,57.97,55.27,73833,194777890.0,4.65,-2.74,-1.59,2.37
2023-06-02,603801,56.35,61.72,61.72,56.21,60897,170411233.0,9.75,9.2,5.2,1.95
2023-06-05,603801,61.74,61.81,63.44,61.03,82859,243920877.0,3.9,0.15,0.09,2.66
2023-06-06,603801,61.79,65.28,66.34,61.52,92494,283840500.0,7.8,5.61,3.47,2.97
2023-06-07,603801,65.44,64.34,67.09,63.77,46043,141891575.0,5.09,-1.44,-0.94,1.48
2023-06-08,603801,64.34,67.6,68.16,63.79,65500,207522099.0,6.79,5.07,3.26,2.12
2023-06-09,603801,67.38,67.07,68.18,65.73,35987,114166507.0,3.62,-0.78,-0.53,1.17
2023-06-12,603801,67.18,69.75,70.69,66.03,37809,124501363.0,6.95,4.0,2.68,1.22
2023-06-13,603801,69.95,69.36,71.91,68.26,37755,125299058.0,5.23,-0.56,-0.39,1.22
2023-06-14,603801,69.91,68.56,69.91,68.38,30577,100301983.0,2.21,-1.15,-0.8,0.99
2023-06-15,603801,68.97,68.44,69.36,67.87,25795,84085012.0,2.17,-0.18,-0.12,0.84
2023-06-16,603801,68.71,69.95,71.71,68.71,53456,179285441.0,4.38,2.21,1.51,1.73
2023-06-19,603801,69.65,67.01,69.65,66.46,42818,136958505.0,4.56,-4.2,-2.94,1.39
2023-06-20,603801,67.01,65.68,67.44,65.36,41589,129695164.0,3.1,-1.98,-1.33,1.35
2023-06-21,603801,65.6,64.73,65.85,64.07,37662,115547568.0,2.71,-1.45,-0.95,1.22
2023-06-26,603801,64.7,64.95,66.22,63.97,38643,119228394.0,3.48,0.34,0.22,1.25
2023-06-27,603801,65.26,70.99,70.99,64.48,58926,194214842.0,10.02,9.3,6.04,1.91
2023-06-28,603801,70.99,72.57,72.89,69.95,58236,198815880.0,4.14,2.23,1.58,1.89
2023-06-29,603801,72.48,70.75,72.48,69.46,41102,138928380.0,4.16,-2.51,-1.82,1.33
2023-06-30,603801,72.73,69.4,74.69,67.75,88612,300011815.0,9.81,-1.91,-1.35,2.05
2023-07-03,603801,69.87,68.16,70.03,66.85,55070,178458462.0,4.58,-1.79,-1.24,1.27
2023-07-04,603801,68.38,66.93,68.38,66.46,41349,131345593.0,2.82,-1.8,-1.23,0.96
2023-07-05,603801,66.94,66.91,67.71,65.73,43934,97219761.0,2.96,-0.03,-0.02,1.02
2023-07-06,603801,67.16,67.38,69.71,66.15,77516,175882406.0,5.32,0.7,0.47,1.79
2023-07-07,603801,67.79,67.22,69.88,66.42,53860,121419129.0,5.14,-0.24,-0.16,1.25
2023-07-10,603801,67.24,65.13,67.24,64.06,54778,117952027.0,4.73,-3.11,-2.09,1.27
2023-07-11,603801,65.27,66.04,67.13,65.21,39025,85329908.0,2.95,1.4,0.91,0.9
2023-07-12,603801,65.71,64.09,67.24,63.84,44843,96031360.0,5.15,-2.95,-1.95,1.04
2023-07-13,603801,64.22,64.44,64.75,63.02,45276,95367742.0,2.7,0.55,0.35,1.05
2023-07-14,603801,64.06,63.4,64.2,62.58,62120,129553343.0,2.51,-1.61,-1.04,1.44
2023-07-17,603801,62.74,62.14,63.24,61.48,33843,69003940.0,2.78,-1.99,-1.26,0.78
2023-07-18,603801,62.14,65.71,65.87,61.29,82215,173797007.0,7.37,5.75,3.57,1.9
2023-07-19,603801,64.5,68.56,68.97,63.73,87463,195599848.0,7.97,4.34,2.85,2.02
2023-07-20,603801,68.31,68.94,70.15,67.98,56339,129660478.0,3.17,0.55,0.38,1.3
2023-07-21,603801,68.62,69.58,69.9,68.04,39812,91753832.0,2.7,0.93,0.64,0.92
2023-07-24,603801,69.63,67.85,69.63,66.01,79910,178477641.0,5.2,-2.49,-1.73,1.85
2023-07-25,603801,71.52,74.02,74.02,69.69,64132,157209136.0,6.38,9.09,6.17,1.48
2023-07-26,603801,73.66,72.24,76.13,71.03,137092,335172235.0,6.89,-2.4,-1.78,3.17
2023-07-27,603801,72.07,70.7,72.51,70.32,51580,122393232.0,3.03,-2.13,-1.54,1.19
2023-07-28,603801,70.62,75.61,76.6,70.62,111730,278642987.0,8.46,6.94,4.91,2.59
2023-07-31,603801,76.98,78.05,81.9,76.96,149697,398344458.0,6.53,3.23,2.44,3.46
2023-08-01,603801,77.45,75.39,77.94,74.65,90455,229927636.0,4.22,-3.41,-2.66,2.09
2023-08-02,603801,75.34,75.15,76.82,74.1,51950,130698928.0,3.61,-0.32,-0.24,1.2
2023-08-03,603801,75.04,75.45,75.86,73.58,55035,138028412.0,3.03,0.4,0.3,1.27
2023-08-04,603801,76.52,75.01,78.49,74.65,48878,124380520.0,5.09,-0.58,-0.44,1.13
2023-08-07,603801,75.15,72.32,75.15,71.66,82137,199007672.0,4.65,-3.59,-2.69,1.9
2023-08-08,603801,72.37,71.5,72.87,71.19,31635,75595660.0,2.32,-1.13,-0.82,0.73
2023-08-09,603801,71.58,71.66,72.51,71.0,34913,83695955.0,2.11,0.22,0.16,0.81
2023-08-10,603801,70.81,72.1,72.32,70.54,44905,107382712.0,2.48,0.61,0.44,1.04
2023-08-11,603801,72.21,71.41,72.73,71.03,36960,88466731.0,2.36,-0.96,-0.69,0.86
2023-08-14,603801,70.62,71.91,72.65,69.66,64681,153089709.0,4.19,0.7,0.5,1.5
2023-08-15,603801,71.91,70.73,72.65,70.12,22712,53699179.0,3.52,-1.64,-1.18,0.53
2023-08-16,603801,70.18,73.17,73.55,69.66,60005,145774243.0,5.5,3.45,2.44,1.39
2023-08-17,603801,72.95,74.38,76.02,71.5,56987,141924102.0,6.18,1.65,1.21,1.32
2023-08-18,603801,74.27,73.06,74.65,72.98,33072,81400326.0,2.25,-1.77,-1.32,0.77
2023-08-21,603801,71.66,70.43,72.98,70.26,34340,81579581.0,3.72,-3.6,-2.63,0.79
2023-08-22,603801,70.65,69.63,71.17,68.56,58809,135946512.0,3.71,-1.14,-0.8,1.36
2023-08-23,603801,69.22,67.98,69.85,67.68,36441,82653245.0,3.12,-2.37,-1.65,0.84
2023-08-24,603801,68.23,67.85,69.16,67.65,24749,56052021.0,2.22,-0.19,-0.13,0.57
2023-08-25,603801,67.85,69.14,70.4,66.06,56404,127607558.0,6.4,1.9,1.29,1.31
2023-08-28,603801,72.62,72.7,73.77,68.34,95821,230864044.0,7.85,5.15,3.56,2.22
2023-08-29,603801,72.57,74.93,75.26,71.36,64446,159439367.0,5.36,3.07,2.23,1.49
2023-08-30,603801,74.82,77.59,78.74,74.62,67823,174409443.0,5.5,3.55,2.66,1.57
2023-08-31,603801,77.34,74.1,77.94,73.83,50715,127719701.0,5.3,-4.5,-3.49,1.17
2023-09-01,603801,75.48,76.82,80.11,75.39,96501,252198580.0,6.37,3.67,2.72,2.23
2023-09-04,603801,76.66,82.28,83.9,76.66,127702,349128988.0,9.42,7.11,5.46,2.95
2023-09-05,603801,81.21,78.44,82.06,78.16,104661,280161237.0,4.74,-4.67,-3.84,2.42
2023-09-06,603801,78.11,77.04,78.11,76.3,51487,133212328.0,2.31,-1.78,-1.4,1.19
2023-09-07,603801,77.31,76.57,78.44,76.3,36117,93189494.0,2.78,-0.61,-0.47,0.84
2023-09-08,603801,76.16,75.48,77.01,74.1,36990,93159434.0,3.8,-1.42,-1.09,0.86
2023-09-11,603801,75.8,74.95,76.3,74.43,33354,84172902.0,2.48,-0.7,-0.53,0.77
2023-09-12,603801,75.09,74.02,75.45,73.28,27987,69289310.0,2.9,-1.24,-0.93,0.65
2023-09-13,603801,73.61,73.72,75.01,72.51,27736,68220065.0,3.38,-0.41,-0.3,0.64
2023-09-14,603801,73.99,73.01,74.1,72.35,17057,41606591.0,2.37,-0.96,-0.71,0.39
2023-09-15,603801,73.25,73.31,74.9,72.73,28032,69006817.0,2.97,0.41,0.3,0.65
2023-09-18,603801,73.8,73.2,74.3,72.02,19381,47552005.0,3.11,-0.15,-0.11,0.45
2023-09-19,603801,73.2,72.51,73.88,71.91,17922,43494348.0,2.69,-0.94,-0.69,0.41
2023-09-20,603801,72.24,72.65,73.01,71.91,13924,33782564.0,1.52,0.19,0.14,0.32
2023-09-21,603801,72.37,72.73,74.79,71.91,34592,84796257.0,3.96,0.11,0.08,0.8
2023-09-22,603801,72.68,72.43,72.76,71.03,27319,65911447.0,2.38,-0.41,-0.3,0.63
2023-09-25,603801,71.94,71.14,72.7,70.81,24041,57261471.0,2.61,-1.78,-1.29,0.56
2023-09-26,603801,71.08,70.62,71.08,69.74,41386,97011443.0,1.88,-0.73,-0.52,0.96
2023-09-27,603801,71.28,69.47,71.44,69.16,41089,95765919.0,3.23,-1.63,-1.15,0.95
2023-09-28,603801,69.85,69.47,70.26,68.89,33172,76661109.0,1.97,0.0,0.0,0.77
2023-10-09,603801,68.67,69.63,69.82,68.12,39668,90965396.0,2.45,0.23,0.16,0.92
2023-10-10,603801,69.63,68.09,70.21,67.63,39789,90374689.0,3.71,-2.21,-1.54,0.92
2023-10-11,603801,68.2,66.47,68.59,65.71,63658,140216463.0,4.23,-2.38,-1.62,1.47
2023-10-12,603801,66.42,65.27,66.97,65.05,48624,105543322.0,2.89,-1.81,-1.2,1.13
2023-10-13,603801,64.36,64.31,65.6,63.43,49052,103915418.0,3.32,-1.47,-0.96,1.14
2023-10-16,603801,64.22,63.57,65.05,63.35,37512,79460200.0,2.64,-1.15,-0.74,0.87
2023-10-17,603801,63.62,63.46,64.47,62.72,27016,56439100.0,2.75,-0.17,-0.11,0.63
2023-10-18,603801,63.15,62.19,63.65,62.17,24696,50874692.0,2.33,-2.0,-1.27,0.57
2023-10-19,603801,61.97,61.78,63.13,61.62,31266,64110017.0,2.43,-0.66,-0.41,0.72
2023-10-20,603801,61.51,61.23,62.25,60.77,40743,82031471.0,2.4,-0.89,-0.55,0.94
2023-10-23,603801,61.34,60.38,61.92,59.83,29843,59471537.0,3.41,-1.39,-0.85,0.69
2023-10-24,603801,60.85,60.63,61.12,60.0,35483,70699642.0,1.85,0.41,0.25,0.82
2023-10-25,603801,61.43,60.55,62.44,60.3,38122,76397448.0,3.53,-0.13,-0.08,0.88
2023-10-26,603801,60.38,59.31,60.41,58.96,36560,71133172.0,2.39,-2.05,-1.24,0.85
2023-10-27,603801,59.4,60.66,61.76,59.04,56152,111919390.0,4.59,2.28,1.35,1.3
2023-10-30,603801,60.6,59.94,60.88,59.59,55011,108222833.0,2.13,-1.19,-0.72,1.27
2023-10-31,603801,60.33,59.42,60.63,58.96,37289,72573931.0,2.79,-0.87,-0.52,0.86
2023-11-01,603801,59.59,59.4,59.92,57.91,65486,126138820.0,3.38,-0.03,-0.02,1.52
2023-11-02,603801,59.31,58.57,59.59,58.54,37257,71717963.0,1.77,-1.4,-0.83,0.86
2023-11-03,603801,58.52,59.26,60.08,58.49,43372,84390861.0,2.71,1.18,0.69,1.0
2023-11-06,603801,59.59,60.66,61.7,59.31,81980,163000618.0,4.03,2.36,1.4,1.9
2023-11-07,603801,61.29,59.92,61.48,59.34,58656,115187493.0,3.53,-1.22,-0.74,1.36
2023-11-08,603801,59.67,60.38,60.63,59.45,56220,110651077.0,1.97,0.77,0.46,1.3
2023-11-09,603801,60.25,59.94,61.15,59.86,37472,74043228.0,2.14,-0.73,-0.44,0.87
2023-11-10,603801,59.94,59.7,60.16,58.76,34996,68029072.0,2.34,-0.4,-0.24,0.81
2023-11-13,603801,59.72,59.42,60.11,59.15,30191,58687614.0,1.61,-0.47,-0.28,0.7
2023-11-14,603801,59.42,59.04,60.22,58.76,40778,79205038.0,2.46,-0.64,-0.38,0.94
2023-11-15,603801,59.78,60.05,60.85,59.42,62885,124344814.0,2.42,1.71,1.01,1.46
2023-11-16,603801,60.08,59.26,60.55,58.65,54062,104541830.0,3.16,-1.32,-0.79,1.25
2023-11-17,603801,59.15,58.68,59.18,58.13,32692,62483691.0,1.77,-0.98,-0.58,0.76
2023-11-20,603801,58.87,57.58,59.26,57.15,83095,157428269.0,3.6,-1.87,-1.1,1.92
2023-11-21,603801,57.58,59.12,60.25,57.58,111962,217227741.0,4.64,2.67,1.54,2.59
2023-11-22,603801,58.74,56.65,58.74,56.54,104713,195091771.0,3.72,-4.18,-2.47,2.42
2023-11-23,603801,56.68,60.0,60.38,56.38,158494,305335348.0,7.06,5.91,3.35,3.67
2023-11-24,603801,60.44,59.64,61.37,58.96,80522,158029925.0,4.02,-0.6,-0.36,1.86
2023-11-27,603801,59.29,59.45,59.78,57.78,92037,176414995.0,3.35,-0.32,-0.19,2.13
2023-11-28,603801,59.29,58.63,59.29,58.08,48231,92197358.0,2.04,-1.38,-0.82,1.12
2023-11-29,603801,58.19,57.58,58.71,57.31,42090,79223259.0,2.39,-1.79,-1.05,0.97
2023-11-30,603801,57.5,57.34,57.8,56.71,39404,73262098.0,1.89,-0.42,-0.24,0.91
2023-12-01,603801,57.09,56.6,57.69,56.27,45131,83337215.0,2.48,-1.29,-0.74,1.04
2023-12-04,603801,56.76,55.0,56.76,54.37,93903,167428687.0,4.22,-2.83,-1.6,2.17
2023-12-05,603801,54.95,53.74,54.95,53.69,49599,87171840.0,2.29,-2.29,-1.26,1.15
2023-12-06,603801,53.74,53.72,53.83,52.97,38682,66823191.0,1.6,-0.04,-0.02,0.9
2023-12-07,603801,53.17,53.66,54.35,52.54,54217,93327006.0,3.37,-0.11,-0.06,1.25
2023-12-08,603801,53.58,52.37,53.8,52.32,49020,83444086.0,2.76,-2.4,-1.29,1.13
2023-12-11,603801,52.15,52.59,52.7,51.0,47224,79373537.0,3.25,0.42,0.22,1.09
2023-12-12,603801,52.81,54.4,54.59,52.45,83014,144410682.0,4.07,3.44,1.81,1.92
2023-12-13,603801,53.93,52.23,54.21,52.15,67371,114688302.0,3.79,-3.99,-2.17,1.56
2023-12-14,603801,52.4,51.74,53.33,51.6,47088,79353622.0,3.31,-0.94,-0.49,1.09
2023-12-15,603801,52.32,53.36,54.07,51.88,111397,192001595.0,4.23,3.13,1.62,2.58
2023-12-18,603801,53.25,51.74,53.25,51.63,59913,100792555.0,3.04,-3.04,-1.62,1.39
2023-12-19,603801,52.1,52.07,52.37,51.74,22901,38344630.0,1.22,0.64,0.33,0.53
2023-12-20,603801,52.15,51.38,52.65,51.38,33046,55018100.0,2.44,-1.33,-0.69,0.76
2023-12-21,603801,51.38,52.07,52.23,50.78,31069,51740460.0,2.82,1.34,0.69,0.72
2023-12-22,603801,51.88,51.38,51.99,51.19,33300,55151318.0,1.54,-1.33,-0.69,0.77
2023-12-25,603801,51.36,50.81,51.57,50.26,30414,49399453.0,2.55,-1.11,-0.57,0.7
2023-12-26,603801,50.81,50.48,50.83,50.31,16816,27232888.0,1.02,-0.65,-0.33,0.39
2023-12-27,603801,50.4,50.01,50.61,49.68,42373,67805167.0,1.84,-0.93,-0.47,0.98
2023-12-28,603801,49.98,52.29,52.81,49.65,74324,123359151.0,6.32,4.56,2.28,1.72
2023-12-29,603801,52.15,52.07,52.65,51.27,52660,88079641.0,2.64,-0.42,-0.22,1.22
2024-01-02,603801,52.7,51.16,52.84,50.92,54528,91076145.0,3.69,-1.75,-0.91,1.26
2024-01-03,603801,51.19,50.97,51.74,50.53,32862,53880156.0,2.37,-0.37,-0.19,0.76
2024-01-04,603801,51.16,50.4,51.16,50.04,39159,63231707.0,2.2,-1.12,-0.57,0.91
2024-01-05,603801,50.01,50.12,51.19,49.68,43989,71145273.0,3.0,-0.56,-0.28,1.02
2024-01-08,603801,50.12,49.02,50.15,49.02,40126,63342354.0,2.25,-2.19,-1.1,0.93
2024-01-09,603801,49.22,49.46,50.45,48.89,56043,88809334.0,3.18,0.9,0.44,1.3
2024-01-10,603801,49.46,49.65,49.9,48.45,51669,81310432.0,2.93,0.38,0.19,1.2
2024-01-11,603801,49.24,49.6,49.71,48.89,59698,94238166.0,1.65,-0.1,-0.05,1.38
2024-01-12,603801,49.63,49.76,50.92,49.27,50589,81170495.0,3.33,0.32,0.16,1.17
2024-01-15,603801,49.35,50.18,50.72,48.91,45150,72365567.0,3.64,0.84,0.42,1.04
2024-01-16,603801,50.23,50.7,51.22,49.82,57810,93820931.0,2.79,1.04,0.52,1.34
2024-01-17,603801,50.67,49.41,51.03,49.41,54680,87931397.0,3.2,-2.54,-1.29,1.27
2024-01-18,603801,49.13,49.0,49.41,47.84,46592,72161545.0,3.18,-0.83,-0.41,1.08
2024-01-19,603801,48.89,48.72,50.01,48.61,41820,65653869.0,2.86,-0.57,-0.28,0.97
2024-01-22,603801,48.39,46.09,48.86,45.92,47850,72199709.0,6.03,-5.4,-2.63,1.11
2024-01-23,603801,46.0,46.66,46.86,45.35,44134,64777942.0,3.28,1.24,0.57,1.02
2024-01-24,603801,46.91,47.29,48.56,45.81,66756,99950221.0,5.89,1.35,0.63,1.54
2024-01-25,603801,47.27,48.5,48.58,46.75,47326,72082336.0,3.87,2.56,1.21,1.1
2024-01-26,603801,48.72,49.63,51.3,48.61,73342,117531913.0,5.55,2.33,1.13,1.7
2024-01-29,603801,49.63,50.45,52.07,49.41,113944,184530510.0,5.36,1.65,0.82,2.64
2024-01-30,603801,49.54,49.19,51.25,48.45,97053,155101079.0,5.55,-2.5,-1.26,2.25
2024-01-31,603801,48.86,46.94,49.82,46.88,88608,134183394.0,5.98,-4.57,-2.25,2.05
2024-02-01,603801,46.58,45.92,47.49,45.79,70401,103716680.0,3.62,-2.17,-1.02,1.63
2024-02-02,603801,45.95,44.74,47.16,43.1,85227,121229451.0,8.84,-2.57,-1.18,1.97
2024-02-05,603801,43.95,42.05,44.47,41.23,91084,121067318.0,7.24,-6.01,-2.69,2.11
2024-02-06,603801,41.72,43.34,44.17,40.6,105722,139193575.0,8.49,3.07,1.29,2.45
2024-02-07,603801,43.1,44.52,45.46,42.77,92225,128782756.0,6.21,2.72,1.18,2.13
2024-02-08,603801,44.58,47.51,47.76,44.58,89933,131847285.0,7.14,6.72,2.99,2.08
2024-02-19,603801,47.82,46.44,48.17,45.46,75664,111300795.0,5.7,-2.25,-1.07,1.75
2024-02-20,603801,46.72,46.39,47.9,45.29,71863,105314072.0,5.62,-0.11,-0.05,1.66
2024-02-21,603801,45.7,48.83,50.42,45.46,136553,211460425.0,10.69,5.26,2.44,3.16
2024-02-22,603801,48.31,48.28,48.91,47.38,77953,119505337.0,3.13,-1.13,-0.55,1.8
2024-02-23,603801,48.28,47.98,48.53,47.35,47699,72534332.0,2.44,-0.62,-0.3,1.1
2024-02-26,603801,47.95,48.72,49.38,47.21,73488,113439771.0,4.52,1.54,0.74,1.7
2024-02-27,603801,48.56,48.8,48.91,47.87,46619,71951109.0,2.13,0.16,0.08,1.08
2024-02-28,603801,48.89,46.64,49.68,46.11,67863,104648595.0,7.32,-4.43,-2.16,1.57
2024-02-29,603801,46.14,47.62,47.76,45.98,66868,100050839.0,3.82,2.1,0.98,1.55
2024-03-01,603801,47.4,47.62,47.9,46.66,46927,70647146.0,2.6,0.0,0.0,1.09
2024-03-04,603801,47.54,47.16,47.62,46.11,61139,90354431.0,3.17,-0.97,-0.46,1.41
2024-03-05,603801,46.31,46.22,46.66,45.7,49717,72677078.0,2.04,-1.99,-0.94,1.15
2024-03-06,603801,46.28,46.06,46.77,45.79,30689,44852650.0,2.12,-0.35,-0.16,0.71
2024-03-07,603801,46.11,45.54,46.75,45.54,38505,56072241.0,2.63,-1.13,-0.52,0.89
2024-03-08,603801,45.32,45.37,45.73,44.91,29535,42225775.0,1.8,-0.37,-0.17,0.68
2024-03-11,603801,45.57,45.87,45.89,45.13,35540,51199079.0,1.68,1.1,0.5,0.82
2024-03-12,603801,47.93,49.85,49.85,47.79,155722,243026194.0,4.49,8.68,3.98,3.6
2024-03-13,603801,50.12,53.08,54.24,50.04,292624,499191044.0,8.43,6.48,3.23,6.77
2024-03-14,603801,53.11,52.32,54.04,51.55,150695,255818674.0,4.69,-1.43,-0.76,3.49
2024-03-15,603801,52.1,51.49,52.54,51.11,63669,105669011.0,2.73,-1.59,-0.83,1.47
2024-03-18,603801,51.74,51.36,52.01,50.72,64383,105764939.0,2.51,-0.25,-0.13,1.49
2024-03-19,603801,51.19,50.61,51.19,49.98,97966,158717603.0,2.36,-1.46,-0.75,2.27
2024-03-20,603801,50.34,50.61,50.7,50.04,61503,99412238.0,1.3,0.0,0.0,1.42
2024-03-21,603801,50.72,49.87,50.83,49.71,59922,96257487.0,2.21,-1.46,-0.74,1.39
2024-03-22,603801,49.68,48.45,49.98,48.39,61669,96384877.0,3.19,-2.85,-1.42,1.43
2024-03-25,603801,48.28,50.29,51.08,48.06,123580,197142519.0,6.23,3.8,1.84,2.86
2024-03-26,603801,50.2,49.74,50.92,48.91,74503,118776898.0,4.0,-1.09,-0.55,1.72
2024-03-27,603801,49.65,49.82,50.72,49.32,84893,136452818.0,2.81,0.16,0.08,1.96
2024-03-28,603801,49.05,50.45,50.94,48.86,96602,155018656.0,4.18,1.26,0.63,2.24
2024-03-29,603801,50.12,49.27,50.37,48.61,64900,102052969.0,3.49,-2.34,-1.18,1.5
2024-04-01,603801,48.89,52.23,52.29,48.89,138217,227035462.0,6.9,6.01,2.96,3.2
2024-04-02,603801,51.49,51.9,52.04,51.05,60990,101254064.0,1.9,-0.63,-0.33,1.41
2024-04-03,603801,51.68,51.68,52.59,51.14,50213,83508939.0,2.79,-0.42,-0.22,1.16
2024-04-08,603801,51.6,49.27,51.6,49.16,77832,124326354.0,4.72,-4.66,-2.41,1.8
2024-04-09,603801,48.91,49.57,49.68,48.34,54490,85581657.0,2.72,0.61,0.3,1.26
2024-04-10,603801,49.41,48.14,49.57,47.62,47040,72643133.0,3.93,-2.88,-1.43,1.09
2024-04-11,603801,47.87,47.21,47.87,46.66,50094,74993286.0,2.51,-1.93,-0.93,1.16
2024-04-12,603801,46.97,47.1,48.56,46.97,56420,85514648.0,3.37,-0.23,-0.11,1.31
2024-04-15,603801,47.07,46.2,47.62,45.35,56955,83427537.0,4.82,-1.91,-0.9,1.32
2024-04-16,603801,46.2,44.77,46.39,44.55,85244,121652694.0,3.98,-3.1,-1.43,1.97
2024-04-17,603801,45.21,45.37,45.79,44.74,93557,133318635.0,2.35,1.34,0.6,2.16
2024-04-18,603801,45.37,45.37,45.79,44.03,91574,130162180.0,3.88,0.0,0.0,2.12
2024-04-19,603801,44.99,44.08,45.26,43.86,85544,119508355.0,3.09,-2.84,-1.29,1.98
2024-04-22,603801,43.92,44.58,45.04,43.56,61943,86843527.0,3.36,1.13,0.5,1.43
2024-04-23,603801,44.71,44.0,45.02,43.92,52881,73682029.0,2.47,-1.3,-0.58,1.22
2024-04-24,603801,43.89,43.89,44.14,43.32,47017,64414547.0,1.86,-0.25,-0.11,1.09
2024-04-25,603801,43.62,45.1,45.43,43.26,82060,115673389.0,4.94,2.76,1.21,1.9
2024-04-26,603801,44.25,45.92,46.53,43.01,144123,202216814.0,7.8,1.82,0.82,3.33
2024-04-29,603801,45.51,48.25,49.05,45.46,126807,191580650.0,7.82,5.07,2.33,2.93
2024-04-30,603801,48.14,46.99,48.42,46.97,59973,90421487.0,3.01,-2.61,-1.26,1.39
2024-05-06,603801,48.04,49.11,50.64,48.04,124899,197714221.0,5.53,4.51,2.12,2.89
2024-05-07,603801,48.86,49.27,49.82,48.58,50506,79344526.0,2.52,0.33,0.16,1.17
2024-05-08,603801,49.13,47.71,49.13,47.62,43956,67586077.0,3.06,-3.17,-1.56,1.02
2024-05-09,603801,47.73,48.86,49.0,47.73,57951,89653161.0,2.66,2.41,1.15,1.34
2024-05-10,603801,48.86,50.29,51.49,48.36,101361,162294134.0,6.41,2.93,1.43,2.35
2024-05-13,603801,49.96,49.05,49.96,48.5,48338,75912600.0,2.9,-2.47,-1.24,1.12
2024-05-14,603801,49.08,49.3,49.57,48.42,43602,68284502.0,2.34,0.51,0.25,1.01
2024-05-15,603801,49.24,50.37,51.66,48.86,70212,113870324.0,5.68,2.17,1.07,1.62
2024-05-16,603801,50.4,54.1,54.81,50.4,228058,393955294.0,8.76,7.41,3.73,5.28
2024-05-17,603801,54.59,57.89,58.19,54.29,306668,558224221.0,7.21,7.01,3.79,7.1
2024-05-20,603801,56.27,57.86,58.6,56.18,170909,320387999.0,4.18,-0.05,-0.03,3.95
2024-05-21,603801,57.31,56.73,58.38,56.43,80587,150152600.0,3.37,-1.95,-1.13,1.86
2024-05-22,603801,56.73,55.31,57.56,54.7,121474,221694622.0,5.04,-2.5,-1.42,2.81
2024-05-23,603801,55.09,54.43,55.31,53.58,96616,169771038.0,3.13,-1.59,-0.88,2.24
2024-05-24,603801,53.8,52.34,54.29,51.88,99691,169000090.0,4.43,-3.84,-2.09,2.31
2024-05-27,603801,52.29,51.38,52.29,49.41,117290,190286676.0,5.5,-1.83,-0.96,2.71
2024-05-28,603801,51.85,50.7,52.56,50.53,67685,112594521.0,3.95,-1.32,-0.68,1.57
2024-05-29,603801,50.37,50.83,51.6,50.37,43562,71263066.0,2.43,0.26,0.13,1.01
2024-05-30,603801,50.42,49.65,50.72,49.46,49993,79907937.0,2.48,-2.32,-1.18,1.16
2024-05-31,603801,49.82,50.45,50.81,49.49,38766,62374499.0,2.66,1.61,0.8,0.9
2024-06-03,603801,50.12,50.5,51.03,49.52,39269,63355226.0,2.99,0.1,0.05,0.91
2024-06-04,603801,50.59,51.36,52.26,49.98,81755,134723019.0,4.51,1.7,0.86,1.89
2024-06-05,603801,50.92,49.43,51.19,49.22,63588,101438439.0,3.84,-3.76,-1.93,1.47
2024-06-06,603801,49.65,47.9,49.68,47.73,69363,106950304.0,3.94,-3.1,-1.53,1.6
2024-06-07,603801,47.98,46.94,48.47,46.64,47015,70572959.0,3.82,-2.0,-0.96,1.09
2024-06-11,603801,46.91,47.54,48.12,45.92,48072,72017485.0,4.69,1.28,0.6,1.11
2024-06-12,603801,47.49,47.6,48.06,47.13,38012,57565883.0,1.96,0.13,0.06,0.88
2024-06-13,603801,47.6,45.62,47.82,45.15,112285,155848642.0,5.61,-4.16,-1.98,2.6
2024-06-14,603801,45.65,46.36,46.53,44.77,46530,64383649.0,3.86,1.62,0.74,1.08
2024-06-17,603801,46.14,46.09,46.39,45.76,30657,42511268.0,1.36,-0.58,-0.27,0.71
2024-06-18,603801,45.92,46.66,46.66,45.79,39366,55021148.0,1.89,1.24,0.57,0.91
2024-06-19,603801,46.47,46.0,46.61,45.87,34086,47371989.0,1.59,-1.41,-0.66,0.79
2024-06-20,603801,45.76,45.59,46.55,45.29,50051,69003167.0,2.74,-0.89,-0.41,1.16
2024-06-21,603801,45.32,45.48,46.14,45.32,26374,36266525.0,1.8,-0.24,-0.11,0.61
2024-06-24,603801,45.29,44.39,46.03,44.3,43010,57716414.0,3.8,-2.4,-1.09,1.0
2024-06-25,603801,44.47,44.63,45.18,44.3,27306,36564430.0,1.98,0.54,0.24,0.63
2024-06-26,603801,44.63,45.26,45.4,44.33,33096,44585719.0,2.4,1.41,0.63,0.77
2024-06-27,603801,45.29,44.11,45.4,43.86,53940,71453771.0,3.4,-2.54,-1.15,1.25
2024-06-28,603801,44.19,43.86,44.41,43.54,42509,55643718.0,1.97,-0.57,-0.25,0.98
2024-07-01,603801,43.86,46.03,46.25,43.73,69674,94647881.0,5.75,4.95,2.17,1.6
2024-07-02,603801,46.03,44.74,46.03,44.61,35011,47548153.0,3.08,-2.8,-1.29,0.81
2024-07-03,603801,44.63,44.36,44.96,44.33,18644,24901372.0,1.41,-0.85,-0.38,0.43
2024-07-04,603801,44.17,43.84,44.66,42.9,45299,58967880.0,3.97,-1.17,-0.52,1.04
2024-07-05,603801,43.43,43.45,43.78,42.85,33169,42698170.0,2.12,-0.89,-0.39,0.76
2024-07-08,603801,43.15,42.14,43.37,41.92,42554,53353830.0,3.34,-3.01,-1.31,0.98
2024-07-09,603801,42.27,40.68,42.49,40.35,129950,155359166.0,5.08,-3.46,-1.46,2.99
2024-07-10,603801,40.38,39.75,40.6,39.03,64168,74647065.0,3.86,-2.29,-0.93,1.48
2024-07-11,603801,39.94,39.75,40.52,39.2,78436,91054532.0,3.32,0.0,0.0,1.81
2024-07-12,603801,39.75,40.71,41.59,39.69,80603,96275940.0,4.78,2.42,0.96,1.86
2024-07-15,603801,40.54,38.82,40.6,38.82,71222,81422110.0,4.37,-4.64,-1.89,1.64
2024-07-16,603801,38.84,38.95,39.25,37.91,50064,56310896.0,3.45,0.33,0.13,1.15
2024-07-17,603801,38.84,39.83,40.02,38.73,64694,74675000.0,3.31,2.26,0.88,1.49
2024-07-18,603801,39.67,40.08,40.32,38.76,48195,55466171.0,3.92,0.63,0.25,1.11
2024-07-19,603801,39.86,39.97,40.24,39.47,31076,36066162.0,1.92,-0.27,-0.11,0.72
2024-07-22,603801,39.89,39.25,40.13,38.98,36806,42098715.0,2.88,-1.8,-0.72,0.85
2024-07-23,603801,39.36,38.1,39.42,38.1,37510,41875200.0,3.36,-2.93,-1.15,0.86
2024-07-24,603801,38.07,37.72,38.21,37.09,48617,52531446.0,2.94,-1.0,-0.38,1.12
2024-07-25,603801,37.75,37.99,38.51,37.61,30666,33668810.0,2.39,0.72,0.27,0.71
2024-07-26,603801,38.16,38.35,39.03,38.16,29663,33033891.0,2.29,0.95,0.36,0.68
2024-07-29,603801,38.43,37.72,38.43,37.5,29854,32346652.0,2.43,-1.64,-0.63,0.69
2024-07-30,603801,37.72,37.25,37.72,37.03,53696,57453765.0,1.83,-1.25,-0.47,1.24
2024-07-31,603801,37.31,38.98,38.98,37.14,66064,73225230.0,4.94,4.64,1.73,1.52
2024-08-01,603801,39.23,38.1,39.34,37.91,53115,58742582.0,3.67,-2.26,-0.88,1.22
2024-08-02,603801,37.94,37.75,38.4,37.61,29139,31841615.0,2.07,-0.92,-0.35,0.67
2024-08-05,603801,37.53,37.55,39.01,37.31,53582,58924209.0,4.5,-0.53,-0.2,1.23
2024-08-06,603801,37.88,38.38,38.57,37.83,40153,44187593.0,1.97,2.21,0.83,0.92
2024-08-07,603801,38.18,38.35,38.6,37.72,41550,45660213.0,2.29,-0.08,-0.03,0.96
2024-08-08,603801,38.24,39.12,40.16,38.07,80724,91902391.0,5.45,2.01,0.77,1.86
2024-08-09,603801,39.2,39.25,40.08,39.09,58022,66842630.0,2.53,0.33,0.13,1.34
2024-08-12,603801,38.98,38.43,39.2,38.21,44598,49670084.0,2.52,-2.09,-0.82,1.03
2024-08-13,603801,38.46,37.69,38.57,37.31,59070,63959202.0,3.28,-1.93,-0.74,1.36
2024-08-14,603801,37.69,37.22,37.94,36.65,47031,50022018.0,3.42,-1.25,-0.47,1.08
2024-08-15,603801,37.22,37.31,37.75,36.76,47711,50947584.0,2.66,0.24,0.09,1.1
2024-08-16,603801,37.33,36.18,37.39,36.1,67467,70198042.0,3.46,-3.03,-1.13,1.55
2024-08-19,603801,36.15,36.26,36.43,35.93,32614,33562530.0,1.38,0.22,0.08,0.75
2024-08-20,603801,36.26,35.39,36.35,35.36,38821,39115938.0,2.73,-2.4,-0.87,0.89
2024-08-21,603801,35.47,35.47,35.63,35.14,25225,25255994.0,1.38,0.23,0.08,0.58
2024-08-22,603801,35.39,35.14,35.74,35.0,33522,33326704.0,2.09,-0.93,-0.33,0.77
2024-08-23,603801,35.08,35.0,35.82,34.86,41505,41168206.0,2.73,-0.4,-0.14,0.96
2024-08-26,603801,35.11,35.19,35.66,34.89,46702,46410437.0,2.2,0.54,0.19,1.08
2024-08-27,603801,35.06,34.26,35.19,34.12,67815,65439122.0,3.04,-2.64,-0.93,1.56
2024-08-28,603801,34.29,34.01,34.51,33.79,54081,51547639.0,2.1,-0.73,-0.25,1.25
2024-08-29,603801,33.93,33.96,34.21,33.68,62575,59363453.0,1.56,-0.15,-0.05,1.44
2024-08-30,603801,33.77,34.95,35.69,33.38,127496,124961544.0,6.8,2.92,0.99,2.94
2024-09-02,603801,34.92,33.88,34.92,33.88,79283,75619903.0,2.98,-3.06,-1.07,1.83
2024-09-03,603801,33.77,34.53,34.81,33.63,76509,73855726.0,3.48,1.92,0.65,1.76
2024-09-04,603801,34.67,34.15,35.03,34.1,57126,55037269.0,2.69,-1.1,-0.38,1.32
2024-09-05,603801,34.37,34.7,34.89,34.15,63199,61394406.0,2.17,1.61,0.55,1.46
2024-09-06,603801,34.62,34.01,34.7,33.9,47299,45155828.0,2.31,-1.99,-0.69,1.09
2024-09-09,603801,33.99,33.68,34.1,33.55,43943,41295332.0,1.62,-0.97,-0.33,1.01
2024-09-10,603801,33.71,33.66,33.88,33.14,48358,44823882.0,2.2,-0.06,-0.02,1.11
2024-09-11,603801,33.66,33.85,34.12,33.46,36401,34293121.0,1.96,0.56,0.19,0.84
2024-09-12,603801,33.77,33.49,34.15,33.46,31844,29927989.0,2.04,-1.06,-0.36,0.73
2024-09-13,603801,33.6,32.94,33.68,32.89,35205,32374350.0,2.36,-1.64,-0.55,0.81
2024-09-18,603801,32.92,32.92,33.22,32.26,52930,47671692.0,2.91,-0.06,-0.02,1.22
2024-09-19,603801,33.27,34.48,34.75,33.08,133433,127230164.0,5.07,4.74,1.56,3.07
2024-09-20,603801,34.37,33.93,34.37,33.49,68609,64668847.0,2.55,-1.6,-0.55,1.58
2024-09-23,603801,33.79,34.23,35.14,33.6,71276,68770642.0,4.54,0.88,0.3,1.64
2024-09-24,603801,35.03,35.44,35.55,34.1,115411,113386476.0,4.24,3.53,1.21,2.66
2024-09-25,603801,35.88,35.03,36.35,35.0,135056,136859211.0,3.81,-1.16,-0.41,3.11
2024-09-26,603801,34.97,37.66,37.75,34.73,220788,230315296.0,8.62,7.51,2.63,5.08
2024-09-27,603801,38.71,40.13,40.3,38.4,158763,181526033.0,5.05,6.56,2.47,3.66
2024-09-30,603801,42.68,43.34,43.34,41.31,276258,350066236.0,5.06,8.0,3.21,6.36
2024-10-08,603801,46.75,43.51,46.88,41.45,375039,493514070.0,12.53,0.39,0.17,8.63
2024-10-09,603801,41.64,39.97,41.64,39.97,217825,257961773.0,3.84,-8.14,-3.54,5.01
2024-10-10,603801,39.91,40.38,41.7,39.01,157729,187215626.0,6.73,1.03,0.41,3.63
2024-10-11,603801,40.49,39.42,40.68,38.73,123812,141547939.0,4.83,-2.38,-0.96,2.85
2024-10-14,603801,39.89,41.56,41.72,38.95,180305,214562270.0,7.03,5.43,2.14,4.15
2024-10-15,603801,41.45,40.68,42.3,40.63,104946,128049904.0,4.02,-2.12,-0.88,2.42
2024-10-16,603801,40.46,41.86,43.84,40.43,208041,261418226.0,8.38,2.9,1.18,4.79
2024-10-17,603801,42.49,40.46,42.49,40.3,154825,188153235.0,5.23,-3.34,-1.4,3.56
2024-10-18,603801,40.35,40.43,41.18,39.75,124492,146967027.0,3.53,-0.07,-0.03,2.87
2024-10-21,603801,40.76,41.45,42.63,39.91,160881,195962363.0,6.73,2.52,1.02,3.7
2024-10-22,603801,41.39,43.4,43.92,41.09,176617,225819862.0,6.83,4.7,1.95,4.07
2024-10-23,603801,43.4,42.88,44.47,42.71,131884,171052913.0,4.06,-1.2,-0.52,3.04
2024-10-24,603801,42.57,41.67,43.01,41.45,75751,93822526.0,3.64,-2.82,-1.21,1.74
2024-10-25,603801,41.59,45.04,45.04,41.59,279895,369656270.0,8.28,8.09,3.37,6.44
2024-10-28,603801,45.87,47.27,48.28,45.68,288834,413560239.0,5.77,4.95,2.23,6.65
2024-10-29,603801,47.29,47.38,48.86,46.83,189528,275506641.0,4.29,0.23,0.11,4.36
2024-10-30,603801,46.11,47.82,49.87,46.11,182617,269043532.0,7.94,0.93,0.44,4.2
2024-10-31,603801,47.6,49.11,49.96,46.39,151732,224610665.0,7.47,2.7,1.29,3.49
2024-11-01,603801,48.61,47.49,49.96,46.94,138541,202169885.0,6.15,-3.3,-1.62,3.19
2024-11-04,603801,47.49,45.95,47.49,45.43,115995,161400028.0,4.34,-3.24,-1.54,2.67
2024-11-05,603801,45.95,46.94,47.18,45.1,159006,219038812.0,4.53,2.15,0.99,3.66
2024-11-06,603801,46.39,49.22,49.96,44.88,230924,328551360.0,10.82,4.86,2.28,5.32
2024-11-07,603801,47.93,50.78,51.36,47.57,201409,309824104.0,7.7,3.17,1.56,4.64
2024-11-08,603801,50.5,48.94,50.86,48.61,123359,186645872.0,4.43,-3.62,-1.84,2.84
2024-11-11,603801,48.61,48.39,48.94,47.57,65584,95836137.0,2.8,-1.12,-0.55,1.51
2024-11-12,603801,48.45,48.64,50.18,48.06,69841,105043482.0,4.38,0.52,0.25,1.61
2024-11-13,603801,48.58,48.86,49.35,48.09,50066,74679671.0,2.59,0.45,0.22,1.15
2024-11-14,603801,49.16,47.82,49.43,47.57,53960,79270387.0,3.81,-2.13,-1.04,1.24
2024-11-15,603801,47.62,45.59,48.04,45.54,112137,156671778.0,5.23,-4.66,-2.23,2.58
2024-11-18,603801,45.59,44.71,45.84,44.5,67485,91137623.0,2.94,-1.93,-0.88,1.55
2024-11-19,603801,44.74,44.74,44.99,43.37,82550,108663872.0,3.62,0.07,0.03,1.9
2024-11-20,603801,44.41,44.61,44.71,44.06,48535,64482318.0,1.45,-0.29,-0.13,1.12
2024-11-21,603801,44.63,43.56,44.74,43.29,86787,113409075.0,3.25,-2.35,-1.05,2.0
2024-11-22,603801,43.59,43.29,44.88,43.12,86544,113922898.0,4.04,-0.62,-0.27,1.99
2024-11-25,603801,43.32,43.56,44.5,42.3,81545,104872243.0,5.08,0.62,0.27,1.88
2024-11-26,603801,43.62,43.15,44.55,42.96,69758,90939112.0,3.65,-0.94,-0.41,1.61
2024-11-27,603801,43.15,45.46,45.59,42.14,137722,182206808.0,8.0,5.35,2.31,3.17
2024-11-28,603801,45.73,45.76,46.11,45.15,75965,104547000.0,2.11,0.66,0.3,1.75
2024-11-29,603801,45.65,47.07,47.9,45.62,81433,115598983.0,4.98,2.86,1.31,1.87
2024-12-02,603801,46.94,47.65,48.67,45.98,85617,123033201.0,5.71,1.23,0.58,1.97
2024-12-03,603801,47.62,47.54,48.04,46.25,54654,77995929.0,3.76,-0.23,-0.11,1.26
2024-12-04,603801,47.35,46.66,48.36,46.39,52200,74425389.0,4.14,-1.85,-0.88,1.2
2024-12-05,603801,46.61,45.98,46.61,45.02,67854,93240106.0,3.41,-1.46,-0.68,1.56
2024-12-06,603801,45.89,46.64,47.13,45.57,47999,67553550.0,3.39,1.44,0.66,1.11
2024-12-09,603801,46.47,46.25,47.05,45.84,39010,54475194.0,2.59,-0.84,-0.39,0.9
2024-12-10,603801,48.2,46.55,49.46,46.44,110213,161257718.0,6.53,0.65,0.3,2.54
2024-12-11,603801,46.55,47.43,48.8,46.53,63019,91684983.0,4.88,1.89,0.88,1.45
2024-12-12,603801,47.43,49.68,50.31,46.97,117730,175842638.0,7.04,4.74,2.25,2.71
2024-12-13,603801,49.41,46.58,49.54,46.11,145648,207055934.0,6.9,-6.24,-3.1,3.35
2024-12-16,603801,46.17,45.1,46.39,44.74,92920,126116902.0,3.54,-3.18,-1.48,2.14
2024-12-17,603801,45.02,44.25,45.26,43.84,70178,93436911.0,3.15,-1.88,-0.85,1.62
2024-12-18,603801,44.36,44.17,44.58,43.73,46145,60969924.0,1.92,-0.18,-0.08,1.06
2024-12-19,603801,43.62,43.48,43.75,42.55,56279,72012595.0,2.72,-1.56,-0.69,1.3
2024-12-20,603801,43.51,43.43,43.64,43.1,35023,45264231.0,1.24,-0.11,-0.05,0.81
2024-12-23,603801,43.37,43.01,43.84,42.93,40819,52673435.0,2.1,-0.97,-0.42,0.94
2024-12-24,603801,43.04,44.28,44.41,43.04,62603,82082280.0,3.19,2.95,1.27,1.44
2024-12-25,603801,44.41,43.84,44.55,43.29,42000,54917132.0,2.85,-0.99,-0.44,0.97
2024-12-26,603801,43.75,43.86,44.14,43.4,34158,44617994.0,1.69,0.05,0.02,0.79
2024-12-27,603801,43.84,44.14,44.61,43.56,36872,48712058.0,2.39,0.64,0.28,0.85
2024-12-30,603801,44.14,43.34,44.22,43.29,35287,46040375.0,2.11,-1.81,-0.8,0.81
2024-12-31,603801,43.34,43.12,44.0,43.04,38022,49205639.0,2.22,-0.51,-0.22,0.88
2025-01-02,603801,43.12,42.55,43.86,42.11,54638,69941826.0,4.06,-1.32,-0.57,1.26
2025-01-03,603801,42.68,40.27,42.79,39.91,92505,111686574.0,6.77,-5.36,-2.28,2.13
2025-01-06,603801,40.49,40.63,41.39,39.78,58912,70123468.0,4.0,0.89,0.36,1.36
2025-01-07,603801,40.21,40.68,41.23,40.21,31262,37349325.0,2.51,0.12,0.05,0.72
2025-01-08,603801,40.54,40.11,40.68,39.53,44960,52466424.0,2.83,-1.4,-0.57,1.04
2025-01-09,603801,39.97,39.97,40.13,39.58,27581,32094456.0,1.37,-0.35,-0.14,0.63
2025-01-10,603801,39.97,38.32,40.08,38.29,57387,64771207.0,4.48,-4.13,-1.65,1.32
2025-01-13,603801,38.29,38.98,38.98,37.75,50528,56474769.0,3.21,1.72,0.66,1.16
2025-01-14,603801,39.09,39.67,39.67,38.71,70763,80393194.0,2.46,1.77,0.69,1.63
2025-01-15,603801,39.61,39.34,40.11,39.09,57580,66105954.0,2.57,-0.83,-0.33,1.33
2025-01-16,603801,39.47,39.61,40.19,39.25,41659,48192573.0,2.39,0.69,0.27,0.96
2025-01-17,603801,39.58,39.36,39.91,38.71,43738,49940835.0,3.03,-0.63,-0.25,1.01
2025-01-20,603801,39.47,39.86,40.19,39.39,46740,54304428.0,2.03,1.27,0.5,1.08
2025-01-21,603801,40.16,40.13,40.71,39.56,62367,73128061.0,2.89,0.68,0.27,1.44
2025-01-22,603801,39.75,38.46,40.0,38.35,101637,114187903.0,4.11,-4.16,-1.67,2.34
2025-01-23,603801,38.73,38.65,39.28,38.49,55520,62618255.0,2.05,0.49,0.19,1.28
2025-01-24,603801,38.6,39.25,39.34,38.49,42720,48321177.0,2.2,1.55,0.6,0.98
2025-01-27,603801,39.56,39.72,40.24,39.56,36897,42898040.0,1.73,1.2,0.47,0.85
2025-02-05,603801,39.75,38.95,39.8,38.76,43720,49610260.0,2.62,-1.94,-0.77,1.01
2025-02-06,603801,38.82,39.45,39.45,38.57,40332,45699008.0,2.26,1.28,0.5,0.93
2025-02-07,603801,39.36,40.02,40.43,39.2,70670,82549402.0,3.12,1.44,0.57,1.63
2025-02-10,603801,40.0,40.08,40.41,39.56,66647,77947723.0,2.12,0.15,0.06,1.53
2025-02-11,603801,40.35,40.05,40.49,39.91,62660,73550823.0,1.45,-0.07,-0.03,1.44
2025-02-12,603801,39.89,39.56,40.16,38.82,90399,103443739.0,3.35,-1.22,-0.49,2.08
2025-02-13,603801,39.39,40.76,41.59,39.28,148808,177930766.0,5.84,3.03,1.2,3.43
2025-02-14,603801,40.76,40.24,40.87,40.05,65964,77839681.0,2.01,-1.28,-0.52,1.52
2025-02-17,603801,40.24,41.23,41.45,40.11,97329,116251523.0,3.33,2.46,0.99,2.24
2025-02-18,603801,40.96,40.21,41.2,40.0,73151,86479656.0,2.91,-2.47,-1.02,1.68
2025-02-19,603801,40.08,40.13,40.16,39.67,48071,55985158.0,1.22,-0.2,-0.08,1.11
2025-02-20,603801,40.21,40.16,40.3,39.83,42857,50093677.0,1.17,0.07,0.03,0.99
2025-02-21,603801,40.16,40.08,40.35,39.31,78167,90872687.0,2.59,-0.2,-0.08,1.8
2025-02-24,603801,40.08,40.32,40.54,39.83,63948,75202616.0,1.77,0.6,0.24,1.47
2025-02-25,603801,39.97,39.58,40.3,39.5,53864,62501348.0,1.98,-1.84,-0.74,1.24
2025-02-26,603801,39.69,39.86,40.54,39.61,54606,63635867.0,2.35,0.71,0.28,1.26
2025-02-27,603801,39.89,42.57,42.74,39.8,189171,230055452.0,7.38,6.8,2.71,4.36
2025-02-28,603801,42.08,41.78,43.18,41.64,81954,102999098.0,3.62,-1.86,-0.79,1.89
2025-03-03,603801,41.78,41.89,42.41,41.18,76327,94019867.0,2.94,0.26,0.11,1.76
2025-03-04,603801,41.89,41.7,42.16,41.31,38225,46924671.0,2.03,-0.45,-0.19,0.88
2025-03-05,603801,41.78,41.37,41.78,40.71,51401,62208203.0,2.57,-0.79,-0.33,1.18
2025-03-06,603801,41.42,41.89,42.36,40.9,64391,79179410.0,3.53,1.26,0.52,1.48
2025-03-07,603801,41.7,42.22,42.82,41.45,50719,63148521.0,3.27,0.79,0.33,1.17
2025-03-10,603801,42.16,42.16,42.55,41.75,41310,51353400.0,1.89,-0.14,-0.06,0.95
2025-03-11,603801,41.92,42.03,42.11,41.28,37928,46593015.0,1.97,-0.31,-0.13,0.87
2025-03-12,603801,42.11,41.34,42.19,41.26,70239,85857425.0,2.21,-1.64,-0.69,1.62
2025-03-13,603801,41.45,41.04,41.64,40.85,44384,53773758.0,1.91,-0.73,-0.3,1.02
2025-03-14,603801,41.53,42.3,42.55,41.39,104095,129087738.0,2.83,3.07,1.26,2.4
2025-03-17,603801,42.71,43.84,43.92,42.55,145951,187114161.0,3.24,3.64,1.54,3.36
2025-03-18,603801,42.49,43.67,43.75,42.36,124056,158738524.0,3.17,-0.39,-0.17,2.86
2025-03-19,603801,43.1,42.88,43.92,42.52,67613,86269630.0,3.21,-1.81,-0.79,1.56
2025-03-20,603801,42.77,42.25,43.23,42.16,38714,48781220.0,2.5,-1.47,-0.63,0.89
2025-03-21,603801,42.11,41.72,42.82,41.56,35164,43537047.0,2.98,-1.25,-0.53,0.81
2025-03-24,603801,41.59,41.2,41.81,40.82,34308,41525471.0,2.37,-1.25,-0.52,0.79
2025-03-25,603801,41.23,41.15,41.37,40.68,28601,34470849.0,1.67,-0.12,-0.05,0.66
2025-03-26,603801,41.07,41.31,41.53,40.96,20577,24982382.0,1.39,0.39,0.16,0.47
2025-03-27,603801,41.31,41.53,41.86,41.12,24360,29815637.0,1.79,0.53,0.22,0.56
2025-03-28,603801,41.56,40.85,41.81,40.76,26604,32181518.0,2.53,-1.64,-0.68,0.61
2025-03-31,603801,40.38,40.3,41.09,40.08,23102,27421257.0,2.47,-1.35,-0.55,0.53
2025-04-01,603801,40.27,40.35,40.82,40.27,20184,23949652.0,1.36,0.12,0.05,0.46
2025-04-02,603801,40.35,39.86,40.57,39.75,42615,49981798.0,2.03,-1.21,-0.49,0.98
2025-04-03,603801,39.58,39.5,40.41,39.31,62151,71729784.0,2.76,-0.9,-0.36,1.43
2025-04-07,603801,37.75,36.35,38.16,36.35,73816,78031060.0,4.58,-7.97,-3.15,1.7
2025-04-08,603801,36.37,38.13,38.49,36.29,95366,101875217.0,6.05,4.9,1.78,2.2
2025-04-09,603801,37.75,38.49,39.06,36.54,101945,111484092.0,6.61,0.94,0.36,2.35
2025-04-10,603801,38.93,38.49,39.06,38.1,61904,69153482.0,2.49,0.0,0.0,1.43
2025-04-11,603801,38.27,37.75,38.46,37.58,52984,57782814.0,2.29,-1.92,-0.74,1.22
2025-04-14,603801,38.02,37.69,38.32,37.64,49827,54350640.0,1.8,-0.16,-0.06,1.15
2025-04-15,603801,37.69,37.83,38.16,37.09,66489,71670093.0,2.84,0.37,0.14,1.53
2025-04-16,603801,37.77,37.5,38.32,37.14,60342,65372373.0,3.12,-0.87,-0.33,1.39
2025-04-17,603801,37.44,40.46,40.46,37.06,141309,161866508.0,9.07,7.89,2.96,3.25
2025-04-18,603801,40.46,39.56,40.49,39.17,106120,121780793.0,3.26,-2.22,-0.9,2.44
2025-04-21,603801,39.69,39.56,39.83,38.93,75368,86589278.0,2.28,0.0,0.0,1.74
2025-04-22,603801,39.34,40.43,40.57,39.06,89537,104506845.0,3.82,2.2,0.87,2.06
2025-04-23,603801,40.38,39.23,40.43,39.17,61272,70739625.0,3.12,-2.97,-1.2,1.41
2025-04-24,603801,39.2,39.94,40.57,38.84,80546,93440737.0,4.41,1.81,0.71,1.85
2025-04-25,603801,39.86,39.28,40.71,39.14,48131,55701251.0,3.93,-1.65,-0.66,1.11
